16 0.475885 0.163651 0.0644472 0.0889515 0.989145
13 0.529334 0.74027 0.0757319 0.0648962 0.988657
13 0.606292 0.605769 0.0869109 0.0395094 0.981656
11 0.664373 0.691686 0.0610565 0.115616 0.975276
22 0.732495 0.774981 0.0736817 0.101382 0.97465
3 0.437023 0.32157 0.10663 0.124766 0.972333
1 0.33347 0.693423 0.164946 0.0688314 0.970243
2 0.232252 0.471615 0.154421 0.125537 0.969574
4 0.693893 0.259302 0.050902 0.155343 0.966794
17 0.357189 0.307789 0.0657383 0.0623171 0.965289
9 0.598442 0.479187 0.0829458 0.123627 0.951669
5 0.580726 0.747134 0.040085 0.127938 0.946609
11 0.395702 0.565466 0.0923381 0.0631301 0.933451
10 0.681539 0.584513 0.0747942 0.11738 0.929935
21 0.500887 0.312701 0.0532761 0.0526458 0.928271
3 0.515114 0.604301 0.0522732 0.157682 0.927629
19 0.783455 0.499057 0.0515604 0.0486677 0.921722
12 0.375958 0.598935 0.0867962 0.0417521 0.917629
15 0.671412 0.781274 0.0705664 0.0528486 0.917184
18 0.36233 0.251195 0.0543612 0.0741681 0.916538
1 0.587787 0.250198 0.0812237 0.216524 0.916269
7 0.742853 0.338349 0.0673489 0.115841 0.913588
0 0.620712 0.396486 0.115871 0.138224 0.906415
15 0.415772 0.42968 0.0405588 0.0981157 0.905044
7 0.513874 0.818001 0.0670204 0.0912258 0.8979
14 0.762275 0.805539 0.051263 0.0959547 0.897074
4 0.293264 0.667927 0.064993 0.160436 0.884231
21 0.757564 0.448118 0.0560297 0.0351402 0.881079
9 0.434023 0.612831 0.0873828 0.0743859 0.878994
17 0.793247 0.546378 0.0649987 0.0508124 0.877314
12 0.527882 0.402478 0.0753685 0.078484 0.877053
2 0.785918 0.312182 0.0806711 0.0891625 0.871595
8 0.509586 0.393315 0.10049 0.12535 0.865344
0 0.567446 0.156238 0.117346 0.142711 0.865211
6 0.550665 0.242197 0.112684 0.066293 0.864857
18 0.718415 0.419395 0.038494 0.0643556 0.861014
16 0.30122 0.290629 0.0390841 0.0968931 0.854604
20 0.526361 0.701517 0.0490203 0.0434478 0.853925
23 0.816884 0.457148 0.0373229 0.0687103 0.821059
20 0.548967 0.621997 0.0333675 0.06169 0.808131
5 0.847185 0.326932 0.0623238 0.12571 0.78385
19 0.612597 0.547475 0.0595999 0.0389957 0.749069
14 0.254065 0.279111 0.0705388 0.0769308 0.707132
6 0.67919 0.361109 0.109013 0.0662796 0.641212
17 0.254362 0.279363 0.0708596 0.0755901 0.580618
21 0.612663 0.546695 0.0592307 0.0382553 0.551948
8 0.538244 0.562262 0.136112 0.0539984 0.517917
3 0.535533 0.561511 0.141522 0.0529545 0.481035
10 0.692862 0.449106 0.0421488 0.121801 0.426397
7 0.546797 0.241147 0.10556 0.068 0.404203
11 0.847003 0.327267 0.0600834 0.125635 0.297777
