0 0.29375 0.29921875 0.03828125 0.26328125
0 0.290625 0.321875 0.1484375 0.07109375
1 0.5796875 0.76875 0.0796875 0.2125
1 0.38203125 0.2625 0.12734375 0.153125
2 0.54140625 0.81328125 0.1203125 0.0875
2 0.2421875 0.66015625 0.05390625 0.17265625
3 0.4859375 0.253125 0.11796875 0.11171875
3 0.184375 0.35234375 0.040625 0.17109375
4 0.66171875 0.75703125 0.115625 0.07421875
4 0.1171875 0.32890625 0.04765625 0.190625
8 0.55078125 0.73671875 0.11015625 0.0921875
8 0.04140625 0.43828125 0.04921875 0.16953125
9 0.16328125 0.5953125 0.0875 0.0921875
9 0.30546875 0.3296875 0.0859375 0.07421875
10 0.95625 0.7390625 0.05625 0.14296875
10 0.54140625 0.7125 0.065625 0.10859375
11 0.65234375 0.51953125 0.053125 0.11875
11 0.2625 0.84453125 0.0875 0.034375
5 0.3859375 0.728125 0.04375 0.1234375
5 0.08359375 0.4515625 0.07890625 0.0671875
6 0.178125 0.6828125 0.09453125 0.05234375
6 0.2796875 0.51953125 0.03515625 0.125
7 0.20390625 0.89453125 0.04921875 0.121875
7 0.1671875 0.7609375 0.0890625 0.04453125
12 0.75703125 0.70546875 0.07109375 0.0625
12 0.28671875 0.8 0.04609375 0.090625
13 0.58046875 0.58828125 0.0640625 0.0609375
13 0.240625 0.48515625 0.065625 0.07265625
14 0.5609375 0.54140625 0.065625 0.05234375
14 0.3640625 0.91640625 0.03515625 0.11875
15 0.31953125 0.41171875 0.0375 0.0875
15 0.25078125 0.2703125 0.025 0.0875
16 0.46953125 0.8171875 0.05859375 0.05234375
16 0.09140625 0.30703125 0.03359375 0.08359375
17 0.2515625 0.1296875 0.0390625 0.08203125
17 0.15234375 0.33984375 0.02890625 0.08359375
18 0.065625 0.59765625 0.03828125 0.08046875
18 0.1203125 0.5 0.02734375 0.07265625
19 0.2671875 0.6140625 0.03515625 0.0671875
19 0.4328125 0.25859375 0.053125 0.04296875
20 0.1640625 0.8734375 0.03359375 0.04921875
20 0.26328125 0.8890625 0.02734375 0.0578125
21 0.37421875 0.65625 0.040625 0.03984375
21 0.278125 0.27890625 0.0359375 0.04140625
22 0.18046875 0.57421875 0.0734375 0.121875
23 0.56796875 0.34375 0.03515625 0.07890625