0 0.41640625 0.90078125 0.10234375 0.1515625
0 0.23828125 0.75625 0.17265625 0.1078125
1 0.33046875 0.57890625 0.05390625 0.17890625
1 0.403125 0.53828125 0.04609375 0.1859375
2 0.90390625 0.86328125 0.13515625 0.0890625
2 0.271875 0.27421875 0.12109375 0.08828125
3 0.50625 0.3015625 0.04453125 0.13828125
3 0.5171875 0.31796875 0.1171875 0.06328125
4 0.19296875 0.9390625 0.1125 0.09921875
4 0.0828125 0.45 0.0578125 0.1484375
8 0.5359375 0.453125 0.1078125 0.05625
8 0.42890625 0.38359375 0.08203125 0.096875
9 0.20703125 0.67421875 0.09296875 0.10546875
9 0.66484375 0.55625 0.08828125 0.06484375
10 0.5859375 0.396875 0.1046875 0.0328125
10 0.74140625 0.4953125 0.09765625 0.05546875
11 0.31015625 0.8921875 0.084375 0.05859375
11 0.19375 0.8734375 0.04453125 0.09921875
5 0.634375 0.08359375 0.07109375 0.1078125
5 0.55859375 0.28203125 0.0875 0.075
6 0.121875 0.7421875 0.07109375 0.06484375
6 0.1953125 0.43359375 0.06484375 0.103125
7 0.25390625 0.19609375 0.10078125 0.046875
7 0.49609375 0.55234375 0.05234375 0.0953125
12 0.65390625 0.45 0.05 0.09453125
12 0.17890625 0.11484375 0.03359375 0.09765625
13 0.7875 0.90234375 0.0578125 0.08671875
13 0.2 0.2609375 0.08125 0.034375
14 0.215625 0.46796875 0.0546875 0.0796875
14 0.2296875 0.1703125 0.0359375 0.0953125
15 0.3171875 0.30390625 0.06484375 0.040625
15 0.4171875 0.62890625 0.028125 0.071875
16 0.57265625 0.57421875 0.065625 0.05625
16 0.1171875 0.3421875 0.03203125 0.09453125
17 0.303125 0.3375 0.0625 0.0328125
17 0.4390625 0.54296875 0.04140625 0.0578125
18 0.60625 0.6890625 0.0546875 0.04921875
18 0.446875 0.59609375 0.0390625 0.05625
19 0.32109375 0.74921875 0.06015625 0.0390625
19 0.259375 0.90546875 0.04140625 0.0609375
20 0.57421875 0.87734375 0.04453125 0.040625
20 0.25390625 0.38984375 0.04140625 0.0578125
21 0.43515625 0.86015625 0.046875 0.0390625
21 0.3453125 0.234375 0.03046875 0.05
22 0.5890625 0.771875 0.06796875 0.084375
23 0.4828125 0.609375 0.03203125 0.05859375