0 0.08046875 0.43125 0.13046875 0.17890625
0 0.7796875 0.471875 0.1984375 0.11171875
1 0.6875 0.759375 0.2546875 0.08359375
1 0.22109375 0.62890625 0.06953125 0.24296875
2 0.53828125 0.7015625 0.2 0.08359375
2 0.81015625 0.346875 0.18515625 0.11015625
3 0.27890625 0.8796875 0.12265625 0.16796875
3 0.56796875 0.25 0.15859375 0.11875
4 0.43984375 0.58984375 0.19375 0.06171875
4 0.4984375 0.27578125 0.13671875 0.1171875
8 0.56796875 0.809375 0.1921875 0.0734375
8 0.59921875 0.48046875 0.09296875 0.09140625
9 0.2421875 0.3953125 0.10546875 0.128125
9 0.49609375 0.084375 0.16328125 0.07890625
10 0.25625 0.2765625 0.09921875 0.14140625
10 0.54609375 0.36171875 0.09765625 0.10859375
11 0.715625 0.48515625 0.10234375 0.1015625
11 0.59921875 0.19921875 0.10546875 0.06484375
5 0.48125 0.771875 0.14609375 0.07578125
5 0.3 0.7140625 0.040625 0.134375
6 0.6828125 0.11171875 0.16953125 0.05078125
6 0.50078125 0.325 0.07890625 0.12578125
7 0.515625 0.93203125 0.10546875 0.1015625
7 0.40078125 0.575 0.08046875 0.0890625
12 0.3 0.83828125 0.10234375 0.09453125
12 0.82421875 0.32890625 0.12421875 0.06484375
13 0.57109375 0.646875 0.11796875 0.046875
13 0.5171875 0.69296875 0.10859375 0.075
14 0.67265625 0.8109375 0.08671875 0.09296875
14 0.434375 0.40625 0.07578125 0.1015625
15 0.1625 0.8953125 0.10390625 0.07734375
15 0.51796875 0.42890625 0.10390625 0.0421875
16 0.4515625 0.82578125 0.08046875 0.08359375
16 0.409375 0.25703125 0.0578125 0.07890625
17 0.18203125 0.53125 0.08671875 0.0609375
17 0.7734375 0.5703125 0.09609375 0.046875
18 0.3171875 0.39765625 0.0359375 0.07890625
18 0.38671875 0.17890625 0.08984375 0.04765625
19 0.37578125 0.8140625 0.07734375 0.06171875
19 0.11796875 0.525 0.04375 0.07578125
20 0.14375 0.6 0.06640625 0.04375
20 0.46640625 0.48359375 0.0546875 0.05625
21 0.35390625 0.3734375 0.05 0.0578125
21 0.37265625 0.3953125 0.059375 0.0578125
22 0.28515625 0.54375 0.07890625 0.0859375
22 0.928125 0.54296875 0.11328125 0.13828125