0 0.2046875 0.5765625 0.0484375 0.28125
0 0.7046875 0.4296875 0.14296875 0.21328125
1 0.11875 0.51015625 0.11015625 0.2390625
1 0.584375 0.70703125 0.15546875 0.1734375
2 0.48515625 0.82734375 0.0875 0.22421875
2 0.215625 0.65078125 0.10078125 0.16953125
3 0.63046875 0.4640625 0.04296875 0.20625
3 0.24453125 0.49921875 0.1546875 0.08203125
4 0.24140625 0.16953125 0.071875 0.19375
4 0.73359375 0.55 0.121875 0.09296875
8 0.1953125 0.29921875 0.1203125 0.11640625
8 0.36171875 0.4359375 0.07734375 0.16796875
9 0.91875 0.653125 0.08359375 0.1421875
9 0.43203125 0.55 0.06796875 0.15546875
10 0.09296875 0.35546875 0.07578125 0.14609375
10 0.54609375 0.46953125 0.0421875 0.15859375
11 0.428125 0.3296875 0.03671875 0.14453125
11 0.46171875 0.29296875 0.046875 0.16640625
5 0.553125 0.24140625 0.10625 0.078125
5 0.6109375 0.4984375 0.10078125 0.0875
6 0.85234375 0.4234375 0.12578125 0.10546875
6 0.2921875 0.84765625 0.128125 0.05625
7 0.60625 0.63125 0.03671875 0.15
7 0.53828125 0.7515625 0.103125 0.09140625
12 0.765625 0.78046875 0.09453125 0.0890625
12 0.15859375 0.58359375 0.0578125 0.1203125
13 0.5015625 0.4671875 0.06796875 0.0984375
13 0.48203125 0.3625 0.04609375 0.11875
14 0.70078125 0.215625 0.06640625 0.109375
14 0.4 0.36328125 0.05390625 0.1203125
15 0.18828125 0.1828125 0.0703125 0.0984375
15 0.3828125 0.18671875 0.0328125 0.10390625
16 0.3484375 0.71171875 0.05390625 0.0984375
16 0.30546875 0.18828125 0.0328125 0.109375
17 0.5703125 0.896875 0.05859375 0.10390625
17 0.28828125 0.5140625 0.05 0.0859375
18 0.35078125 0.1859375 0.034375 0.0875
18 0.35859375 0.28359375 0.0578125 0.05625
19 0.34296875 0.3328125 0.0578125 0.04921875
19 0.38125 0.40078125 0.03125 0.08203125
20 0.6453125 0.92421875 0.05 0.078125
20 0.590625 0.3859375 0.04609375 0.053125
21 0.37734375 0.56640625 0.0421875 0.096875
21 0.71875 0.325 0.0578125 0.05859375
22 0.15703125 0.78828125 0.10703125 0.15703125
23 0.58671875 0.31640625 0.06015625 0.0453125