0 0.25859375 0.153125 0.1875 0.23125
0 0.4109375 0.2 0.08125 0.26484375
1 0.63125 0.8734375 0.09609375 0.13203125
1 0.19921875 0.2765625 0.21484375 0.10625
2 0.121875 0.4796875 0.17734375 0.17265625
2 0.60859375 0.47734375 0.16484375 0.14375
3 0.5796875 0.61328125 0.09765625 0.1890625
3 0.84296875 0.4953125 0.08046875 0.1921875
4 0.77109375 0.2765625 0.08046875 0.11328125
4 0.54609375 0.16875 0.14140625 0.125
8 0.52265625 0.78984375 0.121875 0.1640625
8 0.721875 0.66953125 0.07265625 0.146875
9 0.134375 0.6859375 0.0828125 0.1421875
9 0.13984375 0.50078125 0.07421875 0.184375
10 0.1546875 0.17890625 0.1203125 0.13515625
10 0.83203125 0.63203125 0.0671875 0.16875
11 0.5671875 0.81953125 0.05859375 0.13828125
11 0.728125 0.45234375 0.09765625 0.0671875
5 0.31796875 0.709375 0.11171875 0.11796875
5 0.4703125 0.1578125 0.11171875 0.1265625
6 0.3703125 0.7859375 0.06015625 0.16015625
6 0.59375 0.2515625 0.0859375 0.125
7 0.63515625 0.165625 0.06328125 0.125
7 0.4796875 0.13125 0.0984375 0.1296875
12 0.309375 0.63828125 0.08046875 0.09140625
12 0.69765625 0.3875 0.084375 0.06953125
13 0.26015625 0.5734375 0.0828125 0.0859375
13 0.69375 0.3171875 0.103125 0.04765625
14 0.43359375 0.7890625 0.0890625 0.09765625
14 0.43671875 0.8640625 0.05703125 0.10625
15 0.5140625 0.47890625 0.08125 0.065625
15 0.2625 0.19609375 0.08125 0.0640625
16 0.284375 0.59453125 0.065625 0.08125
16 0.34140625 0.23984375 0.0671875 0.09140625
17 0.5015625 0.92890625 0.084375 0.040625
17 0.7421875 0.79765625 0.0484375 0.09453125
18 0.40546875 0.3921875 0.06171875 0.0609375
18 0.34375 0.3234375 0.0671875 0.059375
19 0.39375 0.64140625 0.0703125 0.0453125
19 0.665625 0.51875 0.07265625 0.0609375
20 0.78671875 0.5375 0.03984375 0.0671875
20 0.46796875 0.46171875 0.0515625 0.065625
21 0.60078125 0.634375 0.0546875 0.05234375
21 0.43984375 0.3609375 0.06171875 0.059375
22 0.26640625 0.37734375 0.10625 0.11015625
23 0.709375 0.23515625 0.0375 0.0640625