0 0.3765625 0.7203125 0.0953125 0.1015625
0 0.13671875 0.34453125 0.13046875 0.1609375
1 0.65703125 0.53125 0.07578125 0.14140625
1 0.61171875 0.7375 0.071875 0.12578125
2 0.21875 0.3203125 0.0890625 0.13671875
2 0.29765625 0.16171875 0.075 0.103125
3 0.59140625 0.29296875 0.05703125 0.1609375
3 0.15078125 0.378125 0.065625 0.15390625
4 0.25234375 0.5171875 0.071875 0.11484375
4 0.37421875 0.26640625 0.07421875 0.11484375
8 0.69296875 0.14609375 0.0453125 0.15078125
8 0.44140625 0.878125 0.09453125 0.109375
9 0.59921875 0.57109375 0.071875 0.0828125
9 0.1796875 0.8453125 0.084375 0.090625
10 0.30703125 0.246875 0.05546875 0.09375
10 0.5375 0.44765625 0.0640625 0.090625
11 0.2078125 0.70703125 0.05390625 0.075
11 0.50390625 0.296875 0.06328125 0.071875
5 0.45234375 0.5765625 0.071875 0.103125
5 0.721875 0.24296875 0.0703125 0.06796875
6 0.678125 0.71328125 0.05703125 0.103125
6 0.11484375 0.5859375 0.08671875 0.05078125
7 0.66953125 0.31015625 0.04921875 0.12265625
7 0.47890625 0.81953125 0.08359375 0.05390625
12 0.64375 0.88828125 0.075 0.06328125
12 0.2640625 0.8015625 0.065625 0.0796875
13 0.23359375 0.809375 0.05390625 0.0890625
13 0.08515625 0.34375 0.06328125 0.0953125
14 0.396875 0.1515625 0.0546875 0.06015625
14 0.46015625 0.33984375 0.0515625 0.06171875
15 0.36953125 0.875 0.06328125 0.05078125
15 0.52734375 0.378125 0.0546875 0.0734375
16 0.78515625 0.43125 0.03828125 0.090625
16 0.44375 0.64765625 0.03984375 0.090625
17 0.8609375 0.34921875 0.0578125 0.05703125
17 0.45546875 0.440625 0.05703125 0.05234375
18 0.71328125 0.634375 0.0328125 0.0828125
18 0.05 0.490625 0.03984375 0.078125
19 0.1859375 0.8953125 0.04375 0.06484375
19 0.20390625 0.459375 0.04609375 0.05234375
20 0.11015625 0.61953125 0.0296875 0.06875
20 0.49453125 0.4453125 0.03203125 0.04609375
21 0.94296875 0.47421875 0.040625 0.06640625
21 0.559375 0.79453125 0.03984375 0.06484375
22 0.3328125 0.621875 0.090625 0.05234375
22 0.56328125 0.49296875 0.04921875 0.0984375