0 0.596875 0.6171875 0.09140625 0.16953125
0 0.6078125 0.21171875 0.13515625 0.16640625
1 0.24453125 0.41640625 0.11796875 0.16484375
1 0.2109375 0.46640625 0.11796875 0.1125
2 0.28515625 0.2234375 0.11796875 0.1515625
2 0.1140625 0.78515625 0.140625 0.1515625
3 0.20234375 0.30625 0.07578125 0.1375
3 0.125 0.6265625 0.0984375 0.14921875
4 0.38359375 0.36875 0.11953125 0.10390625
4 0.83125 0.6390625 0.06484375 0.1375
8 0.89609375 0.7796875 0.0984375 0.090625
8 0.15 0.91328125 0.07421875 0.109375
9 0.84140625 0.49609375 0.071875 0.13125
9 0.49609375 0.5609375 0.09296875 0.1109375
10 0.30234375 0.75625 0.109375 0.05546875
10 0.4609375 0.4390625 0.0828125 0.090625
11 0.75 0.6078125 0.07734375 0.10390625
11 0.775 0.22890625 0.1125 0.08203125
5 0.79453125 0.4578125 0.05625 0.12109375
5 0.3015625 0.8765625 0.06328125 0.10625
6 0.52734375 0.3421875 0.1125 0.0390625
6 0.2421875 0.7078125 0.0953125 0.05859375
7 0.22421875 0.85703125 0.0828125 0.1109375
7 0.6515625 0.24375 0.08046875 0.11640625
12 0.096875 0.38984375 0.08984375 0.084375
12 0.6625 0.51484375 0.0703125 0.09453125
13 0.39921875 0.08125 0.06484375 0.0890625
13 0.68125 0.58671875 0.08046875 0.08203125
14 0.37421875 0.60859375 0.053125 0.09921875
14 0.1921875 0.6640625 0.09140625 0.040625
15 0.72109375 0.1453125 0.0859375 0.05703125
15 0.4140625 0.2390625 0.04609375 0.08359375
16 0.92265625 0.515625 0.04765625 0.09921875
16 0.49921875 0.56640625 0.0734375 0.05546875
17 0.840625 0.309375 0.06328125 0.07890625
17 0.22578125 0.7609375 0.06015625 0.05546875
18 0.64453125 0.09921875 0.07890625 0.05546875
18 0.9265625 0.39296875 0.06484375 0.05546875
19 0.68984375 0.665625 0.06640625 0.05234375
19 0.434375 0.65234375 0.05625 0.05
20 0.19609375 0.9484375 0.04609375 0.06015625
20 0.6234375 0.546875 0.04765625 0.0421875
21 0.7734375 0.35859375 0.05625 0.05703125
21 0.4625 0.646875 0.05625 0.05
22 0.1046875 0.3234375 0.0859375 0.08046875
22 0.36953125 0.5 0.0984375 0.0890625