0 0.73828125 0.34140625 0.1234375 0.1953125
0 0.271875 0.790625 0.13203125 0.11796875
1 0.65390625 0.2671875 0.06953125 0.2203125
1 0.69375 0.86328125 0.20390625 0.14609375
2 0.56953125 0.8296875 0.12734375 0.11015625
2 0.34140625 0.66015625 0.121875 0.13046875
3 0.7046875 0.09296875 0.196875 0.11484375
3 0.815625 0.334375 0.13984375 0.13203125
4 0.77421875 0.2078125 0.1609375 0.13671875
4 0.5328125 0.94765625 0.1359375 0.06328125
8 0.53515625 0.18984375 0.1109375 0.09453125
8 0.86875 0.58671875 0.134375 0.09609375
9 0.665625 0.40703125 0.14296875 0.11171875
9 0.4265625 0.53125 0.159375 0.0625
10 0.3328125 0.21484375 0.14296875 0.08515625
10 0.12421875 0.7 0.04140625 0.14921875
11 0.84609375 0.3125 0.121875 0.10859375
11 0.88125 0.4078125 0.0765625 0.11015625
5 0.32109375 0.33828125 0.14453125 0.06796875
5 0.86015625 0.83125 0.14296875 0.10078125
6 0.240625 0.14453125 0.1125 0.10234375
6 0.32578125 0.465625 0.10390625 0.08359375
7 0.5421875 0.6859375 0.11796875 0.06328125
7 0.6578125 0.8578125 0.1125 0.06640625
12 0.87265625 0.50703125 0.125 0.06640625
12 0.7484375 0.56640625 0.09453125 0.09609375
13 0.2828125 0.55859375 0.121875 0.0578125
13 0.5078125 0.6296875 0.0890625 0.06953125
14 0.234375 0.43125 0.121875 0.0453125
14 0.20546875 0.7359375 0.05703125 0.10546875
15 0.85859375 0.72578125 0.10703125 0.0453125
15 0.2765625 0.546875 0.0625 0.08046875
16 0.453125 0.446875 0.10234375 0.07109375
16 0.6765625 0.75 0.096875 0.05625
17 0.37109375 0.25546875 0.09453125 0.0453125
17 0.43671875 0.97890625 0.1109375 0.0421875
18 0.58515625 0.5625 0.071875 0.06640625
18 0.80859375 0.83046875 0.0640625 0.05
19 0.3234375 0.64609375 0.08203125 0.046875
19 0.41328125 0.86796875 0.075 0.06484375
20 0.37109375 0.31171875 0.059375 0.0515625
20 0.4859375 0.86171875 0.06640625 0.06484375
21 0.91796875 0.31171875 0.0640625 0.0546875
21 0.29609375 0.69296875 0.084375 0.0390625
22 0.1796875 0.4171875 0.0875 0.14453125
23 0.40078125 0.56640625 0.06796875 0.05