0 0.58515625 0.46796875 0.05390625 0.20859375
0 0.353125 0.5265625 0.14921875 0.1453125
1 0.421875 0.43671875 0.1078125 0.10703125
1 0.2421875 0.43671875 0.11640625 0.15390625
2 0.246875 0.15546875 0.059375 0.15078125
2 0.159375 0.60546875 0.11640625 0.12421875
3 0.8625 0.1109375 0.04140625 0.1609375
3 0.6546875 0.86953125 0.065625 0.0921875
4 0.8796875 0.34296875 0.09375 0.1203125
4 0.50859375 0.340625 0.05 0.13828125
8 0.3453125 0.775 0.065625 0.1078125
8 0.34296875 0.57578125 0.06484375 0.11953125
9 0.43203125 0.3015625 0.0796875 0.1015625
9 0.4390625 0.66015625 0.1203125 0.03828125
10 0.771875 0.67109375 0.09453125 0.04765625
10 0.5 0.63828125 0.10625 0.03828125
11 0.5578125 0.56328125 0.0625 0.1125
11 0.396875 0.51484375 0.1015625 0.06875
5 0.446875 0.16484375 0.05078125 0.1203125
5 0.4515625 0.59765625 0.09375 0.07421875
6 0.74921875 0.390625 0.0859375 0.09921875
6 0.93671875 0.57890625 0.08671875 0.0515625
7 0.3765625 0.8203125 0.090625 0.0796875
7 0.42734375 0.721875 0.0828125 0.09453125
12 0.47265625 0.503125 0.0640625 0.07578125
12 0.48125 0.49609375 0.0328125 0.10703125
13 0.75859375 0.64453125 0.0765625 0.0453125
13 0.51015625 0.58359375 0.03203125 0.08671875
14 0.09765625 0.9109375 0.07734375 0.04296875
14 0.5484375 0.50625 0.0625 0.08203125
15 0.82578125 0.43828125 0.071875 0.0453125
15 0.64453125 0.7703125 0.02890625 0.071875
16 0.503125 0.234375 0.0484375 0.0875
16 0.8 0.7109375 0.06171875 0.05390625
17 0.29375 0.5765625 0.0390625 0.071875
17 0.2078125 0.55703125 0.04765625 0.06875
18 0.41171875 0.4296875 0.0546875 0.03515625
18 0.359375 0.5671875 0.0546875 0.0375
19 0.446875 0.23359375 0.04609375 0.053125
19 0.484375 0.9203125 0.0375 0.0609375
20 0.91953125 0.53125 0.03203125 0.0484375
20 0.51171875 0.51953125 0.03046875 0.0484375
21 0.54609375 0.43671875 0.046875 0.0453125
21 0.56015625 0.478125 0.05 0.0390625
22 0.44921875 0.5390625 0.1046875 0.0578125