0 0.7953125 0.57734375 0.07578125 0.3234375
0 0.44609375 0.14375 0.16484375 0.2140625
1 0.66640625 0.740625 0.134375 0.29765625
1 0.69140625 0.49375 0.14921875 0.27734375
2 0.29609375 0.51328125 0.15546875 0.19453125
2 0.3578125 0.35546875 0.13671875 0.22734375
3 0.5046875 0.83515625 0.21171875 0.1015625
3 0.17109375 0.4296875 0.08046875 0.23046875
4 0.3953125 0.46953125 0.11171875 0.18671875
4 0.8453125 0.29765625 0.2046875 0.13046875
8 0.23828125 0.85859375 0.14375 0.203125
8 0.60390625 0.334375 0.20625 0.1046875
9 0.62265625 0.29609375 0.0859375 0.19453125
9 0.30390625 0.21953125 0.1171875 0.18046875
10 0.56171875 0.53984375 0.13515625 0.06953125
10 0.12109375 0.303125 0.09609375 0.2
11 0.47109375 0.59140625 0.05625 0.16875
11 0.20546875 0.2484375 0.128125 0.1171875
5 0.39453125 0.80078125 0.13671875 0.0984375
5 0.09453125 0.61015625 0.084375 0.19140625
6 0.2671875 0.821875 0.12265625 0.0953125
6 0.68984375 0.26875 0.146875 0.08203125
7 0.5265625 0.61875 0.10859375 0.12421875
7 0.52265625 0.26796875 0.0859375 0.17421875
12 0.38828125 0.890625 0.1171875 0.06640625
12 0.29453125 0.7375 0.0703125 0.12109375
13 0.48671875 0.753125 0.1015625 0.12265625
13 0.6109375 0.403125 0.1125 0.07734375
14 0.49296875 0.46015625 0.134375 0.053125
14 0.71796875 0.471875 0.12109375 0.10625
15 0.37734375 0.53828125 0.06328125 0.1140625
15 0.38515625 0.42265625 0.2 0.0984375
16 0.27421875 0.6734375 0.10546875 0.0546875
16 0.16796875 0.478125 0.11875 0.0640625
17 0.91640625 0.2515625 0.040625 0.1125
17 0.48984375 0.1875 0.09765625 0.08671875
18 0.41640625 0.5875 0.046875 0.08203125
18 0.43828125 0.16953125 0.08203125 0.065625
19 0.75234375 0.88984375 0.0890625 0.08671875
19 0.31796875 0.59765625 0.04375 0.09375
20 0.54609375 0.7109375 0.04765625 0.07421875
20 0.31953125 0.8875 0.0609375 0.07578125
21 0.24921875 0.746875 0.06875 0.0609375
21 0.60625 0.44296875 0.07578125 0.0484375
22 0.43671875 0.74296875 0.1 0.1625
22 0.23671875 0.5875 0.115625 0.11875