0 0.79375 0.51796875 0.09609375 0.15
0 0.103125 0.61796875 0.1234375 0.22421875
1 0.7609375 0.7515625 0.11328125 0.18828125
1 0.5703125 0.7484375 0.11328125 0.20078125
2 0.6859375 0.78828125 0.05546875 0.18671875
2 0.72421875 0.6484375 0.14921875 0.09453125
3 0.32578125 0.48828125 0.07421875 0.1484375
3 0.184375 0.78828125 0.12421875 0.1265625
4 0.875 0.8765625 0.15 0.10859375
4 0.44296875 0.6296875 0.06484375 0.14609375
8 0.5625 0.34609375 0.1375 0.03984375
8 0.675 0.53515625 0.04140625 0.1484375
9 0.571875 0.27890625 0.1328125 0.0578125
9 0.08515625 0.73125 0.13046875 0.10625
10 0.63203125 0.40078125 0.08515625 0.09453125
10 0.60625 0.8234375 0.034375 0.146875
11 0.484375 0.6875 0.040625 0.1265625
11 0.471875 0.57265625 0.0890625 0.0921875
5 0.19375 0.3765625 0.05234375 0.1390625
5 0.40703125 0.7390625 0.0828125 0.11953125
6 0.53125 0.41640625 0.0921875 0.1046875
6 0.2109375 0.73984375 0.0828125 0.12109375
7 0.64765625 0.1109375 0.09453125 0.11953125
7 0.540625 0.3125 0.1125 0.04140625
12 0.71640625 0.46015625 0.0484375 0.10078125
12 0.6234375 0.4625 0.08515625 0.04296875
13 0.56875 0.56640625 0.08203125 0.0671875
13 0.396875 0.50546875 0.07421875 0.07265625
14 0.5796875 0.4109375 0.059375 0.08515625
14 0.39140625 0.5578125 0.07421875 0.078125
15 0.75546875 0.3515625 0.0765625 0.05390625
15 0.6359375 0.70390625 0.03671875 0.08359375
16 0.27890625 0.57734375 0.0734375 0.07421875
16 0.18515625 0.64453125 0.08203125 0.0375
17 0.134375 0.15 0.0765625 0.046875
17 0.3125 0.5546875 0.0546875 0.07265625
18 0.49609375 0.5359375 0.06171875 0.06171875
18 0.55 0.72578125 0.059375 0.0484375
19 0.65390625 0.2546875 0.04609375 0.06875
19 0.18203125 0.6046875 0.06171875 0.0375
20 0.67109375 0.43359375 0.0453125 0.05234375
20 0.60390625 0.6203125 0.0328125 0.06015625
21 0.546875 0.49296875 0.05234375 0.0453125
21 0.11015625 0.5953125 0.040625 0.0578125
22 0.73515625 0.3203125 0.115625 0.06015625
22 0.61875 0.55625 0.09921875 0.05390625