0 0.078125 0.60546875 0.115625 0.14140625
0 0.128125 0.62265625 0.1 0.21953125
1 0.7625 0.39140625 0.12109375 0.215625
1 0.33125 0.64765625 0.10546875 0.19453125
2 0.82578125 0.58046875 0.06953125 0.19453125
2 0.43828125 0.778125 0.14765625 0.1359375
3 0.190625 0.23828125 0.06796875 0.17890625
3 0.16953125 0.69375 0.08984375 0.159375
4 0.36328125 0.44453125 0.171875 0.0921875
4 0.44453125 0.8015625 0.08359375 0.15546875
8 0.253125 0.79921875 0.15625 0.0796875
8 0.7109375 0.79375 0.153125 0.065625
9 0.94609375 0.6734375 0.05625 0.16796875
9 0.2671875 0.80078125 0.075 0.15390625
10 0.8140625 0.825 0.11015625 0.08828125
10 0.61171875 0.90546875 0.11015625 0.09375
11 0.31953125 0.32734375 0.08515625 0.1203125
11 0.56484375 0.70078125 0.06796875 0.11328125
5 0.51328125 0.15546875 0.13984375 0.07421875
5 0.40546875 0.13515625 0.06640625 0.1359375
6 0.8578125 0.734375 0.12734375 0.0640625
6 0.74296875 0.82578125 0.05078125 0.13984375
7 0.25 0.1828125 0.0984375 0.11171875
7 0.51953125 0.6890625 0.08671875 0.1046875
12 0.61796875 0.390625 0.0796875 0.11171875
12 0.67578125 0.8875 0.0796875 0.0796875
13 0.92578125 0.5421875 0.1 0.07578125
13 0.22421875 0.63125 0.0546875 0.09375
14 0.76796875 0.546875 0.08359375 0.08828125
14 0.6328125 0.16796875 0.10234375 0.07421875
15 0.6859375 0.475 0.04921875 0.09765625
15 0.74375 0.24921875 0.0765625 0.08828125
16 0.67109375 0.26015625 0.059375 0.0953125
16 0.3921875 0.29765625 0.06953125 0.07109375
17 0.55390625 0.56015625 0.08671875 0.04765625
17 0.496875 0.50859375 0.08515625 0.0546875
18 0.6015625 0.30703125 0.0390625 0.07578125
18 0.55625 0.50625 0.06796875 0.07109375
19 0.396875 0.2390625 0.06640625 0.0640625
19 0.7078125 0.73515625 0.0609375 0.06171875
20 0.19609375 0.55234375 0.04609375 0.05625
20 0.2125 0.59375 0.040625 0.0546875
21 0.7734375 0.4828125 0.05078125 0.0640625
21 0.72734375 0.2046875 0.059375 0.040625
22 0.43046875 0.340625 0.0953125 0.0828125
23 0.5453125 0.32578125 0.059375 0.07421875