0 0.1921875 0.2390625 0.134375 0.08125
0 0.4578125 0.06953125 0.1875 0.1
1 0.790625 0.65703125 0.171875 0.0890625
1 0.31875 0.4703125 0.134375 0.153125
2 0.7640625 0.81171875 0.1078125 0.11171875
2 0.47265625 0.72421875 0.06953125 0.1046875
3 0.71484375 0.653125 0.1375 0.1140625
3 0.13828125 0.38515625 0.08125 0.159375
4 0.5140625 0.4734375 0.1078125 0.134375
4 0.27421875 0.528125 0.06328125 0.16015625
8 0.4734375 0.909375 0.07890625 0.1703125
8 0.58359375 0.30078125 0.08125 0.08671875
9 0.41171875 0.25 0.0859375 0.0953125
9 0.215625 0.42890625 0.06328125 0.125
10 0.14921875 0.33125 0.0953125 0.12421875
10 0.39453125 0.1390625 0.08828125 0.11328125
11 0.66875 0.296875 0.1328125 0.0546875
11 0.45 0.10546875 0.03671875 0.13671875
5 0.60390625 0.1046875 0.0828125 0.1140625
5 0.55234375 0.38515625 0.09140625 0.07265625
6 0.68046875 0.55234375 0.1421875 0.05234375
6 0.7640625 0.23359375 0.0890625 0.11953125
7 0.7578125 0.75234375 0.125 0.0640625
7 0.6421875 0.22890625 0.09765625 0.0671875
12 0.6421875 0.72109375 0.11796875 0.06171875
12 0.490625 0.7609375 0.08125 0.0875
13 0.425 0.4171875 0.10078125 0.065625
13 0.17578125 0.1828125 0.1203125 0.05625
14 0.80546875 0.6734375 0.05625 0.09375
14 0.6875 0.68828125 0.1234375 0.075
15 0.6890625 0.55 0.071875 0.07421875
15 0.13203125 0.15703125 0.09375 0.0671875
16 0.19453125 0.32265625 0.06171875 0.08046875
16 0.5828125 0.371875 0.06796875 0.065625
17 0.2671875 0.38046875 0.084375 0.0328125
17 0.39609375 0.315625 0.03984375 0.07421875
18 0.50546875 0.4984375 0.06640625 0.04921875
18 0.5375 0.2453125 0.04921875 0.06171875
19 0.21796875 0.1640625 0.0375 0.06484375
19 0.4515625 0.31015625 0.07578125 0.03359375
20 0.21875 0.49921875 0.0640625 0.03046875
20 0.18515625 0.19765625 0.0609375 0.03203125
21 0.5390625 0.390625 0.046875 0.04296875
21 0.48828125 0.203125 0.059375 0.03359375
22 0.609375 0.47890625 0.0546875 0.13125
23 0.221875 0.259375 0.06796875 0.025