0 0.475 0.82578125 0.2734375 0.1734375
0 0.7125 0.30859375 0.20703125 0.1015625
1 0.2828125 0.7421875 0.1 0.26796875
1 0.19140625 0.6796875 0.13125 0.21171875
2 0.80546875 0.6796875 0.15390625 0.11171875
2 0.75546875 0.51015625 0.20859375 0.06875
3 0.7953125 0.565625 0.1796875 0.09296875
3 0.34140625 0.14375 0.16640625 0.17734375
4 0.534375 0.52734375 0.1859375 0.0484375
4 0.503125 0.278125 0.10234375 0.134375
8 0.14296875 0.475 0.11640625 0.15625
8 0.88671875 0.2171875 0.08125 0.21171875
9 0.43046875 0.64765625 0.18125 0.0828125
9 0.41171875 0.17890625 0.15546875 0.1171875
10 0.78515625 0.5015625 0.10859375 0.14765625
10 0.7625 0.2640625 0.11171875 0.14296875
11 0.23828125 0.2578125 0.146875 0.065625
11 0.41171875 0.2921875 0.1703125 0.07578125
5 0.32890625 0.33046875 0.13125 0.09765625
5 0.4484375 0.2515625 0.06015625 0.14921875
6 0.53515625 0.68125 0.0828125 0.153125
6 0.5765625 0.36171875 0.146875 0.084375
7 0.64765625 0.82265625 0.0546875 0.175
7 0.24765625 0.77890625 0.14765625 0.06015625
12 0.43515625 0.79921875 0.06640625 0.1375
12 0.765625 0.1515625 0.06015625 0.134375
13 0.11015625 0.65546875 0.11171875 0.06328125
13 0.89375 0.56015625 0.11015625 0.071875
14 0.31484375 0.7140625 0.0859375 0.11171875
14 0.1796875 0.38828125 0.10859375 0.07578125
15 0.39765625 0.490625 0.090625 0.1015625
15 0.7359375 0.440625 0.0546875 0.11171875
16 0.1859375 0.7015625 0.10859375 0.06328125
16 0.7546875 0.37421875 0.0953125 0.0484375
17 0.6078125 0.40546875 0.06796875 0.103125
17 0.5109375 0.29453125 0.0390625 0.09140625
18 0.86171875 0.61328125 0.0859375 0.0515625
18 0.7453125 0.3328125 0.07734375 0.0703125
19 0.59140625 0.74296875 0.07109375 0.0671875
19 0.17890625 0.49296875 0.07421875 0.0859375
20 0.3296875 0.3953125 0.05859375 0.04140625
20 0.79453125 0.615625 0.0453125 0.0671875
21 0.25546875 0.3515625 0.0546875 0.05703125
21 0.63046875 0.56328125 0.0375 0.0828125
22 0.30703125 0.434375 0.1328125 0.12734375
23 0.23046875 0.45078125 0.0796875 0.04609375