0 0.42421875 0.45859375 0.178125 0.14140625
0 0.1765625 0.34375 0.1734375 0.16328125
1 0.4078125 0.80859375 0.1828125 0.225
1 0.63515625 0.62890625 0.25859375 0.12421875
2 0.63046875 0.7375 0.20625 0.03671875
2 0.17109375 0.36953125 0.07578125 0.23203125
3 0.675 0.63359375 0.13828125 0.178125
3 0.49453125 0.58671875 0.05234375 0.20859375
4 0.2640625 0.57421875 0.15 0.0625
4 0.71015625 0.4640625 0.10546875 0.1546875
8 0.56953125 0.6140625 0.06640625 0.18671875
8 0.33828125 0.25703125 0.07109375 0.19140625
9 0.73828125 0.31953125 0.13671875 0.12109375
9 0.74609375 0.21171875 0.1515625 0.10390625
10 0.7828125 0.73984375 0.08671875 0.134375
10 0.109375 0.48828125 0.0421875 0.16328125
11 0.6390625 0.83515625 0.06484375 0.14453125
11 0.58203125 0.36953125 0.06328125 0.1375
5 0.59296875 0.4484375 0.12265625 0.1109375
5 0.46875 0.18984375 0.12890625 0.07421875
6 0.50703125 0.7703125 0.10234375 0.12578125
6 0.50625 0.16640625 0.07265625 0.1546875
7 0.70390625 0.8296875 0.040625 0.14921875
7 0.63203125 0.453125 0.13515625 0.05234375
12 0.62421875 0.60625 0.06953125 0.109375
12 0.2453125 0.4921875 0.09921875 0.090625
13 0.3734375 0.565625 0.05 0.09921875
13 0.30390625 0.2875 0.0375 0.12109375
14 0.69375 0.13984375 0.11640625 0.05390625
14 0.465625 0.31875 0.10078125 0.05859375
15 0.71796875 0.340625 0.08671875 0.07265625
15 0.43125 0.43046875 0.09609375 0.07734375
16 0.66328125 0.2140625 0.08359375 0.0859375
16 0.58203125 0.1578125 0.06640625 0.1109375
17 0.178125 0.62421875 0.08359375 0.07578125
17 0.51484375 0.27109375 0.08046875 0.0453125
18 0.37734375 0.6890625 0.06953125 0.05078125
18 0.2859375 0.3765625 0.0421875 0.08046875
19 0.4078125 0.58984375 0.05 0.07421875
19 0.38046875 0.221875 0.0484375 0.08046875
20 0.4140625 0.38828125 0.05 0.0640625
20 0.39921875 0.140625 0.05703125 0.0625
21 0.45234375 0.56484375 0.046875 0.07421875
21 0.27265625 0.43828125 0.07109375 0.046875
22 0.76796875 0.5828125 0.10078125 0.1140625
22 0.40390625 0.76015625 0.09453125 0.15625