0 0.4078125 0.39296875 0.1109375 0.15234375
0 0.25078125 0.77109375 0.09296875 0.18203125
1 0.60546875 0.1328125 0.12578125 0.10390625
1 0.484375 0.6734375 0.2203125 0.06328125
2 0.62109375 0.58828125 0.07109375 0.15234375
2 0.45390625 0.846875 0.1328125 0.090625
3 0.675 0.25078125 0.0609375 0.13515625
3 0.603125 0.615625 0.1703125 0.06171875
4 0.5328125 0.20703125 0.16875 0.06015625
4 0.2296875 0.39296875 0.14609375 0.06328125
8 0.396875 0.34609375 0.0609375 0.12109375
8 0.33046875 0.7203125 0.1671875 0.03984375
9 0.121875 0.35859375 0.09921875 0.10234375
9 0.38984375 0.91875 0.1609375 0.040625
10 0.72421875 0.30390625 0.04296875 0.09921875
10 0.64765625 0.36484375 0.059375 0.09921875
11 0.1578125 0.2203125 0.1046875 0.08828125
11 0.4328125 0.721875 0.12890625 0.065625
5 0.60703125 0.48671875 0.10234375 0.08515625
5 0.33828125 0.73046875 0.0609375 0.0953125
6 0.16015625 0.3265625 0.090625 0.07890625
6 0.246875 0.4046875 0.09140625 0.0828125
7 0.7640625 0.4203125 0.06328125 0.08984375
7 0.2125 0.8703125 0.078125 0.0953125
12 0.6328125 0.2921875 0.07421875 0.0671875
12 0.31953125 0.8515625 0.07109375 0.06796875
13 0.7140625 0.40625 0.084375 0.06171875
13 0.38671875 0.86484375 0.07265625 0.0875
14 0.61953125 0.2484375 0.04453125 0.07265625
14 0.64765625 0.6734375 0.0859375 0.06171875
15 0.57890625 0.265625 0.0484375 0.07421875
15 0.225 0.45546875 0.04765625 0.06796875
16 0.5453125 0.3390625 0.06640625 0.065625
16 0.53984375 0.5421875 0.04765625 0.06796875
17 0.50703125 0.29375 0.0578125 0.0546875
17 0.659375 0.47578125 0.04765625 0.06015625
18 0.56796875 0.62421875 0.06796875 0.04609375
18 0.428125 0.68515625 0.07265625 0.0234375
19 0.4640625 0.40859375 0.06640625 0.04609375
19 0.5109375 0.475 0.07265625 0.04609375
20 0.775 0.03359375 0.0625 0.034375
20 0.53828125 0.25625 0.03515625 0.04609375
21 0.60859375 0.37265625 0.06328125 0.03359375
21 0.5 0.58984375 0.05 0.04296875
22 0.50859375 0.40234375 0.07109375 0.0953125
23 0.15703125 0.4265625 0.053125 0.03359375