0 0.30234375 0.82421875 0.2890625 0.05078125
0 0.32734375 0.63515625 0.22734375 0.04765625
1 0.68203125 0.41328125 0.190625 0.07421875
1 0.790625 0.4828125 0.06328125 0.146875
2 0.06796875 0.340625 0.08125 0.1234375
2 0.5421875 0.07265625 0.159375 0.10078125
3 0.23515625 0.40234375 0.15703125 0.06640625
3 0.115625 0.19453125 0.1 0.103125
4 0.1453125 0.5203125 0.12734375 0.09296875
4 0.709375 0.58671875 0.1625 0.040625
8 0.20078125 0.67421875 0.14921875 0.07890625
8 0.60625 0.209375 0.13671875 0.06484375
9 0.3015625 0.28515625 0.084375 0.08828125
9 0.35234375 0.11640625 0.15234375 0.078125
10 0.36640625 0.278125 0.04765625 0.08203125
10 0.15234375 0.13203125 0.05859375 0.0875
11 0.41796875 0.6296875 0.0703125 0.08984375
11 0.9421875 0.16328125 0.10625 0.09609375
5 0.17578125 0.3265625 0.12421875 0.0359375
5 0.5125 0.278125 0.109375 0.07109375
6 0.67890625 0.62890625 0.12890625 0.05234375
6 0.61328125 0.28125 0.05390625 0.0828125
7 0.1875 0.446875 0.06171875 0.08203125
7 0.23671875 0.18828125 0.0828125 0.0828125
12 0.4125 0.20546875 0.071875 0.06796875
12 0.46171875 0.41171875 0.04765625 0.0625
13 0.85625 0.0796875 0.090625 0.0625
13 0.57890625 0.37578125 0.06796875 0.05859375
14 0.1234375 0.26796875 0.0875 0.03125
14 0.74921875 0.046875 0.11796875 0.04453125
15 0.5015625 0.3734375 0.078125 0.04375
15 0.540625 0.33828125 0.0765625 0.04453125
16 0.48671875 0.63046875 0.0828125 0.04453125
16 0.60703125 0.14765625 0.0828125 0.034375
17 0.62734375 0.3609375 0.05078125 0.04921875
17 0.309375 0.353125 0.0875 0.04375
18 0.8328125 0.94609375 0.0796875 0.0390625
18 0.4234375 0.271875 0.06328125 0.04453125
19 0.76953125 0.8890625 0.0921875 0.04765625
19 0.24921875 0.24140625 0.06171875 0.0359375
20 0.2046875 0.27578125 0.03828125 0.040625
20 0.45 0.4578125 0.05546875 0.040625
21 0.0625 0.51015625 0.06328125 0.034375
21 0.190625 0.24140625 0.05234375 0.0375
22 0.6796875 0.33828125 0.05703125 0.0875
22 0.36875 0.4125 0.0953125 0.059375