0 0.55859375 0.071875 0.065625 0.11875
0 0.4421875 0.378125 0.06875 0.103125
1 0.65 0.6828125 0.07890625 0.08203125
1 0.77421875 0.7609375 0.14296875 0.0375
2 0.53125 0.1109375 0.06640625 0.1078125
2 0.88359375 0.3453125 0.1 0.12578125
3 0.246875 0.2421875 0.0859375 0.1078125
3 0.88671875 0.565625 0.10390625 0.0859375
4 0.41953125 0.13203125 0.10078125 0.03515625
4 0.25 0.8609375 0.0328125 0.1421875
8 0.48515625 0.1578125 0.08359375 0.05
8 0.815625 0.32578125 0.07265625 0.06328125
9 0.53125 0.20625 0.08359375 0.04765625
9 0.584375 0.65 0.06796875 0.0890625
10 0.26875 0.378125 0.06484375 0.07734375
10 0.515625 0.16015625 0.06875 0.0390625
11 0.509375 0.103125 0.08125 0.028125
11 0.71484375 0.86953125 0.08203125 0.03046875
5 0.59453125 0.8 0.0375 0.0984375
5 0.2984375 0.66796875 0.0765625 0.040625
6 0.58828125 0.503125 0.065625 0.05390625
6 0.6734375 0.784375 0.046875 0.05859375
7 0.62890625 0.37890625 0.053125 0.0625
7 0.484375 0.9390625 0.05078125 0.09375
12 0.334375 0.87421875 0.04609375 0.0921875
12 0.4046875 0.790625 0.0578125 0.0765625
13 0.20390625 0.4875 0.0453125 0.0796875
13 0.19765625 0.871875 0.06015625 0.0609375
14 0.44765625 0.73359375 0.040625 0.08125
14 0.25703125 0.6546875 0.065625 0.0265625
15 0.49765625 0.2171875 0.05390625 0.03046875
15 0.53515625 0.8703125 0.046875 0.0609375
16 0.090625 0.71015625 0.05546875 0.053125
16 0.42890625 0.38203125 0.04609375 0.03984375
17 0.4765625 0.403125 0.04140625 0.04609375
17 0.45390625 0.909375 0.03359375 0.059375
18 0.475 0.18515625 0.03125 0.03828125
18 0.53125 0.14140625 0.01953125 0.0484375
19 0.3078125 0.4265625 0.0453125 0.02734375
19 0.25390625 0.70703125 0.0421875 0.0390625
20 0.52421875 0.74453125 0.05390625 0.03984375
20 0.396875 0.67109375 0.04140625 0.04375
21 0.44921875 0.5296875 0.03515625 0.03984375
21 0.6546875 0.66484375 0.03203125 0.03046875
22 0.70625 0.653125 0.05 0.0921875
23 0.61015625 0.95234375 0.02109375 0.06953125