0 0.26015625 0.45390625 0.07421875 0.246875
0 0.40859375 0.2140625 0.19140625 0.10546875
1 0.8078125 0.49140625 0.15 0.1078125
1 0.72578125 0.21015625 0.040625 0.20859375
2 0.46640625 0.115625 0.059375 0.1140625
2 0.8671875 0.49921875 0.1390625 0.06953125
3 0.78984375 0.31015625 0.08125 0.14765625
3 0.69609375 0.246875 0.053125 0.175
4 0.784375 0.56484375 0.08828125 0.12578125
4 0.68515625 0.37890625 0.090625 0.1265625
8 0.12109375 0.48046875 0.0765625 0.128125
8 0.5984375 0.896875 0.0515625 0.16875
9 0.91328125 0.41796875 0.06015625 0.1375
9 0.8953125 0.51171875 0.034375 0.14921875
10 0.14140625 0.36015625 0.10390625 0.06484375
10 0.72109375 0.40703125 0.10703125 0.040625
11 0.80546875 0.696875 0.1 0.06953125
11 0.746875 0.72890625 0.10546875 0.0609375
5 0.84765625 0.17890625 0.05625 0.11953125
5 0.22109375 0.3375 0.06171875 0.1140625
6 0.18203125 0.4609375 0.08359375 0.1015625
6 0.59453125 0.12890625 0.0984375 0.04453125
7 0.15625 0.44296875 0.06875 0.10546875
7 0.7671875 0.1203125 0.065625 0.08671875
12 0.07890625 0.4890625 0.06328125 0.0984375
12 0.821875 0.5484375 0.08046875 0.03828125
13 0.10234375 0.4046875 0.0875 0.0296875
13 0.646875 0.6796875 0.06640625 0.05703125
14 0.6265625 0.6453125 0.071875 0.053125
14 0.7515625 0.440625 0.07578125 0.05625
15 0.828125 0.6953125 0.0515625 0.0671875
15 0.80859375 0.215625 0.03828125 0.08046875
16 0.62265625 0.0984375 0.0671875 0.05234375
16 0.76015625 0.228125 0.06640625 0.0484375
17 0.66171875 0.18671875 0.03203125 0.07421875
17 0.66875 0.28671875 0.034375 0.0734375
18 0.68125 0.6421875 0.05703125 0.05
18 0.74609375 0.359375 0.04453125 0.0625
19 0.60703125 0.16796875 0.04921875 0.04375
19 0.76015625 0.18359375 0.04296875 0.05625
20 0.31875 0.53125 0.0375 0.05625
20 0.66015625 0.4359375 0.0234375 0.06484375
21 0.628125 0.909375 0.03359375 0.05234375
21 0.85703125 0.60546875 0.05859375 0.03359375
22 0.78671875 0.53203125 0.06171875 0.11796875
23 0.58828125 0.67421875 0.0546875 0.03828125