0 0.46640625 0.74453125 0.10390625 0.165625
0 0.5453125 0.56328125 0.10703125 0.0953125
1 0.33671875 0.7703125 0.1875 0.05078125
1 0.73828125 0.70625 0.15078125 0.1125
2 0.82890625 0.8546875 0.1375 0.09609375
2 0.6125 0.671875 0.08828125 0.096875
3 0.68984375 0.83671875 0.134375 0.0578125
3 0.3125 0.78359375 0.0859375 0.09921875
4 0.39609375 0.915625 0.14296875 0.0609375
4 0.76015625 0.62421875 0.1375 0.0546875
8 0.64765625 0.878125 0.11796875 0.08046875
8 0.49765625 0.60625 0.128125 0.04375
9 0.34609375 0.11015625 0.05390625 0.12578125
9 0.278125 0.70625 0.0671875 0.09921875
10 0.37890625 0.390625 0.0828125 0.0953125
10 0.52109375 0.70078125 0.0265625 0.10625
11 0.44375 0.48359375 0.0734375 0.06015625
11 0.4 0.83984375 0.07734375 0.065625
5 0.2015625 0.2921875 0.10625 0.05859375
5 0.5515625 0.728125 0.05078125 0.09296875
6 0.4390625 0.0859375 0.1 0.065625
6 0.63515625 0.74375 0.10625 0.0546875
7 0.4765625 0.06796875 0.11171875 0.03046875
7 0.56484375 0.63828125 0.10625 0.021875
12 0.12265625 0.13046875 0.0921875 0.05703125
12 0.34140625 0.71484375 0.07421875 0.06171875
13 0.47890625 0.8953125 0.08359375 0.0453125
13 0.6359375 0.81875 0.07109375 0.0578125
14 0.54296875 0.853125 0.04453125 0.0734375
14 0.6484375 0.57578125 0.07109375 0.0640625
15 0.578125 0.39375 0.071875 0.053125
15 0.6109375 0.7640625 0.053125 0.06953125
16 0.45390625 0.7828125 0.05703125 0.0640625
16 0.48359375 0.8578125 0.05078125 0.0609375
17 0.2890625 0.453125 0.0625 0.04609375
17 0.52578125 0.36875 0.03515625 0.0625
18 0.4546875 0.8703125 0.0421875 0.05078125
18 0.54375 0.78671875 0.06328125 0.028125
19 0.76484375 0.92890625 0.06171875 0.02265625
19 0.6046875 0.6546875 0.05390625 0.0234375
20 0.0921875 0.26015625 0.03203125 0.04140625
20 0.68046875 0.865625 0.05078125 0.02734375
21 0.44921875 0.31796875 0.0375 0.04921875
21 0.7203125 0.83828125 0.03828125 0.04921875
22 0.71484375 0.65078125 0.0828125 0.0578125
22 0.84609375 0.65546875 0.04453125 0.09921875