0 0.5390625 0.825 0.23515625 0.13515625
0 0.24453125 0.3765625 0.12421875 0.2671875
1 0.35 0.7453125 0.10234375 0.24609375
1 0.73828125 0.33203125 0.24296875 0.05859375
2 0.34453125 0.7703125 0.2 0.1109375
2 0.325 0.23515625 0.18984375 0.115625
3 0.64296875 0.428125 0.1453125 0.146875
3 0.6734375 0.59765625 0.1578125 0.1140625
4 0.253125 0.3875 0.1578125 0.078125
4 0.13203125 0.72890625 0.065625 0.196875
8 0.20625 0.78671875 0.0703125 0.159375
8 0.5765625 0.225 0.10234375 0.13671875
9 0.58046875 0.72734375 0.1484375 0.10625
9 0.5484375 0.4734375 0.1421875 0.08984375
10 0.35 0.23515625 0.0546875 0.14140625
10 0.29609375 0.5515625 0.1453125 0.0859375
11 0.77890625 0.528125 0.1328125 0.09609375
11 0.38828125 0.4765625 0.134375 0.0828125
5 0.4546875 0.628125 0.1328125 0.05390625
5 0.4671875 0.15078125 0.1453125 0.06328125
6 0.23125 0.5390625 0.1375 0.0453125
6 0.6625 0.5265625 0.059375 0.12890625
7 0.79296875 0.3359375 0.04921875 0.1515625
7 0.5546875 0.603125 0.140625 0.040625
12 0.5234375 0.3515625 0.075 0.1078125
12 0.65 0.39140625 0.09609375 0.0859375
13 0.53671875 0.19921875 0.0796875 0.0734375
13 0.7640625 0.51875 0.075 0.09921875
14 0.62578125 0.16640625 0.09140625 0.09765625
14 0.77421875 0.459375 0.11328125 0.0453125
15 0.49375 0.20703125 0.0671875 0.09453125
16 0.56015625 0.65859375 0.08125 0.0765625
16 0.32421875 0.478125 0.09609375 0.06328125
17 0.65 0.74375 0.0828125 0.05390625
17 0.7375 0.7390625 0.059375 0.09453125
18 0.246875 0.67578125 0.04296875 0.084375
18 0.27265625 0.5 0.075 0.0421875
19 0.4765625 0.45625 0.05625 0.06484375
19 0.39296875 0.33046875 0.0640625 0.071875
20 0.60703125 0.3265625 0.04140625 0.06015625
20 0.26171875 0.284375 0.04765625 0.05390625
21 0.4078125 0.228125 0.05625 0.05546875
21 0.6828125 0.365625 0.065625 0.046875
22 0.67109375 0.28046875 0.12421875 0.078125
23 0.74375 0.3890625 0.059375 0.08125