0 0.54609375 0.21875 0.18671875 0.09921875
0 0.55859375 0.28671875 0.1046875 0.12578125
1 0.7484375 0.38828125 0.08359375 0.20078125
1 0.459375 0.825 0.2140625 0.0984375
2 0.26484375 0.18984375 0.175 0.06796875
2 0.45625 0.81015625 0.13203125 0.084375
3 0.38359375 0.69140625 0.1203125 0.0859375
3 0.65625 0.41640625 0.1203125 0.1328125
4 0.58671875 0.8390625 0.10390625 0.1421875
4 0.31484375 0.39453125 0.1171875 0.0953125
8 0.2078125 0.61171875 0.0640625 0.1546875
8 0.4125 0.2828125 0.140625 0.11484375
9 0.57890625 0.22734375 0.10234375 0.13125
9 0.57890625 0.39453125 0.1078125 0.08828125
10 0.284375 0.25546875 0.12109375 0.0515625
10 0.4421875 0.40390625 0.084375 0.1078125
11 0.521875 0.653125 0.053125 0.1109375
11 0.2921875 0.765625 0.0953125 0.10078125
5 0.7421875 0.678125 0.065625 0.10390625
5 0.65078125 0.21875 0.1171875 0.06640625
6 0.7375 0.61640625 0.1046875 0.05703125
6 0.7046875 0.76328125 0.096875 0.096875
7 0.37421875 0.6171875 0.11875 0.059375
7 0.64921875 0.7234375 0.0546875 0.11640625
12 0.82734375 0.61328125 0.0671875 0.08984375
12 0.61875 0.81015625 0.096875 0.04453125
13 0.4546875 0.853125 0.04921875 0.096875
13 0.425 0.47578125 0.1046875 0.0390625
14 0.353125 0.440625 0.0953125 0.059375
14 0.6828125 0.4453125 0.0890625 0.06328125
15 0.67890625 0.61484375 0.03984375 0.0875
15 0.35078125 0.51171875 0.0875 0.0359375
16 0.48203125 0.39609375 0.08046875 0.05390625
16 0.8015625 0.48359375 0.08359375 0.03984375
17 0.8734375 0.4765625 0.0640625 0.07890625
17 0.57109375 0.55234375 0.078125 0.05703125
18 0.7015625 0.715625 0.0453125 0.05390625
18 0.30390625 0.61015625 0.0453125 0.071875
19 0.7765625 0.54140625 0.06015625 0.05703125
19 0.28046875 0.68203125 0.0421875 0.06640625
20 0.67421875 0.3296875 0.03828125 0.0625
20 0.215625 0.41328125 0.0625 0.04453125
21 0.46484375 0.7078125 0.0421875 0.0578125
21 0.15703125 0.44296875 0.0625 0.04296875
22 0.44296875 0.28828125 0.06171875 0.134375
23 0.70078125 0.85078125 0.05078125 0.06640625