0 0.8078125 0.39296875 0.08671875 0.146875
0 0.375 0.45234375 0.08515625 0.19765625
1 0.7171875 0.2484375 0.13203125 0.1625
1 0.19296875 0.228125 0.1109375 0.1765625
2 0.42578125 0.65625 0.0953125 0.16875
2 0.53359375 0.3390625 0.13125 0.12734375
3 0.31171875 0.71640625 0.15 0.0984375
3 0.209375 0.503125 0.10546875 0.153125
4 0.45078125 0.51796875 0.1234375 0.096875
4 0.40234375 0.121875 0.13125 0.1484375
8 0.6640625 0.7234375 0.06328125 0.1578125
8 0.64609375 0.45390625 0.1421875 0.0640625
9 0.5328125 0.65 0.09140625 0.0984375
9 0.484375 0.41015625 0.0390625 0.1671875
10 0.7421875 0.315625 0.04453125 0.146875
10 0.52578125 0.20703125 0.1109375 0.11171875
11 0.584375 0.8703125 0.09296875 0.103125
11 0.73125 0.53203125 0.08125 0.12421875
5 0.31875 0.45234375 0.0421875 0.13046875
5 0.15546875 0.5171875 0.05703125 0.15
6 0.8515625 0.32890625 0.075 0.1546875
6 0.43359375 0.284375 0.075 0.103125
7 0.29921875 0.56015625 0.03828125 0.13046875
7 0.55625 0.46875 0.05703125 0.12578125
12 0.23671875 0.61171875 0.0765625 0.11796875
12 0.12109375 0.48046875 0.05625 0.12265625
13 0.67890625 0.8390625 0.04453125 0.10859375
13 0.77109375 0.7125 0.05078125 0.12265625
14 0.73125 0.73515625 0.06484375 0.09375
14 0.35390625 0.31953125 0.08359375 0.071875
15 0.8890625 0.30625 0.05625 0.11015625
15 0.490625 0.36484375 0.0875 0.04453125
16 0.68359375 0.3703125 0.08125 0.04609375
16 0.2671875 0.39453125 0.06875 0.0765625
17 0.7 0.55078125 0.03828125 0.0796875
17 0.09765625 0.43671875 0.05234375 0.096875
18 0.796875 0.53203125 0.0625 0.05390625
18 0.553125 0.55078125 0.0625 0.05390625
19 0.5078125 0.753125 0.053125 0.0796875
19 0.3796875 0.63515625 0.05 0.0703125
20 0.63359375 0.728125 0.04609375 0.065625
20 0.7234375 0.784375 0.05234375 0.06171875
21 0.565625 0.7125 0.05 0.05859375
21 0.296875 0.76953125 0.046875 0.071875
22 0.32734375 0.21953125 0.12578125 0.0828125
23 0.15546875 0.23984375 0.046875 0.090625