0 0.50859375 0.69765625 0.08671875 0.2328125
0 0.4328125 0.50234375 0.06953125 0.1203125
1 0.13046875 0.609375 0.16015625 0.121875
1 0.8671875 0.5828125 0.14765625 0.1421875
2 0.4453125 0.42890625 0.09453125 0.17734375
2 0.703125 0.65234375 0.07734375 0.084375
3 0.42265625 0.7765625 0.09453125 0.0859375
3 0.60703125 0.18046875 0.13203125 0.06953125
4 0.5375 0.3015625 0.0828125 0.15
4 0.14140625 0.40234375 0.05703125 0.1859375
8 0.090625 0.4125 0.0890625 0.165625
8 0.4734375 0.70859375 0.05703125 0.16171875
9 0.646875 0.76640625 0.11328125 0.0453125
9 0.68984375 0.25625 0.1078125 0.07734375
10 0.7390625 0.796875 0.0640625 0.13359375
10 0.91484375 0.45625 0.10703125 0.05234375
11 0.68359375 0.54765625 0.0515625 0.125
11 0.525 0.61953125 0.10078125 0.04765625
5 0.22109375 0.79375 0.09609375 0.0875
5 0.7046875 0.22578125 0.071875 0.1265625
6 0.575 0.63984375 0.03359375 0.13359375
6 0.17109375 0.56015625 0.03515625 0.1640625
7 0.4046875 0.25546875 0.0828125 0.1296875
7 0.21328125 0.465625 0.07265625 0.1265625
12 0.903125 0.5265625 0.05546875 0.09765625
12 0.65625 0.41015625 0.025 0.121875
13 0.4890625 0.378125 0.0671875 0.0875
13 0.7515625 0.415625 0.0734375 0.11328125
14 0.35546875 0.6453125 0.0453125 0.13359375
14 0.690625 0.4 0.04375 0.1046875
15 0.671875 0.328125 0.03515625 0.1015625
15 0.21953125 0.8875 0.04453125 0.109375
16 0.46015625 0.32109375 0.071875 0.046875
16 0.5015625 0.47890625 0.03359375 0.1
17 0.77734375 0.46328125 0.04765625 0.0828125
17 0.46484375 0.471875 0.05703125 0.05078125
18 0.52734375 0.134375 0.0390625 0.07109375
18 0.57265625 0.103125 0.053125 0.0578125
19 0.61640625 0.409375 0.05078125 0.05078125
19 0.80859375 0.59140625 0.05625 0.07265625
20 0.8015625 0.18515625 0.05703125 0.0421875
21 0.7953125 0.234375 0.053125 0.040625
21 0.57578125 0.1546875 0.04453125 0.04765625
22 0.76171875 0.6421875 0.09609375 0.11953125
23 0.196875 0.709375 0.03203125 0.08125