0 0.31484375 0.6421875 0.17734375 0.12421875
0 0.37109375 0.63359375 0.1953125 0.12734375
1 0.6421875 0.2328125 0.221875 0.23984375
1 0.68359375 0.6328125 0.11171875 0.16328125
2 0.80078125 0.3125 0.17578125 0.196875
2 0.5828125 0.73359375 0.16171875 0.1359375
3 0.340625 0.84765625 0.08359375 0.16796875
3 0.44140625 0.2890625 0.09609375 0.18515625
4 0.4671875 0.71171875 0.10625 0.08984375
4 0.40703125 0.5578125 0.17265625 0.09140625
8 0.64609375 0.528125 0.1421875 0.1125
8 0.69140625 0.4078125 0.0921875 0.16171875
9 0.24296875 0.2921875 0.10078125 0.12734375
9 0.728125 0.54453125 0.12265625 0.14296875
10 0.7390625 0.72890625 0.1140625 0.0828125
10 0.51484375 0.29453125 0.10625 0.1203125
11 0.2375 0.403125 0.1265625 0.06484375
11 0.32734375 0.36640625 0.11875 0.09296875
5 0.490625 0.56796875 0.09921875 0.09375
5 0.29296875 0.15 0.075 0.12890625
6 0.29765625 0.4515625 0.1296875 0.034375
6 0.82578125 0.50546875 0.053125 0.1578125
7 0.46328125 0.8296875 0.128125 0.06484375
7 0.5703125 0.7109375 0.0640625 0.121875
12 0.23671875 0.20546875 0.1140625 0.06640625
12 0.34921875 0.24765625 0.1046875 0.08984375
13 0.73359375 0.515625 0.0890625 0.08828125
13 0.603125 0.5953125 0.08203125 0.0796875
14 0.6375 0.353125 0.1171875 0.05234375
14 0.35546875 0.1578125 0.10078125 0.0984375
15 0.51171875 0.43984375 0.0890625 0.05234375
15 0.45234375 0.72890625 0.06796875 0.09375
16 0.6265625 0.3671875 0.04609375 0.10859375
16 0.6734375 0.6390625 0.0921875 0.05625
17 0.353125 0.3234375 0.05859375 0.09375
17 0.3875 0.18203125 0.078125 0.07265625
18 0.59140625 0.528125 0.075 0.040625
18 0.5390625 0.19609375 0.0625 0.0765625
19 0.559375 0.37734375 0.0671875 0.04609375
19 0.51640625 0.496875 0.040625 0.0734375
20 0.06953125 0.25546875 0.05 0.06484375
20 0.51640625 0.2203125 0.06015625 0.05234375
21 0.4125 0.35 0.04453125 0.0640625
21 0.64453125 0.45546875 0.0390625 0.0625
22 0.68359375 0.7203125 0.12578125 0.09296875
22 0.35703125 0.69296875 0.12578125 0.0640625