0 0.6875 0.5515625 0.08515625 0.09765625
0 0.2859375 0.4640625 0.07734375 0.1921875
1 0.8234375 0.459375 0.09453125 0.0921875
1 0.25 0.60078125 0.08984375 0.1
2 0.50703125 0.38125 0.0921875 0.0640625
2 0.26796875 0.49765625 0.09375 0.0828125
3 0.5625 0.46015625 0.07578125 0.06953125
3 0.40390625 0.36796875 0.1 0.0921875
4 0.45390625 0.86484375 0.04921875 0.153125
4 0.378125 0.428125 0.13984375 0.0640625
8 0.803125 0.70234375 0.08671875 0.11328125
8 0.16484375 0.19296875 0.125 0.07734375
9 0.18671875 0.6984375 0.0703125 0.12109375
9 0.36171875 0.1609375 0.1203125 0.071875
10 0.3953125 0.8890625 0.09140625 0.1
10 0.62265625 0.684375 0.115625 0.09453125
11 0.3609375 0.340625 0.05859375 0.090625
11 0.20546875 0.3375 0.10859375 0.0828125
5 0.22265625 0.2765625 0.04921875 0.11796875
5 0.23359375 0.42578125 0.10703125 0.046875
6 0.35703125 0.6609375 0.05078125 0.0734375
6 0.31484375 0.3265625 0.04453125 0.1015625
7 0.15859375 0.1578125 0.09921875 0.0609375
7 0.2703125 0.44375 0.1046875 0.02734375
12 0.38515625 0.7390625 0.0375 0.08984375
12 0.25859375 0.64765625 0.05703125 0.0671875
13 0.51328125 0.29375 0.10390625 0.07421875
13 0.14609375 0.3765625 0.09140625 0.03125
14 0.1703125 0.52421875 0.03984375 0.084375
14 0.2875 0.490625 0.04296875 0.08125
15 0.1875 0.09296875 0.05390625 0.08203125
15 0.24609375 0.04296875 0.08359375 0.0375
16 0.259375 0.696875 0.065625 0.0703125
16 0.16953125 0.35546875 0.07734375 0.0375
17 0.24765625 0.77578125 0.04609375 0.07109375
17 0.21953125 0.6890625 0.05625 0.05078125
18 0.33359375 0.59296875 0.04296875 0.059375
18 0.2078125 0.4890625 0.03203125 0.06171875
19 0.3953125 0.23984375 0.05234375 0.05390625
19 0.13984375 0.421875 0.05859375 0.04296875
20 0.4734375 0.31875 0.028125 0.05
20 0.359375 0.60390625 0.025 0.05
21 0.7125 0.8140625 0.0296875 0.0515625
21 0.11640625 0.31171875 0.04609375 0.0421875
22 0.37890625 0.30703125 0.11015625 0.09453125
22 0.29609375 0.11953125 0.071875 0.06171875