0 0.4578125 0.565625 0.10234375 0.1359375
0 0.5296875 0.2015625 0.10859375 0.21015625
1 0.60703125 0.3640625 0.0828125 0.2109375
1 0.7515625 0.29375 0.0875 0.1046875
2 0.3703125 0.35390625 0.121875 0.0875
2 0.91640625 0.44765625 0.0875 0.159375
3 0.2859375 0.2109375 0.0640625 0.15546875
3 0.62109375 0.4890625 0.12265625 0.10390625
4 0.4875 0.85546875 0.11796875 0.12265625
4 0.70703125 0.171875 0.0515625 0.1609375
8 0.32578125 0.70390625 0.046875 0.1671875
8 0.603125 0.73125 0.08046875 0.115625
9 0.8859375 0.60078125 0.1265625 0.0765625
9 0.45 0.25234375 0.0625 0.125
10 0.61171875 0.63046875 0.0515625 0.11328125
10 0.18046875 0.4421875 0.1109375 0.0828125
11 0.50234375 0.74453125 0.11171875 0.05859375
11 0.8109375 0.428125 0.05078125 0.125
5 0.4109375 0.74609375 0.08046875 0.11875
5 0.58515625 0.31015625 0.07109375 0.08046875
6 0.178125 0.534375 0.09375 0.06796875
6 0.35390625 0.234375 0.053125 0.125
7 0.23828125 0.3640625 0.0984375 0.07890625
7 0.76328125 0.47578125 0.0828125 0.1046875
12 0.8203125 0.421875 0.10078125 0.0640625
12 0.58203125 0.740625 0.04921875 0.10234375
13 0.2125 0.72109375 0.0640625 0.09296875
13 0.26953125 0.47578125 0.06484375 0.06796875
14 0.265625 0.6421875 0.09609375 0.04765625
14 0.31015625 0.5265625 0.0359375 0.1046875
15 0.27890625 0.75234375 0.08203125 0.053125
15 0.165625 0.61953125 0.06640625 0.07734375
16 0.30859375 0.6046875 0.078125 0.0515625
16 0.54609375 0.4125 0.06640625 0.07109375
17 0.88359375 0.6765625 0.05390625 0.09140625
17 0.465625 0.66796875 0.05546875 0.075
18 0.57109375 0.60390625 0.05859375 0.071875
18 0.25859375 0.5109375 0.04296875 0.06796875
19 0.19765625 0.678125 0.0375 0.071875
19 0.52890625 0.36875 0.06875 0.0421875
20 0.65390625 0.53359375 0.05625 0.05546875
20 0.39609375 0.32265625 0.03828125 0.05703125
21 0.27109375 0.4328125 0.04453125 0.05546875
21 0.6015625 0.41015625 0.05546875 0.04921875
22 0.7265625 0.58515625 0.13125 0.0453125
22 0.23828125 0.2828125 0.08671875 0.09140625