0 0.26328125 0.48671875 0.11171875 0.1484375
0 0.2203125 0.45625 0.165625 0.15390625
1 0.5671875 0.13828125 0.16953125 0.115625
1 0.746875 0.659375 0.21328125 0.10859375
2 0.47421875 0.67734375 0.0703125 0.20390625
2 0.5109375 0.534375 0.103125 0.14296875
3 0.2171875 0.72421875 0.1328125 0.15703125
3 0.2640625 0.659375 0.08828125 0.1609375
4 0.315625 0.2234375 0.1125 0.15
4 0.709375 0.6921875 0.09765625 0.1734375
8 0.6984375 0.17890625 0.14375 0.1359375
8 0.3484375 0.37421875 0.08828125 0.1265625
9 0.59921875 0.746875 0.14140625 0.07109375
9 0.28125 0.6640625 0.15234375 0.0890625
10 0.2328125 0.6828125 0.05546875 0.1234375
10 0.31953125 0.5875 0.103125 0.103125
11 0.196875 0.38203125 0.125 0.08046875
11 0.775 0.55078125 0.115625 0.1015625
5 0.590625 0.6109375 0.04765625 0.1359375
5 0.50546875 0.72734375 0.12265625 0.05390625
6 0.14921875 0.3390625 0.0921875 0.11640625
6 0.77265625 0.4421875 0.1265625 0.10390625
7 0.475 0.334375 0.1234375 0.05703125
7 0.46640625 0.88828125 0.134375 0.07109375
12 0.30859375 0.11484375 0.084375 0.0875
12 0.38828125 0.23828125 0.053125 0.1125
13 0.43359375 0.5171875 0.07578125 0.084375
13 0.6390625 0.57109375 0.075 0.071875
14 0.37265625 0.6359375 0.06796875 0.078125
14 0.565625 0.346875 0.05859375 0.10859375
15 0.478125 0.253125 0.05703125 0.096875
15 0.1765625 0.46015625 0.04609375 0.090625
16 0.40234375 0.578125 0.06796875 0.0765625
16 0.803125 0.515625 0.0921875 0.05390625
17 0.34140625 0.38046875 0.0546875 0.0609375
17 0.38671875 0.30390625 0.07734375 0.04140625
18 0.52109375 0.4609375 0.04453125 0.08046875
18 0.39921875 0.784375 0.0546875 0.065625
19 0.25625 0.35703125 0.071875 0.05859375
19 0.4328125 0.771875 0.06640625 0.053125
20 0.3453125 0.54140625 0.04609375 0.06640625
20 0.40390625 0.48203125 0.04453125 0.05546875
21 0.534375 0.615625 0.053125 0.053125
21 0.371875 0.50234375 0.03671875 0.06796875
22 0.359375 0.765625 0.1046875 0.121875
23 0.240625 0.19375 0.04921875 0.05390625