0 0.73359375 0.58046875 0.13828125 0.0890625
0 0.81484375 0.728125 0.15859375 0.0828125
1 0.83828125 0.3546875 0.11484375 0.12265625
1 0.65625 0.4859375 0.1171875 0.14375
2 0.6078125 0.41640625 0.12890625 0.0640625
2 0.90546875 0.6 0.05625 0.1453125
3 0.1515625 0.21640625 0.075 0.14140625
3 0.353125 0.7234375 0.06015625 0.16015625
4 0.509375 0.540625 0.109375 0.08046875
4 0.7578125 0.68671875 0.09140625 0.13203125
8 0.1125 0.44453125 0.10390625 0.1078125
8 0.83046875 0.91796875 0.11328125 0.1125
9 0.79140625 0.5796875 0.08828125 0.07421875
9 0.55625 0.7625 0.115625 0.07421875
10 0.20546875 0.396875 0.0609375 0.10625
10 0.74140625 0.909375 0.11328125 0.04140625
11 0.48203125 0.51640625 0.07578125 0.1015625
11 0.59921875 0.409375 0.06015625 0.0859375
5 0.68671875 0.7671875 0.0921875 0.0734375
5 0.56484375 0.8328125 0.05859375 0.09921875
6 0.496875 0.37578125 0.0859375 0.0515625
6 0.64140625 0.56875 0.08671875 0.06484375
7 0.63125 0.4703125 0.0734375 0.08359375
7 0.828125 0.47421875 0.09609375 0.04765625
12 0.4296875 0.6296875 0.03828125 0.0875
12 0.7453125 0.53828125 0.03984375 0.09296875
13 0.446875 0.3359375 0.0421875 0.08984375
13 0.9359375 0.8359375 0.053125 0.1015625
14 0.525 0.60390625 0.0265625 0.0859375
14 0.5421875 0.4875 0.065625 0.03515625
15 0.1921875 0.05 0.0328125 0.08359375
15 0.58203125 0.64296875 0.0578125 0.05859375
16 0.49375 0.70625 0.0390625 0.07734375
16 0.6421875 0.725 0.059375 0.046875
17 0.2734375 0.1921875 0.053125 0.04765625
17 0.25078125 0.25390625 0.04375 0.05546875
18 0.24453125 0.30703125 0.034375 0.06328125
18 0.66484375 0.81953125 0.0546875 0.03203125
19 0.85859375 0.253125 0.03984375 0.0515625
19 0.40625 0.8328125 0.04609375 0.05703125
20 0.88828125 0.2234375 0.0390625 0.05234375
20 0.73359375 0.603125 0.028125 0.0453125
21 0.4390625 0.50546875 0.040625 0.04921875
21 0.57421875 0.46328125 0.0375 0.040625
22 0.67890625 0.79296875 0.10625 0.0859375
23 0.41015625 0.42890625 0.0484375 0.0265625