0 0.2046875 0.32421875 0.1328125 0.196875
0 0.18046875 0.24375 0.134375 0.24375
1 0.290625 0.1296875 0.1328125 0.08984375
1 0.42421875 0.29375 0.10078125 0.12890625
2 0.6734375 0.7625 0.08828125 0.2140625
2 0.4109375 0.4578125 0.1546875 0.146875
3 0.45546875 0.75703125 0.10625 0.165625
3 0.475 0.77265625 0.159375 0.14375
4 0.82578125 0.59453125 0.1546875 0.09375
4 0.67890625 0.521875 0.146875 0.13671875
8 0.2640625 0.77890625 0.075 0.165625
8 0.35625 0.39296875 0.134375 0.11875
9 0.66796875 0.3953125 0.1578125 0.10859375
9 0.53828125 0.60390625 0.13828125 0.0984375
10 0.503125 0.86015625 0.11171875 0.1203125
10 0.2234375 0.32109375 0.12578125 0.125
11 0.32265625 0.48671875 0.109375 0.1015625
11 0.53515625 0.19453125 0.1296875 0.04296875
5 0.56796875 0.4140625 0.05390625 0.140625
5 0.5265625 0.2328125 0.134375 0.04296875
6 0.38984375 0.69296875 0.0828125 0.1265625
6 0.303125 0.565625 0.12421875 0.05859375
7 0.64765625 0.71640625 0.1296875 0.1
7 0.1609375 0.65234375 0.10625 0.121875
12 0.4640625 0.56875 0.1203125 0.0515625
12 0.5109375 0.278125 0.09296875 0.0515625
13 0.65390625 0.35078125 0.05703125 0.1171875
13 0.290625 0.61953125 0.1109375 0.08515625
14 0.44375 0.69140625 0.06328125 0.11171875
14 0.41171875 0.528125 0.084375 0.06875
15 0.6171875 0.34140625 0.04296875 0.11015625
15 0.5453125 0.640625 0.08828125 0.0515625
16 0.86328125 0.4640625 0.09375 0.09375
16 0.71484375 0.48046875 0.09375 0.053125
17 0.69375 0.40859375 0.05703125 0.08515625
17 0.56328125 0.15703125 0.08984375 0.04140625
18 0.80390625 0.6890625 0.05703125 0.0921875
18 0.55625 0.34453125 0.05546875 0.075
19 0.21015625 0.4609375 0.0578125 0.0765625
19 0.146875 0.46875 0.05 0.08515625
20 0.5015625 0.46953125 0.0625 0.0484375
20 0.53203125 0.31875 0.0515625 0.05859375
21 0.28359375 0.44140625 0.071875 0.04296875
21 0.27421875 0.48046875 0.06796875 0.04375
22 0.57578125 0.83359375 0.07578125 0.15703125
23 0.5546875 0.53046875 0.0390625 0.0546875