0 0.73125 0.25234375 0.1265625 0.26953125
0 0.721875 0.8484375 0.11796875 0.271875
1 0.2578125 0.53125 0.08203125 0.259375
1 0.0765625 0.5328125 0.07734375 0.26640625
2 0.51015625 0.30546875 0.13359375 0.15390625
2 0.73046875 0.684375 0.17265625 0.08828125
3 0.259375 0.7109375 0.134375 0.13515625
3 0.59765625 0.19609375 0.09765625 0.16796875
4 0.265625 0.284375 0.1109375 0.16796875
4 0.7625 0.60390625 0.1265625 0.1421875
8 0.19609375 0.6296875 0.10234375 0.16953125
8 0.6421875 0.50625 0.12265625 0.1125
9 0.70390625 0.5078125 0.121875 0.1265625
9 0.58984375 0.1703125 0.1375 0.05703125
10 0.86796875 0.6859375 0.1125 0.109375
10 0.53515625 0.259375 0.09296875 0.1109375
11 0.19609375 0.446875 0.0578125 0.15390625
11 0.1328125 0.428125 0.0796875 0.15390625
5 0.33671875 0.246875 0.040625 0.14375
5 0.60859375 0.7890625 0.09765625 0.128125
6 0.25 0.321875 0.06171875 0.1453125
6 0.72734375 0.55078125 0.103125 0.10234375
7 0.45078125 0.0796875 0.10234375 0.1109375
7 0.56796875 0.45 0.06953125 0.11796875
12 0.6390625 0.325 0.09140625 0.10390625
12 0.68203125 0.7796875 0.04296875 0.11953125
13 0.50078125 0.4390625 0.0421875 0.128125
13 0.41015625 0.40859375 0.0484375 0.1109375
14 0.33046875 0.71875 0.065625 0.08828125
14 0.378125 0.3984375 0.02890625 0.12265625
15 0.3390625 0.54140625 0.04296875 0.10703125
15 0.73828125 0.41015625 0.0875 0.05546875
16 0.440625 0.31484375 0.046875 0.09375
16 0.82734375 0.7421875 0.046875 0.11796875
17 0.540625 0.6828125 0.08515625 0.0671875
17 0.54375 0.55859375 0.046875 0.1
18 0.48203125 0.6046875 0.071875 0.05
18 0.69375 0.4390625 0.06015625 0.0515625
19 0.43203125 0.5734375 0.06171875 0.08828125
19 0.28984375 0.40625 0.05859375 0.07265625
20 0.46484375 0.44609375 0.04296875 0.07265625
20 0.428125 0.45625 0.03515625 0.0640625
21 0.31328125 0.50234375 0.03828125 0.08125
21 0.55234375 0.2234375 0.03515625 0.07578125
22 0.32421875 0.7875 0.1203125 0.08671875
23 0.59921875 0.403125 0.06953125 0.0484375