0 0.1546875 0.3734375 0.065625 0.1078125
0 0.428125 0.56328125 0.1328125 0.03203125
1 0.4703125 0.64921875 0.10546875 0.10234375
1 0.4921875 0.9234375 0.10234375 0.07421875
2 0.240625 0.0890625 0.0859375 0.1140625
2 0.35859375 0.6640625 0.0921875 0.071875
3 0.5375 0.38203125 0.046875 0.11640625
3 0.3703125 0.91875 0.08125 0.0671875
4 0.5765625 0.89609375 0.0890625 0.0671875
4 0.47265625 0.84375 0.0328125 0.11875
8 0.3140625 0.678125 0.0546875 0.1046875
8 0.22421875 0.7453125 0.08984375 0.04765625
9 0.671875 0.30625 0.04453125 0.08203125
9 0.42578125 0.56171875 0.0453125 0.07734375
10 0.48046875 0.59609375 0.06796875 0.05
10 0.5 0.859375 0.034375 0.0921875
11 0.1765625 0.50546875 0.0546875 0.0734375
11 0.2859375 0.7140625 0.06875 0.0390625
5 0.20078125 0.68046875 0.06796875 0.06171875
5 0.5421875 0.3984375 0.06875 0.040625
6 0.96796875 0.303125 0.02890625 0.09375
6 0.603125 0.6828125 0.0484375 0.0796875
7 0.59609375 0.63125 0.06796875 0.03203125
7 0.42421875 0.88125 0.0265625 0.09453125
12 0.6796875 0.47578125 0.04296875 0.0453125
12 0.35234375 0.8625 0.05390625 0.0421875
13 0.1390625 0.45625 0.04609375 0.065625
13 0.38203125 0.853125 0.04453125 0.06875
14 0.59921875 0.9328125 0.04765625 0.05546875
14 0.528125 0.8265625 0.05078125 0.04296875
15 0.20390625 0.49375 0.02421875 0.0734375
15 0.81484375 0.4265625 0.053125 0.04765625
16 0.459375 0.6953125 0.04453125 0.05078125
16 0.47734375 0.715625 0.04296875 0.0546875
17 0.26640625 0.23515625 0.05078125 0.03125
17 0.45 0.7515625 0.04453125 0.03125
18 0.6078125 0.87734375 0.03828125 0.034375
18 0.39765625 0.79921875 0.03828125 0.04765625
19 0.634375 0.5796875 0.04140625 0.04296875
19 0.41875 0.7234375 0.0234375 0.05546875
20 0.61796875 0.8390625 0.03984375 0.0296875
20 0.640625 0.865625 0.025 0.04609375
21 0.6421875 0.69921875 0.021875 0.046875
21 0.49375 0.534375 0.03984375 0.03046875
22 0.59140625 0.43515625 0.03359375 0.09453125
23 0.496875 0.7328125 0.025 0.03828125