0 0.50390625 0.33671875 0.0734375 0.18359375
0 0.625 0.54375 0.05703125 0.20703125
1 0.81171875 0.3703125 0.18828125 0.06640625
1 0.59921875 0.78515625 0.15390625 0.11796875
2 0.34921875 0.23671875 0.071875 0.140625
2 0.54453125 0.31484375 0.075 0.13125
3 0.49296875 0.71953125 0.0640625 0.125
3 0.42421875 0.2578125 0.0984375 0.07265625
4 0.5875 0.496875 0.165625 0.0796875
4 0.31015625 0.57265625 0.11640625 0.07734375
8 0.37734375 0.815625 0.14296875 0.08515625
8 0.26796875 0.540625 0.1296875 0.08515625
9 0.66875 0.2625 0.128125 0.09375
9 0.34375 0.71015625 0.096875 0.1109375
10 0.559375 0.43359375 0.075 0.09609375
10 0.57578125 0.89140625 0.071875 0.10546875
11 0.45546875 0.38984375 0.0984375 0.07734375
11 0.89140625 0.4265625 0.12265625 0.07578125
5 0.71328125 0.228125 0.1046875 0.08046875
5 0.42890625 0.81875 0.08828125 0.096875
6 0.465625 0.51953125 0.04765625 0.0890625
6 0.38515625 0.5875 0.08359375 0.09140625
7 0.7375 0.4453125 0.125 0.059375
7 0.42265625 0.496875 0.04453125 0.096875
12 0.6078125 0.28671875 0.04140625 0.0796875
12 0.67578125 0.6390625 0.065625 0.065625
13 0.353125 0.3453125 0.1 0.075
13 0.5046875 0.884375 0.06875 0.078125
14 0.87734375 0.47265625 0.11328125 0.02890625
14 0.49375 0.7203125 0.0984375 0.04453125
15 0.57578125 0.5828125 0.0625 0.0453125
15 0.4296875 0.6609375 0.075 0.06171875
16 0.7234375 0.4875 0.0734375 0.065625
16 0.54375 0.75546875 0.05546875 0.06171875
17 0.61328125 0.35 0.05703125 0.05625
17 0.35625 0.64453125 0.04921875 0.06171875
18 0.5 0.46328125 0.0390625 0.05234375
18 0.6125 0.7203125 0.0671875 0.04453125
19 0.52890625 0.55234375 0.05546875 0.05
19 0.54921875 0.6390625 0.071875 0.04453125
20 0.13203125 0.08125 0.0640625 0.04765625
20 0.52890625 0.32734375 0.05234375 0.040625
21 0.61171875 0.81640625 0.06875 0.0359375
21 0.55703125 0.67734375 0.05703125 0.040625
22 0.5390625 0.2265625 0.0921875 0.09921875
22 0.4171875 0.56953125 0.08203125 0.0875