0 0.109375 0.8578125 0.1265625 0.225
0 0.653125 0.72578125 0.12109375 0.1984375
1 0.31796875 0.5453125 0.18984375 0.13515625
1 0.33515625 0.55390625 0.17734375 0.16875
2 0.54609375 0.70859375 0.171875 0.07578125
2 0.33125 0.475 0.13828125 0.07734375
3 0.29140625 0.1296875 0.18125 0.0953125
3 0.26328125 0.27890625 0.14375 0.1171875
4 0.24375 0.9453125 0.09921875 0.078125
4 0.76953125 0.56796875 0.09765625 0.09375
8 0.28828125 0.834375 0.1265625 0.07578125
8 0.48515625 0.3890625 0.09453125 0.109375
9 0.325 0.64765625 0.15078125 0.03359375
9 0.22109375 0.50546875 0.06796875 0.12109375
10 0.925 0.54453125 0.09765625 0.103125
10 0.65703125 0.5203125 0.12578125 0.05625
11 0.78515625 0.4765625 0.0890625 0.1
11 0.36796875 0.35 0.13359375 0.06953125
5 0.47890625 0.309375 0.1046875 0.065625
5 0.24375 0.28125 0.128125 0.09140625
6 0.31640625 0.77890625 0.10859375 0.09140625
6 0.54296875 0.5453125 0.0375 0.1171875
7 0.54453125 0.7015625 0.09375 0.1
7 0.59375 0.55859375 0.0515625 0.103125
12 0.728125 0.7 0.03359375 0.0953125
12 0.77421875 0.70078125 0.053125 0.10390625
13 0.38515625 0.7546875 0.06953125 0.08125
13 0.3671875 0.6859375 0.09453125 0.05390625
14 0.4484375 0.71328125 0.08203125 0.071875
14 0.44140625 0.528125 0.09921875 0.05
15 0.46484375 0.3921875 0.07109375 0.053125
15 0.36171875 0.58125 0.08203125 0.05
16 0.28671875 0.70078125 0.08203125 0.06796875
16 0.60625 0.48046875 0.090625 0.04765625
17 0.8671875 0.51640625 0.0671875 0.05625
17 0.83125 0.4875 0.0390625 0.075
18 0.47578125 0.78359375 0.05546875 0.06953125
18 0.3015625 0.81796875 0.07421875 0.034375
19 0.40625 0.834375 0.07109375 0.0421875
19 0.7109375 0.60546875 0.0625 0.04765625
20 0.5125 0.48359375 0.04296875 0.05390625
20 0.55546875 0.43671875 0.065625 0.0421875
21 0.446875 0.6375 0.0515625 0.053125
21 0.5390625 0.53359375 0.0625 0.0375
22 0.57734375 0.6296875 0.1140625 0.0640625
23 0.5453125 0.7703125 0.0359375 0.0578125