0 0.32265625 0.29296875 0.21875 0.13125
0 0.3359375 0.628125 0.11015625 0.16171875
1 0.65625 0.57265625 0.0671875 0.23671875
1 0.721875 0.346875 0.21484375 0.1234375
2 0.55234375 0.4375 0.06171875 0.20546875
2 0.49140625 0.15546875 0.1328125 0.16328125
3 0.3296875 0.5484375 0.15 0.11328125
3 0.5625 0.590625 0.11328125 0.17734375
4 0.49453125 0.73828125 0.0984375 0.1171875
4 0.40546875 0.63359375 0.15 0.115625
8 0.46953125 0.2421875 0.07890625 0.15703125
8 0.15234375 0.43515625 0.14609375 0.11328125
9 0.36171875 0.39375 0.1203125 0.1171875
9 0.22890625 0.38671875 0.12421875 0.1234375
10 0.74375 0.42421875 0.12421875 0.09921875
10 0.51640625 0.60390625 0.08984375 0.14375
11 0.62578125 0.42109375 0.0703125 0.14140625
11 0.39765625 0.2078125 0.07265625 0.121875
5 0.24296875 0.48984375 0.0484375 0.14765625
5 0.2578125 0.6375 0.0546875 0.1390625
6 0.5421875 0.8328125 0.12734375 0.0875
6 0.646875 0.590625 0.13046875 0.0859375
7 0.82421875 0.54296875 0.065625 0.153125
7 0.57265625 0.16953125 0.11875 0.11953125
12 0.3796875 0.28515625 0.04609375 0.12734375
12 0.4671875 0.478125 0.10859375 0.059375
13 0.54140625 0.265625 0.0703125 0.09375
13 0.4609375 0.40625 0.06171875 0.115625
14 0.709375 0.496875 0.07578125 0.109375
14 0.33046875 0.2234375 0.04453125 0.11953125
15 0.440625 0.54453125 0.07265625 0.08203125
15 0.30625 0.3953125 0.07890625 0.08984375
16 0.421875 0.85390625 0.0859375 0.10546875
16 0.39609375 0.51328125 0.05859375 0.09765625
17 0.615625 0.86484375 0.0640625 0.09140625
17 0.53359375 0.3328125 0.065625 0.0796875
18 0.553125 0.7640625 0.084375 0.0578125
18 0.32578125 0.74921875 0.06015625 0.0875
19 0.59453125 0.684375 0.05 0.09375
19 0.584375 0.4265625 0.0671875 0.04765625
20 0.47265625 0.62421875 0.053125 0.05390625
20 0.29765625 0.4515625 0.04453125 0.0578125
21 0.42578125 0.77890625 0.0671875 0.0515625
21 0.42109375 0.7125 0.053125 0.0734375
22 0.90703125 0.5296875 0.1 0.16328125