0 0.5140625 0.37890625 0.15234375 0.06640625
0 0.7078125 0.42734375 0.0921875 0.1265625
1 0.609375 0.72734375 0.05625 0.1625
1 0.234375 0.4171875 0.15234375 0.03984375
2 0.46171875 0.73046875 0.05234375 0.14140625
2 0.596875 0.40859375 0.075 0.1390625
3 0.3390625 0.7609375 0.06640625 0.1296875
3 0.5078125 0.5546875 0.05859375 0.10390625
4 0.36953125 0.3546875 0.06015625 0.090625
4 0.91953125 0.246875 0.13828125 0.04609375
8 0.515625 0.70390625 0.06015625 0.10625
8 0.7515625 0.3890625 0.0828125 0.084375
9 0.1890625 0.3546875 0.09296875 0.05859375
9 0.33984375 0.4296875 0.05234375 0.08046875
10 0.13046875 0.53359375 0.053125 0.07109375
10 0.51953125 0.42734375 0.0828125 0.05078125
11 0.38828125 0.696875 0.07109375 0.0640625
11 0.27265625 0.33046875 0.078125 0.053125
5 0.575 0.7625 0.0859375 0.053125
5 0.25390625 0.33125 0.06640625 0.08125
6 0.6296875 0.6296875 0.09296875 0.0640625
6 0.5875 0.471875 0.08125 0.0578125
7 0.25234375 0.45 0.03203125 0.10546875
7 0.8328125 0.534375 0.09921875 0.05625
12 0.28203125 0.7640625 0.04375 0.078125
12 0.83359375 0.0765625 0.06953125 0.0640625
13 0.1421875 0.62421875 0.05546875 0.06640625
13 0.3984375 0.37734375 0.07265625 0.04765625
14 0.3 0.41953125 0.04921875 0.07109375
14 0.40859375 0.47734375 0.0421875 0.0625
15 0.41875 0.7625 0.03359375 0.065625
15 0.77890625 0.128125 0.0671875 0.0375
16 0.69140625 0.77265625 0.046875 0.0640625
16 0.48203125 0.7140625 0.06953125 0.03828125
17 0.4 0.7984375 0.03984375 0.05546875
17 0.19765625 0.66015625 0.02734375 0.06328125
18 0.36953125 0.61328125 0.04453125 0.0484375
18 0.246875 0.37890625 0.03671875 0.053125
19 0.56015625 0.978125 0.05078125 0.03046875
19 0.61015625 0.53984375 0.0421875 0.05390625
20 0.39296875 0.63125 0.0375 0.040625
20 0.17890625 0.47421875 0.04140625 0.0375
21 0.45078125 0.65625 0.02890625 0.0453125
21 0.21796875 0.4578125 0.0296875 0.03828125
22 0.0796875 0.575 0.07265625 0.0859375
22 0.453125 0.46171875 0.0484375 0.0625