0 0.78046875 0.4875 0.12578125 0.0796875
0 0.8453125 0.50390625 0.1 0.16484375
1 0.5 0.60859375 0.13828125 0.13671875
1 0.10078125 0.53203125 0.14296875 0.18515625
2 0.890625 0.47265625 0.125 0.11640625
2 0.253125 0.6046875 0.11953125 0.075
3 0.10234375 0.303125 0.084375 0.1390625
3 0.20546875 0.19609375 0.159375 0.08125
4 0.61015625 0.77265625 0.175 0.0515625
4 0.55625 0.24453125 0.10625 0.0984375
8 0.365625 0.63125 0.07109375 0.11015625
8 0.10859375 0.2671875 0.1671875 0.07578125
9 0.79375 0.6734375 0.13125 0.090625
9 0.6171875 0.3171875 0.13046875 0.0484375
10 0.74140625 0.596875 0.1171875 0.0453125
10 0.596875 0.47265625 0.09296875 0.071875
11 0.69453125 0.43359375 0.06171875 0.0921875
11 0.26640625 0.14140625 0.13828125 0.0421875
5 0.9234375 0.58359375 0.05546875 0.10625
5 0.19765625 0.31015625 0.12734375 0.04375
6 0.78671875 0.35078125 0.10390625 0.0640625
6 0.4296875 0.32890625 0.1078125 0.0625
7 0.0984375 0.49609375 0.13125 0.0640625
7 0.21484375 0.0953125 0.1328125 0.06015625
12 0.55703125 0.53515625 0.096875 0.034375
12 0.5515625 0.43125 0.0578125 0.0796875
13 0.728125 0.30625 0.05 0.06875
13 0.4640625 0.5765625 0.096875 0.03125
14 0.903125 0.93828125 0.1171875 0.0484375
14 0.70859375 0.54375 0.084375 0.05
15 0.6203125 0.409375 0.065625 0.0484375
15 0.56796875 0.59609375 0.07109375 0.05
16 0.55625 0.95234375 0.0984375 0.05
16 0.2171875 0.25234375 0.0484375 0.0578125
17 0.48984375 0.24140625 0.08125 0.040625
17 0.16171875 0.36171875 0.0765625 0.0546875
18 0.75390625 0.4390625 0.06171875 0.0375
18 0.671875 0.275 0.05234375 0.040625
19 0.79140625 0.35234375 0.05 0.05078125
19 0.4484375 0.14140625 0.065625 0.0484375
20 0.76875 0.3140625 0.0390625 0.046875
20 0.68203125 0.3265625 0.05234375 0.02578125
21 0.7765625 0.53671875 0.05546875 0.028125
21 0.7046875 0.2359375 0.04609375 0.0453125
22 0.31171875 0.08671875 0.1546875 0.046875
23 0.43046875 0.52109375 0.06171875 0.0515625