0 0.7875 0.28203125 0.0875 0.275
0 0.29453125 0.31328125 0.16328125 0.18359375
1 0.23125 0.36328125 0.14140625 0.1625
1 0.59609375 0.17890625 0.134375 0.2
2 0.6828125 0.83515625 0.0828125 0.2484375
2 0.1953125 0.5625 0.1046875 0.20390625
3 0.58203125 0.39609375 0.0890625 0.12109375
3 0.53828125 0.85703125 0.1703125 0.1359375
4 0.3390625 0.4375 0.12421875 0.10390625
4 0.60859375 0.20546875 0.15859375 0.1140625
8 0.79375 0.81015625 0.1125 0.1234375
8 0.6453125 0.64140625 0.15859375 0.12109375
9 0.51171875 0.8359375 0.14296875 0.12109375
9 0.4296875 0.76171875 0.07109375 0.1765625
10 0.58125 0.46328125 0.13828125 0.09453125
10 0.33125 0.59296875 0.11796875 0.13203125
11 0.24921875 0.5921875 0.07890625 0.16640625
11 0.18984375 0.3875 0.11953125 0.10390625
5 0.78359375 0.53203125 0.10625 0.14609375
5 0.6828125 0.7484375 0.1328125 0.10703125
6 0.47734375 0.55703125 0.06875 0.15703125
6 0.24921875 0.2046875 0.14296875 0.0625
7 0.8125 0.69375 0.1265625 0.1015625
7 0.4078125 0.25703125 0.11640625 0.1109375
12 0.7265625 0.68203125 0.05078125 0.12890625
12 0.51640625 0.7 0.084375 0.1109375
13 0.71015625 0.21640625 0.0875 0.1109375
13 0.4140625 0.61484375 0.08125 0.10546875
14 0.60859375 0.80625 0.05390625 0.11953125
14 0.1578125 0.47421875 0.0875 0.11640625
15 0.625 0.5546875 0.09453125 0.05859375
15 0.23984375 0.57421875 0.10078125 0.0765625
16 0.3625 0.5078125 0.10625 0.04453125
16 0.10546875 0.45234375 0.0625 0.11953125
17 0.5640625 0.5828125 0.0875 0.0625
17 0.40703125 0.3859375 0.046875 0.09609375
18 0.6078125 0.30546875 0.0609375 0.075
18 0.30703125 0.55625 0.0484375 0.08359375
19 0.8640625 0.62578125 0.07109375 0.09453125
19 0.48515625 0.15625 0.05859375 0.08359375
20 0.375 0.6015625 0.0421875 0.0609375
20 0.36171875 0.46171875 0.0671875 0.0484375
21 0.45703125 0.35390625 0.07421875 0.05
21 0.32421875 0.3296875 0.0453125 0.0765625
22 0.32890625 0.71953125 0.08046875 0.1609375
22 0.40703125 0.1484375 0.09609375 0.1