0 0.478125 0.225 0.12578125 0.12265625
0 0.4703125 0.17421875 0.2265625 0.1140625
1 0.3125 0.325 0.15 0.1796875
1 0.2609375 0.6765625 0.23359375 0.125
2 0.66171875 0.5609375 0.2296875 0.0875
2 0.325 0.81328125 0.06875 0.20390625
3 0.58515625 0.3328125 0.175 0.06484375
3 0.21640625 0.1640625 0.12734375 0.15859375
4 0.66328125 0.25 0.11640625 0.13984375
4 0.428125 0.43515625 0.20703125 0.0625
8 0.74296875 0.4890625 0.11171875 0.1640625
8 0.4046875 0.08828125 0.1890625 0.11640625
9 0.8984375 0.72109375 0.11875 0.15
9 0.21640625 0.37109375 0.15703125 0.10234375
10 0.203125 0.1984375 0.1734375 0.0453125
10 0.22578125 0.54296875 0.0765625 0.1390625
11 0.471875 0.30546875 0.16953125 0.0640625
11 0.21875 0.6625 0.1609375 0.0578125
5 0.87109375 0.83046875 0.12890625 0.0984375
5 0.41640625 0.890625 0.11484375 0.1140625
6 0.66796875 0.396875 0.14375 0.05625
6 0.196875 0.76640625 0.1484375 0.07734375
7 0.325 0.45 0.07421875 0.13984375
7 0.1875 0.57421875 0.15703125 0.0484375
12 0.2078125 0.425 0.1328125 0.0578125
12 0.50234375 0.75078125 0.08671875 0.12109375
13 0.56796875 0.60859375 0.14296875 0.03515625
13 0.55859375 0.64609375 0.12734375 0.05234375
14 0.51171875 0.49140625 0.0671875 0.1
14 0.27890625 0.26796875 0.06015625 0.1140625
15 0.2015625 0.28125 0.10625 0.0703125
15 0.22890625 0.8578125 0.07109375 0.0953125
16 0.13359375 0.3015625 0.08515625 0.0546875
16 0.425 0.8296875 0.05 0.10390625
17 0.48046875 0.46015625 0.07109375 0.0703125
17 0.34453125 0.7484375 0.06015625 0.075
18 0.54921875 0.5265625 0.0796875 0.06484375
18 0.20625 0.715625 0.04921875 0.0890625
19 0.86171875 0.61953125 0.0921875 0.0640625
19 0.25703125 0.790625 0.08671875 0.0484375
20 0.3265625 0.28671875 0.07109375 0.04609375
20 0.39453125 0.73828125 0.04765625 0.06875
21 0.4609375 0.5171875 0.0765625 0.0484375
21 0.353125 0.5828125 0.09921875 0.0359375
22 0.7546875 0.48046875 0.1328125 0.12890625
23 0.28125 0.57265625 0.0421875 0.06484375