0 0.68046875 0.259375 0.1109375 0.17109375
0 0.365625 0.28203125 0.12265625 0.1734375
1 0.76015625 0.32890625 0.07734375 0.2828125
1 0.78671875 0.25859375 0.15625 0.12421875
2 0.57109375 0.75625 0.11328125 0.10859375
2 0.51484375 0.50703125 0.0859375 0.2171875
3 0.33828125 0.80078125 0.17265625 0.115625
3 0.13359375 0.2125 0.0484375 0.221875
4 0.328125 0.47265625 0.08671875 0.190625
4 0.22578125 0.31640625 0.0859375 0.20078125
8 0.825 0.76875 0.18671875 0.05546875
8 0.471875 0.55859375 0.0921875 0.19375
9 0.51328125 0.89296875 0.1109375 0.17265625
9 0.46171875 0.2828125 0.15 0.11015625
10 0.93515625 0.4140625 0.1015625 0.13828125
10 0.26875 0.3671875 0.05625 0.16953125
11 0.796875 0.146875 0.1453125 0.0765625
11 0.7375 0.621875 0.1203125 0.11171875
5 0.63046875 0.54140625 0.1453125 0.0609375
5 0.3796875 0.48203125 0.07109375 0.1453125
6 0.6625 0.70625 0.0859375 0.14375
6 0.34453125 0.11875 0.0484375 0.16640625
7 0.83984375 0.415625 0.0921875 0.12109375
7 0.19765625 0.6328125 0.05234375 0.1578125
12 0.7921875 0.34375 0.090625 0.0859375
12 0.5671875 0.64609375 0.09296875 0.0859375
13 0.478125 0.73125 0.046875 0.1453125
13 0.4984375 0.1203125 0.109375 0.06484375
14 0.69453125 0.128125 0.07734375 0.134375
14 0.4 0.6734375 0.1140625 0.0734375
15 0.253125 0.76953125 0.065625 0.09921875
15 0.53359375 0.1953125 0.10078125 0.05234375
16 0.246875 0.5296875 0.090625 0.05390625
16 0.5515625 0.49296875 0.0546875 0.09921875
17 0.2609375 0.66015625 0.08203125 0.04921875
17 0.603125 0.3703125 0.06796875 0.084375
18 0.81796875 0.40078125 0.07109375 0.0578125
18 0.16796875 0.81484375 0.040625 0.09921875
19 0.840625 0.5625 0.04375 0.0890625
19 0.428125 0.1875 0.06796875 0.07734375
20 0.59921875 0.859375 0.065625 0.05234375
20 0.4140625 0.8859375 0.065625 0.04765625
21 0.4390625 0.60625 0.05859375 0.05546875
21 0.45234375 0.4421875 0.059375 0.0734375
22 0.85390625 0.69296875 0.15546875 0.0890625
22 0.17734375 0.3 0.08359375 0.13984375