0 0.73515625 0.18984375 0.1171875 0.08359375
0 0.91328125 0.57734375 0.06015625 0.1703125
1 0.5921875 0.63515625 0.06171875 0.14921875
1 0.81953125 0.9109375 0.084375 0.125
2 0.69765625 0.61640625 0.08671875 0.0953125
2 0.65 0.6203125 0.06171875 0.1203125
3 0.61640625 0.3140625 0.09375 0.05390625
3 0.62421875 0.78984375 0.0484375 0.11484375
4 0.71640625 0.15546875 0.078125 0.07578125
4 0.778125 0.14453125 0.0875 0.07109375
8 0.75234375 0.10234375 0.0890625 0.04921875
8 0.88984375 0.815625 0.07578125 0.09765625
9 0.109375 0.096875 0.06953125 0.103125
9 0.65703125 0.23984375 0.06640625 0.08359375
10 0.84921875 0.62578125 0.06015625 0.0875
10 0.596875 0.7203125 0.04140625 0.09453125
11 0.890625 0.37109375 0.02890625 0.10234375
11 0.56796875 0.609375 0.0328125 0.10390625
5 0.9671875 0.5125 0.065625 0.06875
5 0.76015625 0.70390625 0.0703125 0.06171875
6 0.6359375 0.2171875 0.05390625 0.08515625
6 0.92890625 0.57421875 0.04140625 0.0953125
7 0.7390625 0.671875 0.06015625 0.07265625
7 0.671875 0.840625 0.03125 0.09296875
12 0.9703125 0.59296875 0.0515625 0.0734375
12 0.7109375 0.86328125 0.0265625 0.078125
13 0.815625 0.71953125 0.05625 0.05703125
13 0.73828125 0.9234375 0.04609375 0.0671875
14 0.61640625 0.15703125 0.0515625 0.04296875
14 0.60546875 0.83359375 0.03671875 0.078125
15 0.7765625 0.16796875 0.04921875 0.0578125
15 0.853125 0.32265625 0.05703125 0.0546875
16 0.3234375 0.1328125 0.05703125 0.06171875
16 0.66328125 0.38671875 0.0453125 0.06328125
17 0.94921875 0.3453125 0.02734375 0.07265625
17 0.91328125 0.3109375 0.02578125 0.06015625
18 0.9546875 0.56171875 0.0421875 0.05078125
18 0.71328125 0.77734375 0.03828125 0.06328125
19 0.91796875 0.3890625 0.034375 0.0578125
19 0.775 0.92109375 0.03125 0.05078125
20 0.88125 0.884375 0.0328125 0.05625
20 0.83671875 0.9515625 0.03359375 0.0515625
21 0.8234375 0.821875 0.0390625 0.0515625
21 0.8046875 0.89765625 0.03203125 0.0484375
22 0.9109375 0.2640625 0.071875 0.08359375
23 0.6671875 0.6859375 0.03671875 0.04296875