0 0.10078125 0.87890625 0.11796875 0.1015625
0 0.4265625 0.35859375 0.06875 0.1421875
1 0.3640625 0.6578125 0.1078125 0.09921875
1 0.6375 0.28671875 0.05 0.134375
2 0.42109375 0.703125 0.09609375 0.11171875
2 0.325 0.709375 0.1109375 0.13046875
3 0.4140625 0.5328125 0.1203125 0.10390625
3 0.5078125 0.2109375 0.11953125 0.06015625
4 0.7671875 0.4671875 0.084375 0.0625
4 0.7421875 0.32421875 0.11640625 0.1
8 0.49609375 0.15390625 0.07421875 0.1390625
8 0.425 0.19296875 0.0921875 0.12421875
9 0.91640625 0.22265625 0.04609375 0.14921875
9 0.609375 0.20625 0.0546875 0.11796875
10 0.80625 0.23359375 0.0421875 0.12734375
10 0.51328125 0.55625 0.071875 0.0796875
11 0.5359375 0.62890625 0.0546875 0.0828125
11 0.7953125 0.334375 0.0765625 0.05234375
5 0.68125 0.484375 0.08671875 0.05546875
5 0.49140625 0.496875 0.09765625 0.06484375
6 0.609375 0.515625 0.084375 0.053125
6 0.74453125 0.25859375 0.0984375 0.05234375
7 0.5390625 0.17109375 0.1078125 0.046875
7 0.44921875 0.20625 0.06640625 0.109375
12 0.753125 0.4234375 0.07265625 0.040625
12 0.69140625 0.246875 0.04140625 0.0953125
13 0.58203125 0.38984375 0.0890625 0.0375
13 0.434375 0.28984375 0.06171875 0.1
14 0.88828125 0.3421875 0.0515625 0.09296875
14 0.73828125 0.19609375 0.02265625 0.096875
15 0.81875 0.36953125 0.05703125 0.065625
15 0.546875 0.3375 0.08046875 0.03515625
16 0.7390625 0.49375 0.04453125 0.0796875
16 0.54140625 0.2625 0.07421875 0.03671875
17 0.80234375 0.4453125 0.04609375 0.0328125
17 0.59375 0.228125 0.03203125 0.06953125
18 0.8578125 0.33828125 0.025 0.0671875
18 0.71328125 0.30703125 0.03984375 0.040625
19 0.34453125 0.80546875 0.04453125 0.06171875
19 0.41875 0.57109375 0.0421875 0.059375
20 0.84765625 0.403125 0.01953125 0.0515625
20 0.684375 0.32734375 0.01875 0.0546875
21 0.59375 0.4828125 0.04453125 0.0328125
21 0.709375 0.415625 0.025 0.05234375
22 0.6375 0.453125 0.0515625 0.08671875
22 0.79765625 0.10234375 0.0859375 0.0890625