0 0.35703125 0.29921875 0.13359375 0.1734375
0 0.7390625 0.40625 0.1359375 0.12578125
1 0.49140625 0.60703125 0.0859375 0.27890625
1 0.51328125 0.40546875 0.16328125 0.14609375
2 0.5703125 0.78046875 0.2015625 0.11171875
2 0.20078125 0.6484375 0.07734375 0.2296875
3 0.36875 0.5671875 0.0640625 0.2140625
3 0.15625 0.509375 0.078125 0.221875
4 0.63046875 0.17109375 0.109375 0.165625
4 0.21015625 0.34921875 0.10703125 0.11953125
8 0.82421875 0.59765625 0.11796875 0.12109375
8 0.46171875 0.89453125 0.10546875 0.1546875
9 0.64296875 0.64453125 0.12578125 0.06796875
9 0.671875 0.32578125 0.11796875 0.08203125
10 0.63046875 0.575 0.121875 0.08515625
10 0.4953125 0.45859375 0.0453125 0.1578125
11 0.3828125 0.70390625 0.103125 0.13203125
11 0.59453125 0.2390625 0.05546875 0.1609375
5 0.309375 0.51875 0.0296875 0.14921875
5 0.74921875 0.2484375 0.1359375 0.04375
6 0.73828125 0.66015625 0.034375 0.1703125
6 0.70625 0.6953125 0.13203125 0.06796875
7 0.8640625 0.7078125 0.12890625 0.0484375
7 0.3859375 0.36640625 0.0640625 0.13671875
12 0.25078125 0.48984375 0.05390625 0.10078125
12 0.54609375 0.2578125 0.071875 0.11796875
13 0.78046875 0.56953125 0.0953125 0.09921875
13 0.4875 0.83828125 0.1078125 0.08984375
14 0.65546875 0.4828125 0.04609375 0.11171875
14 0.48046875 0.25234375 0.0875 0.08515625
15 0.2140625 0.5421875 0.0421875 0.11171875
15 0.8703125 0.42109375 0.0875 0.10234375
16 0.471875 0.82734375 0.04921875 0.11171875
16 0.81015625 0.31484375 0.05546875 0.09453125
17 0.11953125 0.72734375 0.0515625 0.11640625
17 0.54375 0.40234375 0.028125 0.08984375
18 0.39140625 0.49375 0.0421875 0.07734375
18 0.278125 0.67734375 0.06328125 0.07265625
19 0.58203125 0.70390625 0.03359375 0.07890625
19 0.53828125 0.70078125 0.03828125 0.07265625
20 0.70703125 0.57265625 0.03359375 0.06484375
20 0.46171875 0.68828125 0.0515625 0.046875
21 0.32421875 0.78515625 0.0578125 0.0453125
21 0.4375 0.59375 0.05 0.034375
22 0.39140625 0.57578125 0.109375 0.16875
23 0.51796875 0.3140625 0.04609375 0.0453125