0 0.675 0.56875 0.1796875 0.18125
0 0.08515625 0.6328125 0.140625 0.26171875
1 0.88125 0.57421875 0.17734375 0.28203125
1 0.84375 0.62265625 0.21015625 0.12109375
2 0.68046875 0.2984375 0.1625 0.1328125
2 0.55 0.2640625 0.15078125 0.1734375
3 0.34453125 0.87421875 0.1203125 0.2078125
3 0.20546875 0.91953125 0.18125 0.0890625
4 0.45078125 0.19921875 0.10625 0.19375
4 0.67421875 0.3390625 0.04765625 0.25390625
8 0.20703125 0.81640625 0.16953125 0.096875
8 0.2796875 0.7234375 0.1609375 0.10859375
9 0.29296875 0.1390625 0.15078125 0.06875
9 0.42421875 0.11875 0.0796875 0.209375
10 0.36875 0.821875 0.15078125 0.06640625
10 0.52890625 0.340625 0.059375 0.1734375
11 0.1390625 0.48515625 0.11015625 0.103125
11 0.3375 0.23359375 0.10625 0.125
5 0.23515625 0.58046875 0.121875 0.12890625
5 0.14765625 0.2296875 0.04921875 0.17734375
6 0.1390625 0.48046875 0.0578125 0.20390625
6 0.425 0.446875 0.1453125 0.07890625
7 0.25625 0.38828125 0.07421875 0.159375
7 0.44921875 0.3515625 0.0359375 0.17109375
12 0.33515625 0.34375 0.05234375 0.1390625
12 0.515625 0.44921875 0.0984375 0.08046875
13 0.45390625 0.809375 0.05546875 0.1515625
13 0.18671875 0.871875 0.10859375 0.06640625
14 0.56015625 0.6328125 0.07578125 0.1328125
14 0.3890625 0.4546875 0.0640625 0.13125
15 0.1984375 0.54296875 0.06796875 0.12265625
15 0.10390625 0.20703125 0.05625 0.13125
16 0.44765625 0.54921875 0.09453125 0.06640625
16 0.08515625 0.31640625 0.0828125 0.08046875
17 0.4234375 0.6640625 0.05234375 0.11484375
17 0.37421875 0.690625 0.040625 0.12265625
18 0.209375 0.31484375 0.0421875 0.0890625
18 0.36953125 0.36171875 0.0625 0.0828125
19 0.46171875 0.60390625 0.04921875 0.09453125
19 0.25078125 0.678125 0.0609375 0.090625
20 0.49453125 0.72109375 0.05546875 0.0703125
20 0.31640625 0.45078125 0.04609375 0.07421875
21 0.6 0.35859375 0.0625 0.08046875
21 0.47890625 0.49765625 0.0609375 0.0484375
22 0.16875 0.33359375 0.04609375 0.18359375
22 0.2703125 0.25625 0.10703125 0.10078125