0 0.34140625 0.31953125 0.078125 0.1234375
0 0.390625 0.7796875 0.09375 0.128125
1 0.7015625 0.33828125 0.17265625 0.08984375
1 0.4390625 0.80859375 0.103125 0.078125
2 0.87734375 0.2859375 0.06875 0.184375
2 0.06953125 0.48828125 0.0671875 0.175
3 0.25625 0.79453125 0.06875 0.1234375
3 0.121875 0.534375 0.06875 0.16796875
4 0.290625 0.44609375 0.06171875 0.15625
4 0.09609375 0.71796875 0.1171875 0.0828125
8 0.3375 0.49921875 0.09375 0.11171875
8 0.18203125 0.6171875 0.13828125 0.03984375
9 0.32421875 0.46328125 0.05390625 0.12265625
9 0.6875 0.5 0.1046875 0.12109375
10 0.2171875 0.07265625 0.06015625 0.11953125
10 0.6765625 0.40703125 0.07265625 0.11171875
11 0.65390625 0.065625 0.115625 0.08984375
11 0.11796875 0.428125 0.1 0.05859375
5 0.7828125 0.203125 0.12578125 0.06484375
5 0.49921875 0.846875 0.10546875 0.06875
6 0.2453125 0.071875 0.0625 0.13125
6 0.28125 0.81328125 0.0671875 0.09765625
7 0.525 0.3890625 0.0484375 0.13515625
7 0.165625 0.5296875 0.04609375 0.1171875
12 0.234375 0.5609375 0.06953125 0.07734375
12 0.31953125 0.72734375 0.07109375 0.04921875
13 0.2328125 0.165625 0.09375 0.040625
13 0.16640625 0.67109375 0.078125 0.05625
14 0.2875 0.3546875 0.0375 0.09296875
14 0.25390625 0.44375 0.0375 0.09609375
15 0.77421875 0.54140625 0.0734375 0.0703125
15 0.78359375 0.1734375 0.09375 0.04609375
16 0.9453125 0.45 0.06875 0.0625
16 0.728125 0.45546875 0.04296875 0.09453125
17 0.421875 0.26640625 0.04921875 0.0828125
17 0.5046875 0.8734375 0.06953125 0.04765625
18 0.44453125 0.18984375 0.0375 0.0734375
18 0.0484375 0.7328125 0.06796875 0.04140625
19 0.76015625 0.265625 0.0484375 0.0671875
19 0.28515625 0.57421875 0.05859375 0.04453125
20 0.03046875 0.45234375 0.0390625 0.06015625
20 0.15 0.71640625 0.04296875 0.04453125
21 0.54453125 0.428125 0.0328125 0.0625
21 0.09609375 0.66015625 0.0375 0.059375
22 0.23125 0.69375 0.0390625 0.128125
22 0.3203125 0.846875 0.0546875 0.10234375