0 0.84921875 0.703125 0.23046875 0.17890625
0 0.42578125 0.55625 0.23828125 0.140625
1 0.7140625 0.48984375 0.153125 0.265625
1 0.73828125 0.47578125 0.1421875 0.26875
2 0.4390625 0.41640625 0.178125 0.1390625
2 0.23671875 0.4203125 0.1421875 0.234375
3 0.7375 0.58359375 0.08828125 0.21875
3 0.31328125 0.16796875 0.1375 0.19140625
4 0.434375 0.7828125 0.07890625 0.2109375
4 0.3671875 0.18203125 0.1609375 0.184375
8 0.578125 0.49609375 0.08828125 0.1953125
8 0.43515625 0.196875 0.1421875 0.1375
9 0.57578125 0.31328125 0.09296875 0.18203125
9 0.35546875 0.83515625 0.10703125 0.14609375
10 0.79609375 0.4953125 0.11640625 0.14609375
10 0.19296875 0.3046875 0.11015625 0.14453125
11 0.178125 0.76640625 0.12109375 0.1140625
11 0.26328125 0.39140625 0.1421875 0.0828125
5 0.2296875 0.8234375 0.1375 0.09765625
5 0.39921875 0.38203125 0.12109375 0.128125
6 0.58203125 0.79609375 0.1390625 0.10078125
6 0.2171875 0.44921875 0.15 0.0828125
7 0.4890625 0.359375 0.05234375 0.1625
7 0.265625 0.68125 0.14375 0.05234375
12 0.625 0.4765625 0.07421875 0.115625
12 0.37265625 0.32890625 0.11640625 0.06484375
13 0.5828125 0.846875 0.11328125 0.0796875
13 0.41171875 0.6953125 0.11796875 0.06875
14 0.76484375 0.5890625 0.06171875 0.12109375
14 0.3859375 0.55078125 0.10703125 0.07578125
15 0.49140625 0.68828125 0.06328125 0.1140625
15 0.3453125 0.6546875 0.09609375 0.059375
16 0.425 0.68203125 0.05078125 0.12265625
16 0.32578125 0.7453125 0.10078125 0.06171875
17 0.4953125 0.790625 0.08671875 0.04296875
17 0.36953125 0.48046875 0.08515625 0.04296875
18 0.434375 0.40703125 0.07578125 0.04140625
18 0.35 0.8625 0.07734375 0.046875
19 0.2609375 0.925 0.06640625 0.0921875
19 0.25078125 0.50234375 0.06796875 0.0703125
20 0.36484375 0.82734375 0.04453125 0.059375
20 0.45546875 0.17109375 0.04921875 0.0828125
21 0.528125 0.3125 0.034375 0.0828125
21 0.61640625 0.9140625 0.08359375 0.0484375
22 0.32734375 0.53984375 0.14375 0.090625
23 0.77578125 0.66875 0.08984375 0.05625