0 0.459375 0.29765625 0.0640625 0.209375
0 0.55859375 0.51875 0.09765625 0.12890625
1 0.64609375 0.1578125 0.12421875 0.115625
1 0.61171875 0.33828125 0.1046875 0.146875
2 0.3859375 0.46171875 0.1046875 0.0703125
2 0.93046875 0.69921875 0.075 0.15
3 0.32734375 0.33828125 0.10546875 0.08828125
3 0.521875 0.34140625 0.05859375 0.15
4 0.55546875 0.84609375 0.0796875 0.12421875
4 0.63828125 0.32109375 0.07734375 0.12890625
8 0.86875 0.58515625 0.0984375 0.05546875
8 0.7953125 0.36796875 0.084375 0.11796875
9 0.5953125 0.23984375 0.07421875 0.1109375
9 0.47578125 0.5453125 0.0484375 0.15234375
10 0.40703125 0.759375 0.03984375 0.1390625
10 0.52265625 0.67265625 0.08203125 0.05390625
11 0.628125 0.503125 0.07109375 0.08203125
11 0.73125 0.11328125 0.06171875 0.115625
5 0.57734375 0.64296875 0.03828125 0.12578125
5 0.74921875 0.88828125 0.05390625 0.12265625
6 0.76484375 0.56875 0.0828125 0.06171875
6 0.475 0.78515625 0.0625 0.12578125
7 0.64296875 0.92734375 0.07890625 0.0640625
7 0.78046875 0.80234375 0.059375 0.1046875
12 0.046875 0.35859375 0.0765625 0.0734375
12 0.66171875 0.88828125 0.06328125 0.0703125
13 0.87421875 0.65078125 0.0453125 0.10625
13 0.71328125 0.38828125 0.065625 0.06015625
14 0.5796875 0.72578125 0.05625 0.09140625
14 0.8640625 0.54609375 0.03125 0.1015625
15 0.3546875 0.52734375 0.06171875 0.08359375
15 0.93828125 0.5125 0.053125 0.08984375
16 0.9625 0.7203125 0.05859375 0.05234375
16 0.77109375 0.30078125 0.0578125 0.05546875
17 0.37578125 0.27734375 0.05390625 0.0796875
17 0.66015625 0.73359375 0.0453125 0.09140625
18 0.5375 0.5875 0.040625 0.0734375
18 0.7984375 0.66328125 0.0453125 0.071875
19 0.8296875 0.434375 0.03203125 0.08203125
19 0.6984375 0.11796875 0.04375 0.071875
20 0.4015625 0.609375 0.04609375 0.06171875
20 0.6265625 0.8328125 0.0296875 0.0671875
21 0.89140625 0.45390625 0.04296875 0.071875
21 0.74375 0.45859375 0.0453125 0.0640625
22 0.79296875 0.7265625 0.08203125 0.0765625
23 0.3734375 0.73984375 0.0296875 0.08203125