0 0.415625 0.659375 0.12734375 0.18203125
0 0.846875 0.2125 0.11484375 0.1765625
1 0.27734375 0.63359375 0.22890625 0.1765625
1 0.353125 0.3796875 0.1390625 0.1796875
2 0.43671875 0.1984375 0.08515625 0.2296875
2 0.76796875 0.1421875 0.20390625 0.08671875
3 0.08671875 0.3265625 0.13125 0.103125
3 0.603125 0.42890625 0.15 0.09453125
4 0.5359375 0.8515625 0.165625 0.09296875
4 0.2546875 0.6625 0.04921875 0.215625
8 0.328125 0.7640625 0.07265625 0.18203125
8 0.43359375 0.53046875 0.17578125 0.0515625
9 0.35859375 0.8625 0.16953125 0.08359375
9 0.8953125 0.3234375 0.09296875 0.18203125
10 0.79375 0.559375 0.0765625 0.1578125
10 0.603125 0.184375 0.0890625 0.13203125
11 0.396875 0.565625 0.059375 0.1609375
11 0.27890625 0.41640625 0.08359375 0.14296875
5 0.13828125 0.57578125 0.13671875 0.08828125
5 0.5078125 0.2703125 0.09375 0.13671875
6 0.77890625 0.31875 0.1453125 0.059375
6 0.7984375 0.13515625 0.07421875 0.15234375
7 0.63984375 0.7203125 0.13515625 0.12734375
7 0.578125 0.09765625 0.128125 0.09609375
12 0.4671875 0.7640625 0.0546875 0.1234375
12 0.625 0.29765625 0.10078125 0.103125
13 0.415625 0.77734375 0.08984375 0.0984375
13 0.71484375 0.47109375 0.05703125 0.13359375
14 0.19765625 0.40390625 0.0671875 0.115625
14 0.50859375 0.44140625 0.0609375 0.14140625
15 0.1671875 0.434375 0.04375 0.121875
15 0.25390625 0.371875 0.04140625 0.1046875
16 0.45 0.35859375 0.053125 0.10625
16 0.35234375 0.24375 0.09296875 0.065625
17 0.24140625 0.27578125 0.0359375 0.09609375
17 0.37734375 0.16328125 0.034375 0.09296875
18 0.60234375 0.58671875 0.04140625 0.09453125
18 0.8328125 0.55390625 0.0796875 0.03828125
19 0.38984375 0.88125 0.06484375 0.06953125
19 0.575 0.4703125 0.0609375 0.07734375
20 0.62109375 0.41328125 0.053125 0.07265625
20 0.72890625 0.19765625 0.04921875 0.03984375
21 0.20625 0.85078125 0.05546875 0.0671875
21 0.1046875 0.42578125 0.03671875 0.09453125
22 0.87421875 0.303125 0.071875 0.14453125
22 0.5671875 0.18046875 0.14296875 0.096875