0 0.41640625 0.12890625 0.075 0.1890625
0 0.41015625 0.428125 0.10234375 0.11015625
1 0.13203125 0.3828125 0.10234375 0.15
1 0.32734375 0.759375 0.12265625 0.0890625
2 0.9171875 0.2453125 0.12890625 0.0671875
2 0.1953125 0.73046875 0.14921875 0.0640625
3 0.2546875 0.56875 0.0859375 0.103125
3 0.11796875 0.44765625 0.10078125 0.078125
4 0.5421875 0.8421875 0.103125 0.084375
4 0.203125 0.0453125 0.0984375 0.07890625
8 0.41484375 0.4 0.11328125 0.06640625
8 0.85703125 0.5578125 0.07265625 0.11484375
9 0.55078125 0.08515625 0.07890625 0.10390625
9 0.50234375 0.22734375 0.10234375 0.06875
10 0.8734375 0.159375 0.10859375 0.07890625
10 0.36953125 0.2328125 0.109375 0.05234375
11 0.6828125 0.671875 0.10078125 0.07890625
11 0.596875 0.28671875 0.0984375 0.06953125
5 0.5640625 0.6703125 0.0625 0.0984375
5 0.384375 0.5671875 0.07734375 0.0640625
6 0.55625 0.76484375 0.0765625 0.07421875
6 0.2375 0.3328125 0.0515625 0.10390625
7 0.89921875 0.490625 0.08359375 0.05546875
7 0.303125 0.4984375 0.08203125 0.0546875
12 0.534375 0.27109375 0.0625 0.06875
12 0.675 0.83125 0.07265625 0.0765625
13 0.321875 0.41328125 0.05625 0.05078125
13 0.62578125 0.2265625 0.06640625 0.05546875
14 0.8015625 0.32734375 0.06796875 0.05546875
14 0.87421875 0.3328125 0.07734375 0.05
15 0.51484375 0.33046875 0.0578125 0.05703125
15 0.4671875 0.3796875 0.06875 0.0546875
16 0.37109375 0.49609375 0.04296875 0.07578125
16 0.34921875 0.20625 0.0734375 0.053125
17 0.13046875 0.2875 0.046875 0.07109375
17 0.78828125 0.40859375 0.04921875 0.07109375
18 0.2890625 0.71796875 0.05390625 0.05
18 0.26640625 0.4890625 0.05078125 0.05078125
19 0.35078125 0.9546875 0.06484375 0.06015625
19 0.5015625 0.7875 0.06640625 0.03671875
20 0.05078125 0.37265625 0.046875 0.0546875
20 0.596875 0.15078125 0.046875 0.053125
21 0.28203125 0.328125 0.04765625 0.0453125
21 0.4890625 0.8984375 0.040625 0.06484375
22 0.23359375 0.4296875 0.08359375 0.07578125
22 0.50234375 0.22734375 0.10234375 0.06875
23 0.43203125 0.30546875 0.05546875 0.0546875