0 0.7171875 0.74375 0.28046875 0.1296875
0 0.4359375 0.575 0.184375 0.2
1 0.73984375 0.0875 0.17890625 0.15078125
1 0.29609375 0.5171875 0.11328125 0.16875
2 0.51484375 0.38984375 0.16875 0.10625
2 0.678125 0.85625 0.1828125 0.134375
3 0.16328125 0.509375 0.20625 0.13671875
3 0.43046875 0.7828125 0.12734375 0.2
4 0.88359375 0.2234375 0.10859375 0.21640625
4 0.5015625 0.56796875 0.21484375 0.07265625
8 0.44140625 0.071875 0.21875 0.1046875
8 0.15 0.3359375 0.203125 0.11171875
9 0.63203125 0.70546875 0.065625 0.20234375
9 0.52734375 0.48125 0.16015625 0.1328125
10 0.20625 0.40546875 0.17890625 0.08671875
10 0.8109375 0.615625 0.14765625 0.13125
11 0.57265625 0.1328125 0.1359375 0.12421875
11 0.52578125 0.81171875 0.153125 0.12734375
5 0.28515625 0.16640625 0.1328125 0.13828125
5 0.29921875 0.85703125 0.07265625 0.1828125
6 0.19765625 0.75078125 0.17578125 0.0765625
6 0.33125 0.25078125 0.121875 0.14375
7 0.840625 0.52734375 0.16015625 0.115625
7 0.63203125 0.446875 0.1203125 0.15625
12 0.37265625 0.8578125 0.08125 0.1453125
12 0.09375 0.475 0.0984375 0.09921875
13 0.3890625 0.7640625 0.13046875 0.09921875
13 0.1765625 0.67265625 0.1046875 0.07265625
14 0.4453125 0.6296875 0.0984375 0.10625
14 0.2765625 0.721875 0.11875 0.07109375
15 0.5953125 0.284375 0.1203125 0.08359375
15 0.5609375 0.615625 0.065625 0.134375
16 0.2453125 0.6828125 0.115625 0.0921875
16 0.08359375 0.62109375 0.07734375 0.11171875
17 0.7578125 0.4625 0.09453125 0.078125
17 0.7171875 0.6484375 0.07734375 0.11171875
18 0.79609375 0.48828125 0.09453125 0.065625
18 0.70234375 0.42578125 0.0828125 0.08125
19 0.20234375 0.8859375 0.1046875 0.090625
19 0.14921875 0.603125 0.0640625 0.08828125
20 0.86328125 0.73515625 0.05703125 0.1046875
20 0.140625 0.778125 0.07421875 0.06015625
21 0.82578125 0.3140625 0.07890625 0.08828125
21 0.68984375 0.3625 0.07890625 0.06171875
22 0.24375 0.24609375 0.11171875 0.15234375
22 0.575 0.9265625 0.13046875 0.10078125