0 0.4421875 0.59296875 0.103125 0.2703125
0 0.74140625 0.496875 0.2671875 0.184375
1 0.5609375 0.26484375 0.3046875 0.09140625
1 0.47578125 0.19921875 0.2890625 0.11953125
2 0.5171875 0.890625 0.22109375 0.1390625
2 0.1734375 0.4375 0.10546875 0.271875
3 0.65625 0.50234375 0.22421875 0.0828125
3 0.49296875 0.3390625 0.2515625 0.06171875
4 0.7546875 0.76015625 0.10546875 0.2171875
4 0.36953125 0.2484375 0.1625 0.1328125
8 0.7828125 0.4984375 0.0890625 0.22421875
8 0.1953125 0.5328125 0.19453125 0.1109375
9 0.58828125 0.58046875 0.19609375 0.11640625
9 0.16875 0.65703125 0.06953125 0.19921875
10 0.88515625 0.61015625 0.08359375 0.1859375
10 0.32421875 0.47421875 0.13203125 0.1359375
11 0.559375 0.14296875 0.1140625 0.1359375
5 0.53984375 0.66171875 0.14609375 0.09921875
5 0.48515625 0.528125 0.15703125 0.084375
6 0.5015625 0.77890625 0.1765625 0.0515625
6 0.69453125 0.16484375 0.19453125 0.04453125
7 0.4453125 0.82578125 0.153125 0.109375
7 0.8125 0.26875 0.06796875 0.18203125
12 0.665625 0.7890625 0.05546875 0.14609375
12 0.25703125 0.41484375 0.1390625 0.059375
13 0.7109375 0.34296875 0.08203125 0.1328125
13 0.23828125 0.34765625 0.1265625 0.08125
14 0.36640625 0.63359375 0.13359375 0.07265625
14 0.27734375 0.3125 0.13359375 0.075
15 0.5359375 0.7140625 0.09453125 0.09453125
15 0.34453125 0.74765625 0.10546875 0.08984375
16 0.69375 0.64453125 0.0640625 0.1140625
16 0.3109375 0.2375 0.1515625 0.05625
17 0.30234375 0.684375 0.090625 0.08125
17 0.784375 0.64765625 0.08203125 0.09453125
18 0.22734375 0.63046875 0.065625 0.08984375
18 0.3734375 0.5140625 0.09453125 0.06640625
19 0.3796875 0.91015625 0.05 0.09609375
19 0.66015625 0.1046875 0.09765625 0.07265625
20 0.62890625 0.67734375 0.0609375 0.075
20 0.57421875 0.44453125 0.07109375 0.05625
21 0.6 0.38828125 0.0484375 0.0796875
21 0.61796875 0.20625 0.0875 0.06171875
22 0.4328125 0.11953125 0.14609375 0.09921875
23 0.66640625 0.48125 0.08203125 0.05