0 0.4734375 0.5984375 0.17109375 0.08046875
0 0.4796875 0.29609375 0.1890625 0.05546875
1 0.35625 0.27421875 0.05859375 0.22734375
1 0.58828125 0.1859375 0.10234375 0.13828125
2 0.7953125 0.50703125 0.15234375 0.05
2 0.2921875 0.5 0.05859375 0.14375
3 0.57578125 0.64609375 0.125 0.0734375
3 0.52578125 0.4796875 0.05078125 0.15078125
4 0.78515625 0.725 0.04296875 0.184375
4 0.46640625 0.4 0.078125 0.16328125
8 0.45625 0.75234375 0.09140625 0.125
8 0.6078125 0.3125 0.10234375 0.109375
9 0.36171875 0.6796875 0.12265625 0.08203125
9 0.80859375 0.3625 0.11875 0.0765625
10 0.55546875 0.74453125 0.059375 0.1203125
10 0.3046875 0.38984375 0.078125 0.109375
11 0.4640625 0.909375 0.0703125 0.13125
11 0.52109375 0.21640625 0.0640625 0.125
5 0.93203125 0.51171875 0.07578125 0.13125
5 0.63828125 0.58984375 0.1046875 0.06953125
6 0.83359375 0.69765625 0.06171875 0.1375
6 0.5234375 0.0875 0.0859375 0.1078125
7 0.89921875 0.39921875 0.10859375 0.0515625
7 0.7296875 0.45390625 0.09140625 0.084375
12 0.17578125 0.571875 0.05703125 0.09453125
12 0.82890625 0.33828125 0.08359375 0.04609375
13 0.2546875 0.31484375 0.040625 0.10703125
13 0.46796875 0.2421875 0.08671875 0.046875
14 0.75078125 0.6984375 0.05078125 0.09453125
14 0.41484375 0.42109375 0.0359375 0.096875
15 0.65703125 0.5140625 0.053125 0.07734375
15 0.87578125 0.2921875 0.0609375 0.08046875
16 0.3546875 0.3953125 0.04765625 0.07890625
16 0.78125 0.16796875 0.090625 0.04453125
17 0.05859375 0.61171875 0.06640625 0.05390625
17 0.89453125 0.715625 0.053125 0.07890625
18 0.3390625 0.746875 0.040625 0.07734375
18 0.63046875 0.4703125 0.0609375 0.04609375
19 0.47890625 0.525 0.05 0.046875
19 0.72109375 0.36328125 0.04140625 0.06484375
20 0.678125 0.559375 0.04609375 0.05234375
20 0.684375 0.384375 0.034375 0.06484375
21 0.5890625 0.51640625 0.05078125 0.046875
21 0.746875 0.4296875 0.04296875 0.05234375
22 0.24375 0.61953125 0.09296875 0.0953125
22 0.2328125 0.41796875 0.06328125 0.12734375