0 0.478125 0.5625 0.103125 0.1015625
0 0.57890625 0.55625 0.15859375 0.06796875
1 0.36015625 0.6 0.06015625 0.16015625
1 0.38671875 0.50546875 0.14609375 0.075
2 0.0984375 0.390625 0.0421875 0.15234375
2 0.12890625 0.38125 0.053125 0.15
3 0.57890625 0.69609375 0.0625 0.14453125
3 0.19296875 0.29453125 0.08671875 0.11640625
4 0.91640625 0.80390625 0.0484375 0.11484375
4 0.29609375 0.30234375 0.0703125 0.11640625
8 0.47421875 0.38828125 0.1046875 0.08046875
8 0.29609375 0.30078125 0.10859375 0.0546875
9 0.3625 0.0328125 0.128125 0.059375
9 0.29765625 0.696875 0.06015625 0.1078125
10 0.50546875 0.16171875 0.10859375 0.03671875
10 0.05859375 0.5578125 0.0328125 0.1078125
11 0.93828125 0.46015625 0.10234375 0.03984375
11 0.125 0.496875 0.04609375 0.08984375
5 0.94765625 0.26015625 0.09921875 0.08203125
5 0.75 0.0609375 0.10625 0.06015625
6 0.309375 0.659375 0.0515625 0.0640625
6 0.3125 0.59453125 0.075 0.078125
7 0.42578125 0.940625 0.1125 0.059375
7 0.28984375 0.378125 0.08203125 0.06953125
12 0.04921875 0.43671875 0.06953125 0.07734375
12 0.32734375 0.36875 0.08125 0.0296875
13 0.86328125 0.61015625 0.06875 0.09375
13 0.30234375 0.5296875 0.0421875 0.07890625
14 0.79609375 0.0734375 0.08828125 0.03046875
14 0.20625 0.49609375 0.06015625 0.06796875
15 0.5703125 0.53984375 0.046875 0.0484375
15 0.4734375 0.5625 0.0484375 0.0625
16 0.45 0.28203125 0.06484375 0.05078125
16 0.303125 0.59765625 0.05703125 0.05078125
17 0.24453125 0.31171875 0.053125 0.0484375
17 0.43203125 0.4640625 0.05546875 0.0328125
18 0.43359375 0.21796875 0.0515625 0.04765625
18 0.17109375 0.509375 0.0328125 0.0515625
19 0.6640625 0.83046875 0.0390625 0.0625
19 0.78828125 0.73984375 0.06484375 0.03828125
20 0.72890625 0.3203125 0.0421875 0.0421875
20 0.26015625 0.57578125 0.02890625 0.0421875
21 0.390625 0.2171875 0.0265625 0.0546875
21 0.19609375 0.5125 0.03203125 0.05078125
22 0.09296875 0.51484375 0.0234375 0.04140625
22 0.4640625 0.44921875 0.09921875 0.0453125