0 0.72890625 0.5640625 0.096875 0.165625
0 0.53125 0.42734375 0.0953125 0.13671875
1 0.27890625 0.29140625 0.15 0.13203125
1 0.65703125 0.0625 0.1640625 0.10859375
2 0.165625 0.51328125 0.06640625 0.14609375
2 0.4546875 0.57421875 0.04140625 0.153125
3 0.60859375 0.21328125 0.13359375 0.05390625
3 0.46484375 0.55078125 0.09375 0.115625
4 0.46796875 0.71796875 0.10625 0.0984375
4 0.5546875 0.1375 0.05703125 0.12578125
8 0.67890625 0.31328125 0.065625 0.12734375
8 0.6765625 0.4796875 0.07578125 0.096875
9 0.87734375 0.2609375 0.0828125 0.109375
9 0.60390625 0.21328125 0.08359375 0.10859375
10 0.69375 0.6625 0.1046875 0.04375
10 0.29921875 0.4046875 0.0875 0.0921875
11 0.7828125 0.22734375 0.0859375 0.09296875
11 0.55546875 0.2890625 0.05859375 0.0734375
5 0.7265625 0.71640625 0.0640625 0.096875
5 0.78984375 0.2953125 0.10546875 0.0328125
6 0.946875 0.23984375 0.0578125 0.115625
6 0.4875 0.52734375 0.059375 0.0921875
7 0.59609375 0.83671875 0.103125 0.05703125
7 0.81171875 0.57890625 0.0515625 0.090625
12 0.634375 0.12265625 0.075 0.07734375
12 0.659375 0.57890625 0.08125 0.04296875
13 0.66796875 0.7109375 0.03671875 0.08359375
13 0.7265625 0.83515625 0.07265625 0.06953125
14 0.7109375 0.7609375 0.03515625 0.0875
14 0.62109375 0.35859375 0.07890625 0.06328125
15 0.484375 0.66015625 0.06796875 0.05390625
15 0.6828125 0.62734375 0.06953125 0.0328125
16 0.64921875 0.45078125 0.0328125 0.0734375
16 0.559375 0.4375 0.04609375 0.071875
17 0.91015625 0.2546875 0.0359375 0.071875
17 0.7515625 0.5890625 0.05078125 0.05703125
18 0.29609375 0.3828125 0.053125 0.05234375
18 0.56015625 0.5375 0.0375 0.0625
19 0.52265625 0.6171875 0.0515625 0.04296875
19 0.6234375 0.7359375 0.05859375 0.04375
20 0.04140625 0.9640625 0.04140625 0.06015625
20 0.5265625 0.72421875 0.03203125 0.05546875
21 0.82421875 0.26640625 0.04609375 0.046875
21 0.45390625 0.4078125 0.0359375 0.059375
22 0.36875 0.46796875 0.10234375 0.03984375
23 0.5046875 0.4015625 0.05078125 0.0421875