0 0.29609375 0.7453125 0.15625 0.17109375
0 0.771875 0.39140625 0.1859375 0.128125
1 0.58984375 0.5375 0.15703125 0.178125
1 0.44765625 0.8125 0.07421875 0.24375
2 0.35703125 0.2859375 0.16484375 0.1140625
2 0.46953125 0.13125 0.08046875 0.16640625
3 0.49375 0.62890625 0.16796875 0.046875
3 0.61171875 0.50390625 0.07421875 0.16640625
4 0.634375 0.353125 0.11328125 0.11953125
4 0.79921875 0.496875 0.1640625 0.065625
8 0.53203125 0.14375 0.11875 0.10390625
8 0.54375 0.903125 0.1015625 0.16484375
9 0.059375 0.728125 0.05546875 0.18125
9 0.4046875 0.07890625 0.0703125 0.1546875
10 0.52890625 0.19296875 0.09921875 0.10234375
10 0.6765625 0.403125 0.09765625 0.090625
11 0.29140625 0.8609375 0.0859375 0.10078125
11 0.1078125 0.66875 0.04921875 0.134375
5 0.38984375 0.79609375 0.06640625 0.1296875
5 0.8921875 0.55859375 0.11484375 0.10078125
6 0.20234375 0.79296875 0.07421875 0.1375
6 0.553125 0.3 0.09609375 0.115625
7 0.2265625 0.421875 0.06171875 0.13125
7 0.23046875 0.50703125 0.09375 0.071875
12 0.49921875 0.43203125 0.06328125 0.11640625
12 0.4640625 0.5765625 0.07109375 0.09921875
13 0.29453125 0.7046875 0.10859375 0.0484375
13 0.39140625 0.56875 0.0515625 0.1125
14 0.28671875 0.125 0.04765625 0.1359375
14 0.42265625 0.246875 0.0609375 0.1078125
15 0.16484375 0.60546875 0.08984375 0.0703125
15 0.75390625 0.60390625 0.07421875 0.0890625
16 0.2890625 0.55859375 0.06875 0.0859375
16 0.69453125 0.471875 0.075 0.0703125
17 0.5 0.68359375 0.0515625 0.07578125
17 0.31484375 0.3453125 0.0671875 0.08359375
18 0.16015625 0.35078125 0.0578125 0.07734375
18 0.21484375 0.64921875 0.0671875 0.0625
19 0.27109375 0.34921875 0.0609375 0.0640625
19 0.665625 0.06875 0.05 0.08203125
20 0.6703125 0.55859375 0.04375 0.0625
20 0.6140625 0.18828125 0.0609375 0.046875
21 0.1390625 0.5109375 0.04765625 0.0671875
21 0.959375 0.5578125 0.06640625 0.04375
22 0.209375 0.36640625 0.09609375 0.1375
22 0.475 0.840625 0.13046875 0.09609375