0 0.62734375 0.70703125 0.0984375 0.19609375
0 0.253125 0.4234375 0.146875 0.18515625
1 0.4796875 0.7921875 0.2703125 0.0703125
1 0.21015625 0.53828125 0.15 0.19140625
2 0.17890625 0.24375 0.1828125 0.125
2 0.296875 0.12734375 0.1828125 0.0921875
3 0.3453125 0.4 0.19921875 0.0703125
3 0.72421875 0.2609375 0.178125 0.10625
4 0.77109375 0.53828125 0.12890625 0.13125
4 0.74609375 0.1359375 0.13671875 0.1203125
8 0.3703125 0.6921875 0.1796875 0.07890625
8 0.1171875 0.3796875 0.1765625 0.075
9 0.634375 0.25390625 0.09375 0.125
9 0.87265625 0.18125 0.153125 0.11484375
10 0.62578125 0.1359375 0.0765625 0.12734375
10 0.76484375 0.25390625 0.1578125 0.07734375
11 0.74296875 0.91328125 0.071875 0.1265625
11 0.87421875 0.32109375 0.11328125 0.1
5 0.0890625 0.5921875 0.06171875 0.125
5 0.825 0.50625 0.13515625 0.07734375
6 0.490625 0.4453125 0.0671875 0.1078125
6 0.50625 0.18203125 0.0890625 0.1140625
7 0.1109375 0.51171875 0.1484375 0.05625
7 0.50703125 0.30390625 0.12734375 0.05234375
12 0.4375 0.32421875 0.084375 0.0859375
12 0.37421875 0.1671875 0.11953125 0.04765625
13 0.271875 0.575 0.12734375 0.0625
13 0.23515625 0.53359375 0.10859375 0.06015625
14 0.57421875 0.6078125 0.0625 0.08125
14 0.52265625 0.68984375 0.0640625 0.08515625
15 0.67421875 0.6859375 0.08125 0.06640625
15 0.25703125 0.6796875 0.05078125 0.08359375
16 0.19765625 0.6765625 0.05234375 0.0890625
16 0.81640625 0.3875 0.09375 0.0671875
17 0.64921875 0.5015625 0.090625 0.0375
17 0.74921875 0.06328125 0.096875 0.0609375
18 0.41484375 0.2171875 0.05078125 0.0671875
18 0.8265625 0.3 0.05234375 0.07265625
19 0.5734375 0.8265625 0.05546875 0.0671875
19 0.76953125 0.6171875 0.075 0.0375
20 0.34296875 0.85 0.06875 0.0375
20 0.28359375 0.2328125 0.0640625 0.0359375
21 0.4375 0.6296875 0.065625 0.0359375
21 0.35859375 0.4515625 0.05234375 0.05390625
22 0.80703125 0.703125 0.13828125 0.0765625
23 0.27109375 0.82734375 0.06875 0.03984375