0 0.3015625 0.20703125 0.13125 0.0953125
0 0.29296875 0.6171875 0.1703125 0.12421875
1 0.5390625 0.55078125 0.115625 0.0875
1 0.40625 0.48203125 0.096875 0.15078125
2 0.56015625 0.29140625 0.134375 0.10625
2 0.50859375 0.77734375 0.15703125 0.04609375
3 0.371875 0.2234375 0.07890625 0.1359375
3 0.8375 0.6265625 0.14375 0.0625
4 0.440625 0.0453125 0.1625 0.053125
4 0.4375 0.11953125 0.146875 0.06328125
8 0.41171875 0.60625 0.06640625 0.1140625
8 0.5859375 0.67421875 0.1390625 0.075
9 0.3671875 0.353125 0.06484375 0.0953125
9 0.446875 0.25546875 0.1109375 0.09921875
10 0.8265625 0.32578125 0.05703125 0.11875
10 0.05078125 0.86875 0.0828125 0.09453125
11 0.1796875 0.6484375 0.08046875 0.08046875
11 0.87578125 0.70625 0.11484375 0.06484375
5 0.18125 0.22734375 0.12265625 0.06328125
5 0.64765625 0.16796875 0.11015625 0.046875
6 0.51875 0.39609375 0.1125 0.05859375
6 0.34375 0.45 0.05390625 0.11640625
7 0.7265625 0.234375 0.08828125 0.10703125
7 0.6296875 0.63125 0.10078125 0.05546875
12 0.1890625 0.35078125 0.0640625 0.06796875
12 0.95390625 0.74375 0.03828125 0.10234375
13 0.6484375 0.51640625 0.071875 0.08203125
13 0.50078125 0.28203125 0.07265625 0.05859375
14 0.1484375 0.28828125 0.06171875 0.0875
14 0.55390625 0.71640625 0.0796875 0.06015625
15 0.6859375 0.30625 0.0546875 0.07578125
15 0.490625 0.27421875 0.08984375 0.0625
16 0.24765625 0.965625 0.08203125 0.046875
16 0.63359375 0.26015625 0.05078125 0.0734375
17 0.6234375 0.553125 0.05078125 0.05546875
17 0.16484375 0.5796875 0.0515625 0.078125
18 0.28828125 0.45234375 0.0625 0.0453125
18 0.65390625 0.4375 0.053125 0.06328125
19 0.26328125 0.27578125 0.06640625 0.0453125
19 0.34609375 0.69609375 0.06171875 0.0484375
20 0.42109375 0.2109375 0.03828125 0.053125
20 0.25625 0.33203125 0.04375 0.05078125
21 0.74140625 0.33671875 0.0390625 0.0609375
21 0.64453125 0.596875 0.0515625 0.03671875
22 0.55625 0.60625 0.08203125 0.065625
23 0.52109375 0.35625 0.05703125 0.040625