0 0.63984375 0.48359375 0.140625 0.2078125
0 0.275 0.55 0.090625 0.21484375
1 0.82265625 0.16171875 0.18125 0.14765625
1 0.42578125 0.28828125 0.2296875 0.05859375
2 0.54296875 0.40078125 0.15703125 0.09140625
2 0.63359375 0.521875 0.0921875 0.1765625
3 0.1640625 0.55859375 0.071875 0.1703125
3 0.4140625 0.56015625 0.06328125 0.1625
4 0.24765625 0.24609375 0.15703125 0.10234375
4 0.07734375 0.26171875 0.08828125 0.159375
8 0.68828125 0.05234375 0.1640625 0.08125
8 0.85703125 0.10390625 0.09375 0.17109375
9 0.7984375 0.58359375 0.08359375 0.1359375
9 0.8515625 0.3234375 0.09609375 0.13125
10 0.8078125 0.2921875 0.09375 0.12421875
10 0.09765625 0.54921875 0.09609375 0.1109375
11 0.73046875 0.45625 0.1015625 0.10859375
11 0.746875 0.82265625 0.0828125 0.10078125
5 0.38125 0.11953125 0.1296875 0.07421875
5 0.53515625 0.58984375 0.1125 0.09296875
6 0.3828125 0.2265625 0.08359375 0.1125
6 0.33203125 0.225 0.0890625 0.08671875
7 0.3515625 0.6390625 0.1171875 0.06171875
7 0.31328125 0.11875 0.13046875 0.08125
12 0.51015625 0.6265625 0.11015625 0.0484375
12 0.253125 0.30234375 0.09921875 0.05
13 0.52265625 0.37734375 0.09921875 0.07578125
13 0.51640625 0.23203125 0.07578125 0.0984375
14 0.66953125 0.60859375 0.07265625 0.08671875
14 0.10546875 0.35234375 0.06484375 0.09453125
15 0.875 0.66875 0.06640625 0.10234375
15 0.20625 0.35 0.06015625 0.0875
16 0.853125 0.41015625 0.0890625 0.06953125
16 0.3609375 0.1671875 0.08671875 0.04453125
17 0.503125 0.93359375 0.078125 0.0828125
17 0.24765625 0.36171875 0.06640625 0.06953125
18 0.7390625 0.534375 0.07578125 0.05625
18 0.50859375 0.44609375 0.0671875 0.05
19 0.3484375 0.50234375 0.06171875 0.06953125
19 0.5171875 0.48359375 0.07421875 0.040625
20 0.93125 0.9296875 0.06875 0.06171875
20 0.22734375 0.47109375 0.05078125 0.0625
21 0.2296875 0.7625 0.05234375 0.08515625
21 0.81875 0.6515625 0.08515625 0.0390625
22 0.41484375 0.4453125 0.09765625 0.11484375
22 0.12734375 0.3609375 0.0921875 0.12421875