0 0.64453125 0.7859375 0.128125 0.30546875
0 0.36015625 0.215625 0.12421875 0.1578125
1 0.86328125 0.41171875 0.2 0.2421875
1 0.36171875 0.0671875 0.159375 0.134375
2 0.16484375 0.8609375 0.128125 0.1765625
2 0.725 0.74765625 0.175 0.17265625
3 0.565625 0.434375 0.184375 0.16171875
3 0.08125 0.23984375 0.10546875 0.2484375
4 0.709375 0.409375 0.06171875 0.2671875
4 0.24453125 0.19296875 0.1328125 0.16171875
8 0.31015625 0.72421875 0.18125 0.071875
8 0.1921875 0.26328125 0.1578125 0.13046875
9 0.17578125 0.278125 0.09609375 0.21015625
9 0.85234375 0.2765625 0.175 0.09921875
10 0.41328125 0.82734375 0.1515625 0.11796875
10 0.50234375 0.515625 0.07109375 0.19765625
11 0.74609375 0.35859375 0.1640625 0.05703125
11 0.1296875 0.1875 0.10390625 0.18515625
5 0.5515625 0.7578125 0.05234375 0.18515625
5 0.7046875 0.68203125 0.1609375 0.11796875
6 0.44765625 0.73671875 0.08828125 0.16015625
6 0.23984375 0.61484375 0.1484375 0.0796875
7 0.2984375 0.625 0.12265625 0.134375
7 0.73359375 0.56640625 0.1578125 0.05859375
12 0.9453125 0.384375 0.10859375 0.078125
12 0.59140625 0.32109375 0.06328125 0.1578125
13 0.46015625 0.55546875 0.0359375 0.1640625
13 0.5296875 0.29921875 0.04453125 0.16015625
14 0.30078125 0.53359375 0.10859375 0.065625
14 0.24453125 0.0390625 0.1328125 0.06953125
15 0.7625 0.796875 0.07109375 0.128125
15 0.6609375 0.434375 0.09765625 0.0859375
16 0.46875 0.30234375 0.06640625 0.12421875
16 0.82421875 0.578125 0.0359375 0.16640625
17 0.409375 0.596875 0.04609375 0.1203125
17 0.22421875 0.5640625 0.08828125 0.06328125
18 0.30234375 0.34921875 0.08046875 0.0546875
18 0.28671875 0.284375 0.06953125 0.071875
19 0.44453125 0.41171875 0.06328125 0.08203125
19 0.40625 0.33984375 0.0390625 0.09453125
20 0.25234375 0.43125 0.04453125 0.096875
20 0.78046875 0.41015625 0.07890625 0.0546875
21 0.51953125 0.73046875 0.05859375 0.084375
21 0.36328125 0.39921875 0.04609375 0.103125
22 0.51953125 0.8671875 0.10546875 0.18515625
22 0.59765625 0.6671875 0.07578125 0.17265625