0 0.3390625 0.8375 0.1046875 0.253125
0 0.465625 0.70625 0.1734375 0.20546875
1 0.328125 0.63828125 0.1859375 0.2375
1 0.584375 0.68125 0.2484375 0.1828125
2 0.1828125 0.3546875 0.096875 0.2375
2 0.4171875 0.88046875 0.0796875 0.20546875
3 0.50703125 0.09453125 0.2 0.1453125
3 0.31171875 0.578125 0.11875 0.20546875
4 0.1453125 0.7 0.1625 0.16953125
4 0.19140625 0.5828125 0.1359375 0.1984375
8 0.71015625 0.709375 0.125 0.1984375
8 0.9359375 0.4453125 0.09375 0.19296875
9 0.34921875 0.2609375 0.10625 0.1625
9 0.70625 0.69921875 0.1609375 0.09609375
10 0.1671875 0.62734375 0.078125 0.17109375
10 0.68671875 0.55625 0.140625 0.128125
11 0.8609375 0.61875 0.115625 0.109375
11 0.7734375 0.36484375 0.125 0.1109375
5 0.459375 0.2578125 0.0640625 0.15703125
5 0.09296875 0.48828125 0.0578125 0.1828125
6 0.5984375 0.3171875 0.1015625 0.11796875
6 0.72890625 0.309375 0.084375 0.146875
7 0.21328125 0.390625 0.1328125 0.11484375
7 0.6453125 0.38359375 0.0859375 0.15546875
12 0.40703125 0.18046875 0.090625 0.125
12 0.39609375 0.62578125 0.053125 0.1125
13 0.23125 0.84140625 0.04375 0.1296875
13 0.3921875 0.48828125 0.1109375 0.0875
14 0.4546875 0.83125 0.0515625 0.13125
14 0.2953125 0.6421875 0.1078125 0.11484375
15 0.60546875 0.1796875 0.109375 0.075
15 0.78671875 0.5125 0.0828125 0.0921875
16 0.45 0.73515625 0.0828125 0.0890625
16 0.82578125 0.55546875 0.0515625 0.109375
17 0.465625 0.3921875 0.0796875 0.0734375
17 0.59140625 0.2671875 0.08125 0.08046875
18 0.55 0.5609375 0.0734375 0.07890625
18 0.4625 0.653125 0.0671875 0.071875
19 0.2765625 0.3390625 0.0484375 0.0734375
19 0.50703125 0.44375 0.065625 0.0765625
20 0.46953125 0.59140625 0.075 0.04140625
20 0.58125 0.50703125 0.0578125 0.04921875
21 0.534375 0.25234375 0.0453125 0.08046875
21 0.703125 0.36640625 0.0515625 0.06328125
22 0.73046875 0.446875 0.171875 0.05625
23 0.1875 0.84765625 0.04375 0.075