0 0.57734375 0.23984375 0.2390625 0.1125
0 0.82265625 0.3421875 0.14921875 0.1453125
1 0.58671875 0.9046875 0.1453125 0.12421875
1 0.80859375 0.53125 0.12734375 0.23671875
2 0.2484375 0.63359375 0.18046875 0.16015625
2 0.596875 0.3953125 0.2390625 0.1125
3 0.3875 0.69609375 0.17578125 0.10546875
3 0.31171875 0.58046875 0.17734375 0.1453125
4 0.8140625 0.68984375 0.1703125 0.14375
4 0.1390625 0.2765625 0.09375 0.19375
8 0.5140625 0.146875 0.20546875 0.10546875
8 0.6390625 0.37421875 0.090625 0.1671875
9 0.3578125 0.24375 0.1734375 0.07421875
9 0.29765625 0.14921875 0.16640625 0.1140625
10 0.64453125 0.85546875 0.16171875 0.12734375
10 0.71953125 0.634375 0.09609375 0.1484375
11 0.1171875 0.4796875 0.09921875 0.0828125
11 0.31796875 0.46015625 0.08671875 0.140625
5 0.303125 0.33515625 0.1421875 0.07265625
5 0.546875 0.21171875 0.08359375 0.16875
6 0.71015625 0.83984375 0.14375 0.12890625
6 0.190625 0.5078125 0.0515625 0.1453125
7 0.33984375 0.7484375 0.146875 0.0796875
7 0.634375 0.46484375 0.134375 0.109375
12 0.34453125 0.371875 0.12578125 0.06640625
12 0.55859375 0.37265625 0.1171875 0.09765625
13 0.528125 0.590625 0.07421875 0.1140625
13 0.25390625 0.253125 0.103125 0.12890625
14 0.7625 0.4921875 0.11015625 0.07265625
14 0.24765625 0.2875 0.115625 0.0890625
15 0.4859375 0.62421875 0.06015625 0.0875
15 0.8359375 0.19921875 0.09765625 0.1171875
16 0.4984375 0.84765625 0.05703125 0.09609375
16 0.72109375 0.15078125 0.12578125 0.07578125
17 0.3921875 0.7921875 0.09609375 0.06484375
17 0.49921875 0.71640625 0.0515625 0.09453125
18 0.6 0.5875 0.0515625 0.08125
18 0.525 0.4 0.0640625 0.0859375
19 0.6015625 0.8 0.05859375 0.07578125
19 0.534375 0.30859375 0.08359375 0.06484375
20 0.346875 0.5015625 0.06171875 0.0546875
20 0.25 0.4796875 0.0421875 0.053125
21 0.45390625 0.51171875 0.0671875 0.06796875
21 0.2375 0.43359375 0.05703125 0.07109375
22 0.36875 0.865625 0.12421875 0.0875
22 0.671875 0.51953125 0.10625 0.15390625