0 0.12890625 0.73671875 0.09140625 0.30390625
0 0.3734375 0.8453125 0.2421875 0.109375
1 0.3796875 0.2953125 0.1046875 0.23984375
1 0.82578125 0.4578125 0.21796875 0.07734375
2 0.81015625 0.71328125 0.16328125 0.109375
2 0.67421875 0.8375 0.1703125 0.1359375
3 0.81015625 0.58984375 0.04921875 0.18671875
3 0.58125 0.61875 0.140625 0.07890625
4 0.35546875 0.66328125 0.16015625 0.06640625
4 0.40078125 0.47265625 0.12109375 0.1375
8 0.52109375 0.30078125 0.15546875 0.06953125
8 0.59765625 0.73203125 0.14765625 0.071875
9 0.53125 0.29609375 0.04765625 0.16640625
9 0.834375 0.3515625 0.14765625 0.0921875
10 0.61484375 0.7640625 0.0703125 0.128125
10 0.746875 0.653125 0.05078125 0.13984375
11 0.35 0.55 0.075 0.13359375
11 0.590625 0.37578125 0.065625 0.14375
5 0.7015625 0.5390625 0.103125 0.06953125
5 0.8484375 0.49609375 0.040625 0.14375
6 0.35078125 0.27109375 0.0734375 0.1265625
6 0.7390625 0.0921875 0.0671875 0.1359375
7 0.66484375 0.3765625 0.0421875 0.13359375
7 0.8828125 0.6390625 0.11328125 0.05078125
12 0.2984375 0.5015625 0.0609375 0.109375
12 0.57265625 0.20078125 0.04921875 0.12265625
13 0.446875 0.7578125 0.075 0.1
13 0.56171875 0.5671875 0.06875 0.0890625
14 0.67421875 0.25546875 0.05546875 0.11875
14 0.91328125 0.203125 0.08828125 0.0734375
15 0.75546875 0.3828125 0.05078125 0.09453125
15 0.80390625 0.18359375 0.05234375 0.10390625
16 0.63671875 0.42421875 0.0359375 0.09453125
16 0.83125 0.75078125 0.09140625 0.071875
17 0.47734375 0.25390625 0.0703125 0.046875
17 0.93515625 0.12421875 0.0609375 0.08671875
18 0.4265625 0.39921875 0.0703125 0.0546875
18 0.740625 0.06953125 0.08359375 0.053125
19 0.490625 0.47265625 0.05546875 0.07734375
19 0.80859375 0.3859375 0.04921875 0.06953125
20 0.575 0.45 0.04765625 0.04375
20 0.71171875 0.4609375 0.0421875 0.0625
21 0.69453125 0.56953125 0.04453125 0.0640625
21 0.77421875 0.11796875 0.05859375 0.05859375
22 0.56484375 0.44453125 0.0625 0.1375
22 0.55390625 0.8125 0.12265625 0.07734375