0 0.6640625 0.56484375 0.12578125 0.16328125
0 0.315625 0.3125 0.1375 0.15859375
1 0.86875 0.684375 0.1546875 0.196875
1 0.6875 0.49375 0.13046875 0.209375
2 0.36875 0.0765625 0.17578125 0.1140625
2 0.1609375 0.22265625 0.12421875 0.1078125
3 0.45625 0.878125 0.18203125 0.065625
3 0.1390625 0.4421875 0.0671875 0.1546875
4 0.30546875 0.15703125 0.12890625 0.1265625
4 0.178125 0.5328125 0.1484375 0.1109375
8 0.38203125 0.0359375 0.1703125 0.065625
8 0.4609375 0.80859375 0.10546875 0.09140625
9 0.49765625 0.2421875 0.0671875 0.13046875
9 0.846875 0.8078125 0.171875 0.05078125
10 0.61640625 0.4609375 0.11953125 0.07890625
10 0.74296875 0.33359375 0.12734375 0.06015625
11 0.490625 0.7359375 0.1359375 0.053125
11 0.753125 0.34140625 0.10234375 0.08984375
5 0.90546875 0.709375 0.1390625 0.053125
5 0.74921875 0.234375 0.0765625 0.10078125
6 0.25546875 0.496875 0.05078125 0.1265625
6 0.1265625 0.46953125 0.10703125 0.1109375
7 0.62421875 0.9453125 0.1421875 0.06171875
7 0.0765625 0.36171875 0.11484375 0.07734375
12 0.58515625 0.43203125 0.0921875 0.06875
12 0.859375 0.278125 0.0671875 0.08984375
13 0.60078125 0.8921875 0.11640625 0.06328125
13 0.73203125 0.83671875 0.05390625 0.10078125
14 0.3671875 0.61796875 0.0734375 0.08984375
14 0.6703125 0.89140625 0.09765625 0.04609375
15 0.20546875 0.26015625 0.0890625 0.06171875
15 0.765625 0.56796875 0.04765625 0.09140625
16 0.64140625 0.47578125 0.0953125 0.040625
16 0.36796875 0.471875 0.09765625 0.05078125
17 0.3 0.1890625 0.0703125 0.06875
17 0.528125 0.83046875 0.05078125 0.0796875
18 0.38203125 0.39296875 0.065625 0.06484375
18 0.4265625 0.440625 0.05546875 0.07265625
19 0.4609375 0.31796875 0.05390625 0.06328125
19 0.653125 0.41484375 0.071875 0.05234375
20 0.3796875 0.3 0.04765625 0.05234375
20 0.42421875 0.17421875 0.0609375 0.04765625
21 0.35546875 0.2265625 0.0671875 0.03828125
21 0.4671875 0.41171875 0.0640625 0.053125
22 0.75859375 0.57265625 0.1578125 0.053125
23 0.0796875 0.60078125 0.0765625 0.0390625