0 0.48671875 0.31796875 0.1375 0.18828125
0 0.7015625 0.4625 0.19765625 0.11484375
1 0.23203125 0.41953125 0.0921875 0.17890625
1 0.2296875 0.37265625 0.1421875 0.17734375
2 0.446875 0.2125 0.1171875 0.1828125
2 0.7984375 0.28515625 0.0921875 0.19453125
3 0.4109375 0.44140625 0.184375 0.06484375
3 0.496875 0.52109375 0.15234375 0.11875
4 0.3078125 0.42265625 0.08828125 0.17109375
4 0.12890625 0.4078125 0.08515625 0.184375
8 0.80390625 0.57109375 0.10234375 0.16015625
8 0.4171875 0.91484375 0.18359375 0.10390625
9 0.3875 0.34375 0.0921875 0.13828125
9 0.3703125 0.75 0.16015625 0.08125
10 0.4640625 0.09140625 0.121875 0.11953125
10 0.80078125 0.74375 0.14375 0.115625
11 0.0953125 0.48359375 0.07890625 0.14609375
11 0.63515625 0.6484375 0.090625 0.13984375
5 0.71171875 0.73984375 0.13359375 0.06171875
5 0.4578125 0.5421875 0.12578125 0.09765625
6 0.85234375 0.42265625 0.121875 0.12734375
6 0.46953125 0.75625 0.090625 0.1265625
7 0.59296875 0.8703125 0.13671875 0.06953125
7 0.89140625 0.834375 0.13203125 0.07109375
12 0.6546875 0.76796875 0.12734375 0.06484375
12 0.3859375 0.41484375 0.12578125 0.05
13 0.51640625 0.8703125 0.12578125 0.075
13 0.646875 0.61328125 0.10546875 0.09453125
14 0.665625 0.82734375 0.10546875 0.07734375
14 0.51484375 0.61796875 0.10234375 0.075
15 0.21875 0.2796875 0.1234375 0.04609375
15 0.68984375 0.3125 0.06875 0.0828125
16 0.56328125 0.83125 0.1 0.05625
16 0.2671875 0.66640625 0.1140625 0.05390625
17 0.57578125 0.65625 0.0484375 0.0828125
17 0.725 0.571875 0.0515625 0.08828125
18 0.3046875 0.84375 0.1 0.05
18 0.78046875 0.6796875 0.071875 0.06171875
19 0.0890625 0.6328125 0.08671875 0.07109375
19 0.60625 0.78203125 0.075 0.05625
20 0.54453125 0.77109375 0.071875 0.05234375
20 0.3765625 0.87890625 0.05546875 0.07109375
21 0.39921875 0.80859375 0.071875 0.05625
21 0.53203125 0.671875 0.05859375 0.07265625
22 0.7421875 0.39765625 0.096875 0.09453125
23 0.63125 0.53671875 0.075 0.06328125