0 0.63125 0.2265625 0.1375 0.1765625
0 0.7171875 0.890625 0.15 0.15234375
1 0.36796875 0.8421875 0.115625 0.11953125
1 0.4796875 0.1515625 0.24921875 0.05859375
2 0.18203125 0.23671875 0.06328125 0.203125
2 0.3890625 0.546875 0.13828125 0.18125
3 0.67734375 0.8796875 0.1328125 0.1640625
3 0.5984375 0.8796875 0.14453125 0.103125
4 0.20546875 0.17421875 0.15859375 0.09375
4 0.14921875 0.58203125 0.1515625 0.13046875
8 0.85546875 0.734375 0.0734375 0.203125
8 0.11640625 0.52109375 0.0609375 0.21015625
9 0.95390625 0.83125 0.0921875 0.14609375
9 0.1921875 0.48203125 0.12734375 0.11796875
10 0.73515625 0.21171875 0.090625 0.14921875
10 0.33671875 0.37109375 0.1359375 0.05546875
11 0.65859375 0.621875 0.11484375 0.1109375
11 0.690625 0.578125 0.1015625 0.12578125
5 0.29296875 0.2453125 0.05078125 0.15078125
5 0.51796875 0.1359375 0.08515625 0.15703125
6 0.56171875 0.75390625 0.09609375 0.11796875
6 0.27890625 0.40078125 0.11015625 0.11484375
7 0.39609375 0.540625 0.12734375 0.05078125
7 0.3703125 0.73359375 0.13828125 0.06875
12 0.74609375 0.5671875 0.09765625 0.0734375
12 0.77734375 0.38046875 0.1234375 0.09375
13 0.64609375 0.6234375 0.0765625 0.0984375
13 0.40859375 0.7453125 0.07109375 0.11796875
14 0.4875 0.47421875 0.05234375 0.12578125
14 0.534375 0.56328125 0.0453125 0.12578125
15 0.63828125 0.41328125 0.09765625 0.06015625
15 0.2171875 0.5296875 0.046875 0.11484375
16 0.42734375 0.33515625 0.08515625 0.0890625
16 0.61875 0.7421875 0.0890625 0.0890625
17 0.465625 0.6046875 0.07890625 0.04609375
17 0.66640625 0.26484375 0.06484375 0.0875
18 0.81015625 0.48828125 0.07109375 0.06328125
18 0.8640625 0.559375 0.0484375 0.0890625
19 0.2515625 0.453125 0.07109375 0.04453125
19 0.84765625 0.89609375 0.071875 0.078125
20 0.75546875 0.52734375 0.059375 0.06484375
20 0.65703125 0.475 0.06328125 0.04140625
21 0.3484375 0.46484375 0.06953125 0.04609375
21 0.74296875 0.4734375 0.0609375 0.06015625
22 0.30234375 0.6953125 0.121875 0.075
22 0.675 0.3765625 0.14140625 0.1015625