0 0.5125 0.090625 0.096875 0.18125
0 0.26328125 0.41484375 0.11640625 0.115625
1 0.14140625 0.79921875 0.13046875 0.07421875
1 0.759375 0.56640625 0.15703125 0.12265625
2 0.753125 0.75078125 0.0734375 0.1625
2 0.2578125 0.775 0.109375 0.0859375
3 0.6640625 0.284375 0.109375 0.11640625
3 0.39140625 0.35546875 0.096875 0.06640625
4 0.4796875 0.63984375 0.13671875 0.12109375
4 0.46640625 0.6390625 0.1 0.08203125
8 0.27890625 0.8578125 0.14296875 0.04609375
8 0.5171875 0.09921875 0.159375 0.04609375
9 0.85234375 0.5265625 0.08515625 0.08828125
9 0.64765625 0.67890625 0.0609375 0.10078125
10 0.56328125 0.57265625 0.078125 0.09453125
10 0.7375 0.615625 0.0921875 0.06875
11 0.78984375 0.52890625 0.10625 0.08125
11 0.67734375 0.9546875 0.06796875 0.0890625
5 0.0765625 0.7234375 0.09921875 0.06484375
5 0.9390625 0.23125 0.065625 0.0625
6 0.7109375 0.3046875 0.09296875 0.0890625
6 0.821875 0.43515625 0.09765625 0.07421875
7 0.71328125 0.45625 0.1140625 0.0859375
7 0.65546875 0.715625 0.06875 0.08203125
12 0.659375 0.4125 0.096875 0.04609375
12 0.72578125 0.2234375 0.046875 0.090625
13 0.9125 0.17734375 0.09765625 0.0671875
13 0.7234375 0.221875 0.10390625 0.03359375
14 0.296875 0.8296875 0.0859375 0.046875
14 0.659375 0.76484375 0.05625 0.07421875
15 0.1328125 0.8578125 0.071875 0.05859375
15 0.35 0.51953125 0.07421875 0.053125
16 0.07265625 0.89296875 0.04296875 0.0765625
16 0.33359375 0.7390625 0.05 0.07421875
17 0.5671875 0.34765625 0.0640625 0.0609375
17 0.39375 0.30546875 0.08359375 0.04296875
18 0.684375 0.88125 0.06875 0.04609375
18 0.48046875 0.7703125 0.05859375 0.05390625
19 0.62109375 0.87734375 0.05390625 0.05390625
19 0.4046875 0.85390625 0.0609375 0.04921875
20 0.3703125 0.884375 0.059375 0.0421875
20 0.55390625 0.68203125 0.0515625 0.0390625
21 0.35234375 0.1546875 0.05 0.053125
21 0.31640625 0.3453125 0.03828125 0.04921875
22 0.6546875 0.56875 0.11171875 0.0546875
23 0.52421875 0.696875 0.05859375 0.03984375