0 0.33125 0.1890625 0.18203125 0.18046875
0 0.58203125 0.80390625 0.228125 0.12890625
1 0.56171875 0.9078125 0.16328125 0.109375
1 0.8421875 0.26640625 0.196875 0.121875
2 0.72421875 0.365625 0.128125 0.11953125
2 0.43125 0.77421875 0.24140625 0.13984375
3 0.4875 0.42109375 0.16171875 0.15859375
3 0.27109375 0.47890625 0.14296875 0.17265625
4 0.18515625 0.80390625 0.18046875 0.1265625
4 0.45859375 0.15625 0.1375 0.17265625
8 0.1703125 0.7421875 0.11875 0.15
8 0.63671875 0.65234375 0.11875 0.071875
9 0.85546875 0.1625 0.11875 0.09140625
9 0.4328125 0.50390625 0.12265625 0.15
10 0.60703125 0.41640625 0.13203125 0.08984375
10 0.2640625 0.87421875 0.12265625 0.1
11 0.7921875 0.27578125 0.140625 0.09140625
11 0.4375 0.26875 0.07265625 0.1328125
5 0.86953125 0.490625 0.10625 0.14140625
5 0.790625 0.12890625 0.12421875 0.0953125
6 0.7296875 0.13125 0.0875 0.1453125
6 0.58203125 0.15546875 0.11484375 0.07890625
7 0.84765625 0.41015625 0.06171875 0.15234375
7 0.546875 0.096875 0.1078125 0.07890625
12 0.65078125 0.26640625 0.096875 0.0984375
12 0.4625 0.5015625 0.11328125 0.0609375
13 0.29140625 0.6265625 0.14609375 0.05234375
13 0.2578125 0.47421875 0.08671875 0.0984375
14 0.61171875 0.71328125 0.1203125 0.0625
14 0.34921875 0.54453125 0.06875 0.11171875
15 0.37578125 0.9109375 0.06640625 0.10703125
15 0.2796875 0.7171875 0.08359375 0.07421875
16 0.12734375 0.46171875 0.11484375 0.0734375
16 0.6296875 0.06015625 0.09609375 0.08671875
17 0.63828125 0.73359375 0.096875 0.04140625
17 0.65625 0.821875 0.096875 0.06484375
18 0.52109375 0.56171875 0.0890625 0.05625
18 0.5421875 0.7015625 0.04609375 0.08984375
19 0.3984375 0.2890625 0.090625 0.065625
19 0.31484375 0.53046875 0.0765625 0.07421875
20 0.5734375 0.57578125 0.07265625 0.0453125
20 0.21640625 0.47265625 0.05 0.06796875
21 0.10546875 0.4296875 0.06484375 0.08046875
21 0.40859375 0.38515625 0.08515625 0.0609375
22 0.32734375 0.38671875 0.14453125 0.0984375
22 0.70859375 0.62578125 0.1296875 0.08515625