0 0.290625 0.64296875 0.07734375 0.16484375
0 0.859375 0.36953125 0.08125 0.16953125
1 0.4265625 0.62109375 0.08125 0.159375
1 0.6953125 0.33828125 0.0859375 0.16875
2 0.2375 0.909375 0.10546875 0.1171875
2 0.33515625 0.57890625 0.0515625 0.1265625
3 0.56875 0.65234375 0.06484375 0.12421875
3 0.83515625 0.7546875 0.04921875 0.14921875
4 0.378125 0.82890625 0.12421875 0.0546875
4 0.51796875 0.40859375 0.0890625 0.0828125
8 0.38515625 0.5203125 0.04609375 0.11015625
8 0.6234375 0.53046875 0.12578125 0.0421875
9 0.42578125 0.5109375 0.040625 0.1125
9 0.6296875 0.54375 0.04375 0.1171875
10 0.5046875 0.82890625 0.1015625 0.040625
10 0.553125 0.50546875 0.0921875 0.06953125
11 0.63984375 0.87265625 0.10390625 0.04296875
11 0.82890625 0.45703125 0.06953125 0.07265625
5 0.69609375 0.93828125 0.10546875 0.03671875
5 0.47890625 0.89140625 0.075 0.0875
6 0.54921875 0.79140625 0.0921875 0.0546875
6 0.525 0.70234375 0.03671875 0.0953125
7 0.06796875 0.95078125 0.09765625 0.04453125
7 0.6203125 0.15859375 0.09375 0.07421875
12 0.42734375 0.44609375 0.0703125 0.0515625
12 0.82734375 0.39609375 0.0671875 0.05234375
13 0.778125 0.8640625 0.08515625 0.06953125
13 0.91796875 0.43671875 0.025 0.096875
14 0.603125 0.63125 0.0453125 0.07734375
14 0.8484375 0.753125 0.09140625 0.03984375
15 0.34609375 0.45234375 0.0453125 0.075
15 0.52890625 0.4890625 0.0640625 0.06484375
16 0.39609375 0.59765625 0.06484375 0.03203125
16 0.88125 0.1859375 0.05390625 0.07734375
17 0.39609375 0.76796875 0.05390625 0.0453125
17 0.503125 0.19765625 0.0609375 0.0421875
18 0.37265625 0.63515625 0.05625 0.03203125
18 0.68203125 0.4984375 0.0515625 0.0375
19 0.43984375 0.69375 0.03203125 0.05703125
19 0.5640625 0.1671875 0.0328125 0.05546875
20 0.63828125 0.45859375 0.03828125 0.04921875
20 0.96328125 0.04765625 0.0421875 0.0546875
21 0.79921875 0.42265625 0.04296875 0.03671875
21 0.78828125 0.375 0.0296875 0.04765625
22 0.49609375 0.3390625 0.1046875 0.0453125
23 0.72421875 0.50390625 0.034375 0.05390625