0 0.29140625 0.85390625 0.1625 0.16953125
0 0.628125 0.54140625 0.1703125 0.2125
1 0.8234375 0.63515625 0.11015625 0.28203125
1 0.4953125 0.36875 0.11015625 0.23671875
2 0.45703125 0.54765625 0.09296875 0.203125
2 0.696875 0.3265625 0.14296875 0.14140625
3 0.24375 0.64296875 0.15625 0.07265625
3 0.55078125 0.14296875 0.1515625 0.125
4 0.1859375 0.32265625 0.09765625 0.18671875
4 0.84453125 0.7890625 0.1515625 0.14921875
8 0.68984375 0.4484375 0.13671875 0.1328125
8 0.58515625 0.303125 0.1203125 0.1546875
9 0.5671875 0.72109375 0.0484375 0.16953125
9 0.43046875 0.33828125 0.11875 0.06171875
10 0.065625 0.3765625 0.0828125 0.14921875
10 0.6703125 0.14296875 0.125 0.0953125
11 0.68125 0.74609375 0.1171875 0.08984375
11 0.57109375 0.6140625 0.1265625 0.059375
5 0.525 0.74453125 0.0453125 0.15703125
5 0.93046875 0.62578125 0.1296875 0.0953125
6 0.36640625 0.490625 0.115625 0.06328125
6 0.41640625 0.675 0.06328125 0.1453125
7 0.3140625 0.5546875 0.09921875 0.09921875
7 0.67734375 0.64453125 0.06484375 0.14375
12 0.628125 0.45859375 0.0703125 0.11953125
12 0.51015625 0.07578125 0.0875 0.0953125
13 0.7203125 0.4765625 0.075 0.09921875
13 0.51015625 0.39375 0.11015625 0.0484375
14 0.321875 0.7015625 0.08984375 0.0484375
14 0.47734375 0.74453125 0.046875 0.11171875
15 0.72890625 0.79609375 0.09453125 0.05390625
15 0.65859375 0.07890625 0.0484375 0.11015625
16 0.68125 0.83046875 0.084375 0.075
16 0.309375 0.19375 0.05546875 0.1046875
17 0.2703125 0.3421875 0.06953125 0.07265625
17 0.36171875 0.13984375 0.06171875 0.0859375
18 0.22265625 0.5609375 0.06640625 0.0578125
18 0.29375 0.80390625 0.06171875 0.04453125
19 0.31015625 0.76796875 0.06796875 0.06171875
19 0.7234375 0.54296875 0.06640625 0.0484375
20 0.121875 0.74140625 0.05390625 0.07265625
20 0.5609375 0.86015625 0.06328125 0.05625
21 0.20390625 0.4234375 0.040625 0.0859375
21 0.7328125 0.66796875 0.040625 0.07109375
22 0.2890625 0.42734375 0.08125 0.14921875
23 0.159375 0.22421875 0.05078125 0.05234375