0 0.590625 0.83671875 0.125 0.15
0 0.45625 0.68828125 0.1765625 0.17265625
1 0.1984375 0.62109375 0.11484375 0.2234375
1 0.91875 0.334375 0.15 0.16953125
2 0.103125 0.4875 0.1859375 0.12421875
2 0.16640625 0.58125 0.128125 0.18125
3 0.6765625 0.1171875 0.075 0.19609375
3 0.74609375 0.10625 0.14375 0.1109375
4 0.64140625 0.52734375 0.1171875 0.16796875
4 0.6125 0.65390625 0.159375 0.09453125
8 0.55625 0.3828125 0.14765625 0.103125
8 0.871875 0.575 0.1015625 0.13203125
9 0.4609375 0.8375 0.115625 0.15859375
9 0.178125 0.36171875 0.15234375 0.06015625
10 0.88828125 0.440625 0.121875 0.1171875
10 0.5046875 0.67890625 0.14609375 0.08515625
11 0.66484375 0.415625 0.0671875 0.15625
11 0.4796875 0.73046875 0.125 0.071875
5 0.43828125 0.47734375 0.10546875 0.10625
5 0.73046875 0.24140625 0.05078125 0.16640625
6 0.3671875 0.66171875 0.09765625 0.12890625
6 0.86328125 0.6140625 0.08515625 0.15859375
7 0.31640625 0.63515625 0.121875 0.0703125
7 0.375 0.584375 0.09765625 0.12109375
12 0.84453125 0.2546875 0.06640625 0.146875
12 0.628125 0.4359375 0.1015625 0.05859375
13 0.3 0.46796875 0.1015625 0.0421875
13 0.94921875 0.6046875 0.0890625 0.12265625
14 0.696875 0.83203125 0.06484375 0.140625
14 0.76953125 0.5796875 0.096875 0.0703125
15 0.52578125 0.58203125 0.0828125 0.05234375
15 0.66953125 0.23671875 0.08515625 0.05859375
16 0.72890625 0.4328125 0.06875 0.103125
16 0.3484375 0.5140625 0.09140625 0.05859375
17 0.83359375 0.39921875 0.053125 0.08984375
17 0.7609375 0.45546875 0.053125 0.09453125
18 0.9625 0.61796875 0.05234375 0.1046875
18 0.9421875 0.50859375 0.03671875 0.09765625
19 0.15 0.91328125 0.0484375 0.08828125
19 0.75625 0.70703125 0.0671875 0.08984375
19 0.61484375 0.7109375 0.04296875 0.08515625
20 0.496875 0.5515625 0.05703125 0.04921875
20 0.44296875 0.58671875 0.053125 0.04375
21 0.31875 0.5515625 0.07265625 0.0421875
21 0.90625 0.66953125 0.0546875 0.05703125
22 0.7984375 0.40390625 0.05 0.1875
22 0.69453125 0.60546875 0.05859375 0.15