0 0.22421875 0.240625 0.0859375 0.21171875
0 0.2921875 0.44140625 0.1609375 0.11640625
1 0.35859375 0.6453125 0.05 0.19765625
1 0.72578125 0.5546875 0.059375 0.21015625
2 0.4765625 0.7125 0.06640625 0.1671875
2 0.74609375 0.1328125 0.0859375 0.1671875
3 0.790625 0.20546875 0.0484375 0.1625
3 0.22578125 0.37890625 0.0375 0.153125
4 0.61953125 0.36171875 0.11875 0.04609375
4 0.67265625 0.196875 0.0421875 0.1484375
8 0.62890625 0.38671875 0.046875 0.15
8 0.6921875 0.28046875 0.096875 0.11640625
9 0.52578125 0.74140625 0.08984375 0.103125
9 0.1390625 0.66796875 0.11171875 0.05390625
10 0.7515625 0.56953125 0.10546875 0.0625
10 0.84453125 0.20234375 0.0640625 0.11328125
11 0.37734375 0.9203125 0.0703125 0.11640625
11 0.80078125 0.32578125 0.03984375 0.11796875
5 0.46015625 0.6125 0.0921875 0.096875
5 0.61953125 0.5046875 0.09296875 0.05859375
6 0.93984375 0.64765625 0.08125 0.090625
6 0.75390625 0.08203125 0.06875 0.10859375
7 0.56484375 0.5640625 0.07421875 0.0953125
7 0.084375 0.221875 0.07421875 0.103125
12 0.27578125 0.2234375 0.04609375 0.103125
12 0.05 0.6109375 0.0640625 0.0625
13 0.68125 0.61328125 0.0484375 0.0953125
13 0.10078125 0.5390625 0.046875 0.1
14 0.6171875 0.5953125 0.065625 0.0765625
14 0.15703125 0.20859375 0.065625 0.0796875
15 0.675 0.41640625 0.0765625 0.04140625
15 0.196875 0.55625 0.0640625 0.04765625
16 0.4421875 0.69375 0.0484375 0.071875
16 0.19375 0.828125 0.03359375 0.0921875
17 0.5984375 0.44296875 0.03125 0.0734375
17 0.70234375 0.16015625 0.0390625 0.06875
18 0.70703125 0.5046875 0.05078125 0.04609375
18 0.12734375 0.6140625 0.0421875 0.071875
19 0.153125 0.3359375 0.05 0.06171875
19 0.3109375 0.4890625 0.05078125 0.04921875
20 0.64765625 0.2390625 0.04140625 0.04609375
20 0.56796875 0.44609375 0.04140625 0.04921875
21 0.31015625 0.71640625 0.05078125 0.03984375
21 0.278125 0.41484375 0.05234375 0.05078125
22 0.22734375 0.84375 0.04375 0.12890625
23 0.18359375 0.52578125 0.03984375 0.04609375