0 0.90390625 0.43203125 0.184375 0.11640625
0 0.53515625 0.39609375 0.0890625 0.17265625
1 0.9046875 0.3828125 0.0828125 0.19921875
1 0.61171875 0.32109375 0.1203125 0.15078125
2 0.609375 0.503125 0.1546875 0.11171875
2 0.609375 0.4609375 0.121875 0.11640625
3 0.2578125 0.43671875 0.153125 0.06640625
3 0.63671875 0.74140625 0.14921875 0.09140625
4 0.721875 0.64453125 0.14921875 0.109375
4 0.584375 0.22265625 0.1328125 0.08828125
8 0.515625 0.90546875 0.07734375 0.153125
8 0.2171875 0.33046875 0.09609375 0.11015625
9 0.265625 0.55078125 0.04609375 0.14375
9 0.05859375 0.38359375 0.04609375 0.14765625
10 0.70546875 0.21796875 0.08515625 0.121875
10 0.3859375 0.3125 0.09453125 0.10390625
11 0.08515625 0.72890625 0.06484375 0.08125
11 0.153125 0.62265625 0.03828125 0.1296875
5 0.9140625 0.2890625 0.071875 0.12265625
5 0.62890625 0.2875 0.11953125 0.071875
6 0.28828125 0.35546875 0.06796875 0.11171875
6 0.45625 0.2890625 0.1046875 0.07734375
7 0.58828125 0.1640625 0.11953125 0.05078125
7 0.33671875 0.5671875 0.09609375 0.10078125
12 0.1359375 0.73046875 0.03359375 0.09375
12 0.3984375 0.5078125 0.0515625 0.0984375
13 0.49453125 0.5734375 0.06484375 0.08046875
13 0.34609375 0.47890625 0.04765625 0.08984375
14 0.734375 0.58203125 0.084375 0.084375
14 0.22109375 0.340625 0.0515625 0.10390625
15 0.6171875 0.7984375 0.0796875 0.071875
15 0.1609375 0.42890625 0.0703125 0.07578125
16 0.56328125 0.5703125 0.08828125 0.0390625
16 0.29921875 0.4046875 0.0515625 0.07421875
17 0.54296875 0.60625 0.0796875 0.0359375
17 0.55859375 0.43203125 0.05390625 0.06875
18 0.8046875 0.24765625 0.0484375 0.0703125
18 0.36171875 0.4140625 0.059375 0.046875
19 0.346875 0.33515625 0.04375 0.0625
19 0.315625 0.24453125 0.06796875 0.04453125
20 0.390625 0.57265625 0.03671875 0.05625
20 0.2625 0.25703125 0.04765625 0.05234375
21 0.46328125 0.48515625 0.05390625 0.05390625
21 0.67421875 0.23671875 0.0609375 0.0453125
22 0.86796875 0.46015625 0.1125 0.1046875
23 0.51171875 0.03984375 0.05 0.0390625