0 0.85234375 0.57265625 0.13515625 0.18984375
0 0.6296875 0.83125 0.19609375 0.16328125
1 0.30234375 0.33125 0.159375 0.11875
1 0.8078125 0.57109375 0.2171875 0.1234375
2 0.734375 0.3078125 0.25 0.05234375
2 0.45390625 0.65390625 0.2171875 0.07890625
3 0.52578125 0.9171875 0.2015625 0.09375
3 0.47109375 0.81328125 0.203125 0.08046875
4 0.71640625 0.665625 0.16875 0.13828125
4 0.32890625 0.775 0.078125 0.16953125
8 0.53359375 0.09765625 0.21328125 0.096875
8 0.8953125 0.84296875 0.10625 0.15
9 0.50703125 0.171875 0.18046875 0.07421875
9 0.5765625 0.55625 0.096875 0.16015625
10 0.44453125 0.4453125 0.15625 0.0578125
10 0.6046875 0.42421875 0.140625 0.09375
11 0.37734375 0.3859375 0.1265625 0.11015625
11 0.715625 0.2125 0.10078125 0.14140625
5 0.2609375 0.671875 0.0640625 0.14140625
5 0.34609375 0.5828125 0.1546875 0.04609375
6 0.625 0.25859375 0.13203125 0.10859375
6 0.5109375 0.33828125 0.078125 0.13984375
7 0.1609375 0.31875 0.13046875 0.1265625
7 0.58515625 0.5671875 0.153125 0.07734375
12 0.64765625 0.1828125 0.08359375 0.115625
12 0.628125 0.8484375 0.05234375 0.10859375
13 0.73125 0.8703125 0.125 0.0640625
13 0.50234375 0.71640625 0.1234375 0.04921875
14 0.25 0.43671875 0.11484375 0.065625
14 0.8828125 0.60390625 0.1265625 0.04453125
15 0.84140625 0.21640625 0.10625 0.07734375
15 0.59609375 0.6359375 0.08828125 0.0625
16 0.096875 0.23203125 0.10078125 0.0953125
16 0.8625 0.71328125 0.08671875 0.0921875
17 0.63984375 0.3640625 0.08828125 0.05625
17 0.803125 0.77265625 0.07109375 0.0953125
18 0.1625 0.421875 0.08125 0.07578125
18 0.35078125 0.29921875 0.059375 0.084375
19 0.31875 0.66640625 0.06796875 0.07421875
19 0.46015625 0.5828125 0.0796875 0.05234375
20 0.3484375 0.4640625 0.05703125 0.0578125
20 0.38359375 0.54296875 0.059375 0.0546875
21 0.33828125 0.51640625 0.08671875 0.05078125
21 0.41875 0.73046875 0.0625 0.0578125
22 0.8703125 0.359375 0.16875 0.07578125
22 0.7203125 0.803125 0.1078125 0.07109375