0 0.7875 0.87890625 0.153125 0.125
0 0.5765625 0.77890625 0.19609375 0.2328125
1 0.2859375 0.6984375 0.1765625 0.19921875
1 0.40859375 0.51484375 0.05546875 0.3015625
2 0.115625 0.471875 0.04765625 0.26953125
2 0.8109375 0.27734375 0.18046875 0.103125
3 0.81796875 0.71953125 0.17265625 0.07578125
3 0.75546875 0.60703125 0.18046875 0.09765625
4 0.79921875 0.1140625 0.10703125 0.19375
4 0.440625 0.81875 0.0640625 0.20390625
8 0.20078125 0.26796875 0.16015625 0.12109375
8 0.41484375 0.23671875 0.1484375 0.13984375
9 0.24765625 0.29921875 0.10546875 0.1671875
9 0.45859375 0.36171875 0.1265625 0.13671875
10 0.93984375 0.55625 0.06640625 0.175
10 0.46875 0.47890625 0.1109375 0.11484375
11 0.8703125 0.58984375 0.09609375 0.0875
11 0.58359375 0.334375 0.0484375 0.16328125
5 0.65078125 0.8 0.075 0.15703125
5 0.2609375 0.42265625 0.1125 0.13671875
6 0.7765625 0.3859375 0.090625 0.1453125
6 0.62734375 0.5234375 0.1390625 0.0453125
7 0.509375 0.71328125 0.06015625 0.15859375
7 0.128125 0.5390625 0.13359375 0.0859375
12 0.70234375 0.2625 0.04453125 0.13359375
12 0.3 0.6203125 0.0484375 0.13515625
13 0.51875 0.6109375 0.0859375 0.09296875
13 0.3640625 0.5453125 0.07890625 0.103125
14 0.378125 0.1421875 0.06640625 0.10625
14 0.5921875 0.6703125 0.08046875 0.09296875
15 0.328125 0.4171875 0.0890625 0.05546875
15 0.68046875 0.44375 0.090625 0.0875
16 0.62578125 0.55703125 0.04453125 0.1265625
16 0.37265625 0.7546875 0.08359375 0.07265625
17 0.3609375 0.36640625 0.08203125 0.065625
17 0.5109375 0.3125 0.07890625 0.04921875
18 0.76640625 0.55 0.06953125 0.07109375
18 0.48828125 0.70078125 0.075 0.0421875
19 0.16171875 0.4609375 0.05546875 0.09609375
19 0.75390625 0.64921875 0.075 0.0609375
20 0.49375 0.53671875 0.05 0.06875
20 0.6046875 0.3390625 0.03515625 0.0671875
21 0.23671875 0.46484375 0.05546875 0.05546875
21 0.53828125 0.384375 0.04140625 0.07421875
22 0.23203125 0.6296875 0.075 0.1703125
22 0.453125 0.18671875 0.103125 0.14296875