0 0.04921875 0.559375 0.09375 0.1765625
0 0.36953125 0.13046875 0.159375 0.04296875
1 0.571875 0.4328125 0.078125 0.0890625
1 0.8171875 0.90859375 0.12265625 0.1078125
2 0.16328125 0.78203125 0.09140625 0.07109375
2 0.3421875 0.54296875 0.07421875 0.0859375
3 0.95 0.09609375 0.1 0.08203125
3 0.83046875 0.7359375 0.0703125 0.08515625
4 0.09765625 0.83671875 0.0515625 0.128125
4 0.70078125 0.47578125 0.09921875 0.05078125
8 0.815625 0.828125 0.08828125 0.04765625
8 0.81328125 0.784375 0.0734375 0.0390625
9 0.87734375 0.32109375 0.0625 0.07109375
9 0.88125 0.7109375 0.03515625 0.10234375
10 0.2421875 0.390625 0.084375 0.05078125
10 0.61015625 0.69453125 0.07421875 0.0671875
11 0.27734375 0.78046875 0.0859375 0.06328125
11 0.8078125 0.6890625 0.06875 0.046875
5 0.3125 0.51015625 0.05 0.08828125
5 0.71171875 0.82421875 0.028125 0.0953125
6 0.84453125 0.35 0.07734375 0.03671875
6 0.74765625 0.8703125 0.07578125 0.04375
7 0.55234375 0.49375 0.08203125 0.03671875
7 0.8234375 0.284375 0.03671875 0.0796875
12 0.6734375 0.56484375 0.02421875 0.084375
12 0.8140625 0.84453125 0.0546875 0.034375
13 0.50390625 0.534375 0.06328125 0.0375
13 0.6046875 0.91953125 0.04921875 0.08046875
14 0.68203125 0.7875 0.05625 0.06015625
14 0.815625 0.70703125 0.05234375 0.04375
15 0.52578125 0.5875 0.021875 0.0671875
15 0.58984375 0.0359375 0.05390625 0.040625
16 0.4859375 0.6421875 0.03515625 0.0453125
16 0.48359375 0.5046875 0.05625 0.03359375
17 0.41015625 0.9765625 0.04609375 0.04453125
17 0.878125 0.484375 0.0390625 0.05859375
18 0.10546875 0.66484375 0.0421875 0.05390625
18 0.725 0.37734375 0.02578125 0.05546875
19 0.059375 0.85390625 0.03125 0.05078125
19 0.94296875 0.5328125 0.0484375 0.0359375
20 0.63515625 0.0359375 0.0359375 0.03359375
20 0.7484375 0.840625 0.0296875 0.03359375
21 0.35234375 0.45078125 0.0375 0.028125
21 0.5203125 0.52265625 0.034375 0.025
22 0.821875 0.7 0.02890625 0.1
23 0.80703125 0.2234375 0.0296875 0.046875