0 0.76640625 0.65390625 0.22578125 0.08984375
0 0.40625 0.2109375 0.209375 0.1671875
1 0.221875 0.28046875 0.17265625 0.18203125
1 0.4046875 0.76171875 0.090625 0.234375
2 0.6140625 0.24765625 0.1984375 0.0671875
2 0.78671875 0.34609375 0.06484375 0.19140625
3 0.38671875 0.465625 0.13515625 0.1390625
3 0.35703125 0.18203125 0.1078125 0.1796875
4 0.43984375 0.2421875 0.06953125 0.1796875
4 0.9265625 0.4375 0.08203125 0.19140625
8 0.49609375 0.70703125 0.1015625 0.11484375
8 0.7984375 0.7015625 0.0578125 0.178125
9 0.80625 0.37109375 0.1453125 0.109375
9 0.55625 0.82265625 0.07734375 0.14921875
10 0.86875 0.28125 0.11484375 0.1078125
10 0.08359375 0.43203125 0.08671875 0.15703125
11 0.61640625 0.415625 0.12578125 0.09140625
11 0.27421875 0.4546875 0.090625 0.12421875
5 0.3265625 0.65078125 0.0953125 0.11640625
5 0.259375 0.8171875 0.13203125 0.08984375
6 0.26875 0.559375 0.13046875 0.071875
6 0.5921875 0.5453125 0.08046875 0.11796875
7 0.6078125 0.22421875 0.08046875 0.134375
7 0.38046875 0.61328125 0.07734375 0.11953125
12 0.72578125 0.1734375 0.06484375 0.13125
12 0.66640625 0.88203125 0.11640625 0.05859375
13 0.59140625 0.66171875 0.05 0.109375
13 0.54921875 0.87265625 0.0921875 0.1046875
14 0.525 0.04921875 0.12734375 0.06875
14 0.1359375 0.7984375 0.05625 0.12421875
15 0.65 0.80234375 0.07109375 0.08515625
15 0.6953125 0.36484375 0.06796875 0.0984375
16 0.3 0.30625 0.096875 0.06875
16 0.27578125 0.6875 0.08671875 0.071875
17 0.20625 0.153125 0.096875 0.05390625
17 0.26875 0.6171875 0.046875 0.08828125
18 0.75 0.765625 0.07109375 0.071875
18 0.73671875 0.58828125 0.07109375 0.0765625
19 0.1546875 0.28046875 0.06484375 0.08359375
19 0.75546875 0.80625 0.0890625 0.05390625
20 0.53671875 0.57578125 0.0546875 0.0625
20 0.30625 0.06640625 0.08046875 0.0734375
21 0.23125 0.19296875 0.06953125 0.0625
21 0.3828125 0.31953125 0.06640625 0.05859375
22 0.30390625 0.90703125 0.153125 0.071875
22 0.7734375 0.1171875 0.0890625 0.11328125