0 0.56875 0.7078125 0.1734375 0.265625
0 0.4828125 0.71796875 0.140625 0.15625
1 0.63984375 0.28515625 0.2421875 0.1453125
1 0.48203125 0.8953125 0.19296875 0.1453125
2 0.878125 0.46171875 0.059375 0.25390625
2 0.53515625 0.8296875 0.209375 0.0921875
3 0.80703125 0.71328125 0.18984375 0.1328125
3 0.66953125 0.08828125 0.1171875 0.13828125
4 0.2390625 0.48671875 0.1125 0.1828125
4 0.7125 0.21015625 0.18671875 0.15390625
8 0.52421875 0.425 0.14375 0.1578125
8 0.30546875 0.14296875 0.2078125 0.1046875
9 0.41875 0.671875 0.1421875 0.14921875
9 0.5578125 0.31953125 0.16640625 0.078125
10 0.68125 0.67578125 0.065625 0.18828125
10 0.41328125 0.284375 0.140625 0.11875
11 0.43828125 0.5046875 0.07578125 0.17578125
11 0.9390625 0.4609375 0.0625 0.1984375
5 0.3890625 0.5828125 0.13671875 0.090625
5 0.4328125 0.3 0.13515625 0.14921875
6 0.859375 0.6046875 0.1125 0.09921875
6 0.47265625 0.5078125 0.09921875 0.13984375
7 0.628125 0.91015625 0.13828125 0.09765625
7 0.28515625 0.34140625 0.11875 0.13984375
12 0.92109375 0.63984375 0.0625 0.14921875
12 0.7078125 0.1640625 0.121875 0.090625
13 0.79140625 0.303125 0.0609375 0.15234375
13 0.25703125 0.59375 0.0546875 0.1703125
14 0.3578125 0.465625 0.07109375 0.13984375
14 0.06484375 0.27421875 0.07890625 0.1296875
15 0.6859375 0.3828125 0.10234375 0.08125
15 0.83515625 0.7984375 0.10703125 0.1046875
16 0.159375 0.17265625 0.1171875 0.08359375
16 0.41015625 0.39921875 0.06640625 0.1203125
17 0.28984375 0.48828125 0.08125 0.0765625
17 0.678125 0.26796875 0.04453125 0.11328125
18 0.6328125 0.51953125 0.0609375 0.09921875
18 0.58359375 0.64921875 0.090625 0.0671875
19 0.38203125 0.9171875 0.07265625 0.09765625
19 0.465625 0.37734375 0.04765625 0.09921875
20 0.62890625 0.23515625 0.0625 0.06953125
20 0.29921875 0.715625 0.08125 0.07265625
21 0.57109375 0.546875 0.07109375 0.07265625
21 0.5609375 0.77734375 0.059375 0.07265625
22 0.575 0.4546875 0.1171875 0.17890625
23 0.8859375 0.315625 0.0921875 0.078125