0 0.49609375 0.55078125 0.09375 0.1625
0 0.45859375 0.2203125 0.25625 0.06328125
1 0.76328125 0.15546875 0.20234375 0.1234375
1 0.79296875 0.23359375 0.19765625 0.1453125
2 0.68359375 0.68671875 0.10859375 0.1765625
2 0.7234375 0.07421875 0.190625 0.0921875
3 0.5296875 0.28828125 0.1765625 0.0703125
3 0.55234375 0.4765625 0.15703125 0.07421875
4 0.8046875 0.7125 0.13984375 0.096875
4 0.7875 0.3234375 0.15078125 0.08359375
8 0.9234375 0.20078125 0.08984375 0.11015625
8 0.3609375 0.46796875 0.0640625 0.15234375
9 0.36171875 0.32890625 0.07109375 0.15078125
9 0.37578125 0.4546875 0.1421875 0.06171875
10 0.59609375 0.5375 0.13515625 0.08828125
10 0.90625 0.54921875 0.10234375 0.121875
11 0.6703125 0.4546875 0.07578125 0.134375
11 0.6515625 0.18046875 0.1265625 0.103125
5 0.7015625 0.559375 0.115625 0.103125
5 0.5203125 0.3953125 0.07265625 0.12421875
6 0.77578125 0.396875 0.0953125 0.07578125
6 0.51171875 0.17578125 0.13359375 0.06875
7 0.78359375 0.45703125 0.128125 0.05703125
7 0.26328125 0.36328125 0.1 0.12421875
12 0.6609375 0.28984375 0.1140625 0.07421875
12 0.45703125 0.37578125 0.065625 0.10234375
13 0.4734375 0.425 0.05859375 0.0921875
13 0.4421875 0.34296875 0.05 0.08828125
14 0.68203125 0.23125 0.0515625 0.11328125
14 0.40078125 0.36875 0.046875 0.096875
15 0.653125 0.60234375 0.084375 0.04609375
15 0.5359375 0.34296875 0.0625 0.08828125
16 0.85625 0.5078125 0.05703125 0.10078125
16 0.6796875 0.48359375 0.096875 0.040625
17 0.78828125 0.553125 0.04453125 0.08828125
17 0.728125 0.3875 0.07109375 0.05859375
18 0.6203125 0.55703125 0.06953125 0.0546875
18 0.81875 0.340625 0.078125 0.04296875
19 0.065625 0.92578125 0.04296875 0.078125
19 0.87421875 0.14375 0.06953125 0.05859375
20 0.86171875 0.4296875 0.04296875 0.06015625
20 0.6640625 0.4515625 0.0515625 0.03671875
21 0.75859375 0.52109375 0.0359375 0.06328125
21 0.56953125 0.33125 0.06015625 0.0390625
22 0.55078125 0.63671875 0.0953125 0.11875
23 0.30234375 0.36328125 0.06015625 0.06015625