0 0.67890625 0.57890625 0.14765625 0.1296875
0 0.45859375 0.48359375 0.2390625 0.05234375
1 0.75234375 0.64296875 0.08203125 0.153125
1 0.359375 0.68046875 0.10546875 0.1203125
2 0.66875 0.2296875 0.09765625 0.14453125
2 0.2859375 0.2265625 0.1859375 0.07109375
3 0.47109375 0.909375 0.07265625 0.13046875
3 0.3421875 0.88359375 0.05078125 0.1421875
4 0.6140625 0.29921875 0.08671875 0.1
4 0.74140625 0.709375 0.13828125 0.05859375
8 0.5609375 0.31015625 0.0640625 0.11875
8 0.40625 0.92578125 0.09375 0.0578125
9 0.4640625 0.70859375 0.0546875 0.1125
9 0.24609375 0.44921875 0.14609375 0.05234375
10 0.37734375 0.17265625 0.09921875 0.084375
10 0.16171875 0.45390625 0.065625 0.109375
11 0.384375 0.4265625 0.1078125 0.0484375
11 0.06328125 0.44453125 0.046875 0.11171875
5 0.15703125 0.075 0.05703125 0.11171875
5 0.30234375 0.3609375 0.1078125 0.0375
6 0.2890625 0.14765625 0.08515625 0.078125
6 0.40859375 0.68515625 0.059375 0.09609375
7 0.51171875 0.19296875 0.0578125 0.10234375
7 0.4984375 0.40078125 0.11875 0.04140625
12 0.33828125 0.2890625 0.09296875 0.03984375
12 0.53046875 0.65234375 0.04296875 0.08125
13 0.20078125 0.16796875 0.10546875 0.04140625
13 0.196875 0.30546875 0.10390625 0.04375
14 0.11484375 0.490625 0.04453125 0.084375
14 0.51875 0.44921875 0.059375 0.07265625
15 0.45078125 0.621875 0.065625 0.06171875
15 0.46875 0.37109375 0.0828125 0.03359375
16 0.38515625 0.52421875 0.04296875 0.07421875
16 0.4578125 0.83515625 0.084375 0.034375
17 0.4953125 0.790625 0.07265625 0.040625
17 0.94140625 0.315625 0.07578125 0.04140625
18 0.51171875 0.69140625 0.040625 0.0515625
18 0.584375 0.86953125 0.0375 0.06015625
19 0.515625 0.0984375 0.0703125 0.04453125
19 0.52890625 0.88984375 0.0703125 0.03046875
20 0.48046875 0.30546875 0.0484375 0.03984375
20 0.31328125 0.196875 0.0546875 0.03203125
21 0.4421875 0.44765625 0.05703125 0.046875
21 0.2546875 0.94375 0.053125 0.04375
22 0.49375 0.27421875 0.084375 0.09140625
22 0.4890625 0.5640625 0.10625 0.07265625