0 0.13125 0.4125 0.11484375 0.14140625
0 0.55625 0.2609375 0.13359375 0.2046875
1 0.61640625 0.4046875 0.06484375 0.23671875
1 0.69765625 0.271875 0.075 0.23515625
2 0.5171875 0.82890625 0.14375 0.16328125
2 0.32109375 0.12109375 0.15625 0.1078125
3 0.7015625 0.884375 0.09765625 0.18671875
3 0.378125 0.80390625 0.1046875 0.16796875
4 0.125 0.58359375 0.1453125 0.12734375
4 0.30390625 0.08046875 0.14765625 0.090625
8 0.1015625 0.22109375 0.109375 0.196875
8 0.546875 0.14375 0.0890625 0.1296875
9 0.42265625 0.7734375 0.115625 0.1375
9 0.58046875 0.14921875 0.1359375 0.0875
10 0.790625 0.5234375 0.103125 0.1296875
10 0.29921875 0.59765625 0.11953125 0.0859375
11 0.27421875 0.83125 0.11796875 0.11796875
11 0.29296875 0.50078125 0.0890625 0.12578125
5 0.52734375 0.90859375 0.10546875 0.12734375
5 0.715625 0.46953125 0.07734375 0.14765625
6 0.52890625 0.42578125 0.0828125 0.1296875
6 0.63984375 0.09609375 0.15 0.07578125
7 0.2390625 0.43203125 0.11171875 0.1140625
7 0.66875 0.3140625 0.115625 0.1109375
12 0.22265625 0.31328125 0.09453125 0.0890625
12 0.59296875 0.74375 0.04609375 0.12109375
13 0.50234375 0.590625 0.06328125 0.12421875
13 0.65234375 0.253125 0.05 0.12109375
14 0.4140625 0.3375 0.0828125 0.10234375
14 0.6453125 0.2296875 0.09453125 0.065625
15 0.2515625 0.765625 0.1046875 0.0625
15 0.43671875 0.528125 0.07890625 0.084375
16 0.596875 0.640625 0.0765625 0.09375
16 0.37109375 0.85 0.04453125 0.1078125
17 0.7515625 0.2890625 0.04453125 0.10234375
17 0.3546875 0.325 0.05859375 0.0859375
18 0.92578125 0.63828125 0.06484375 0.09375
18 0.69453125 0.6359375 0.07109375 0.071875
19 0.30625 0.0625 0.07109375 0.0703125
19 0.86875 0.68203125 0.04609375 0.09609375
20 0.4296875 0.2015625 0.053125 0.07578125
20 0.1625 0.1171875 0.04453125 0.07734375
21 0.8375 0.45546875 0.0671875 0.0703125
21 0.68359375 0.27734375 0.05625 0.05546875
22 0.8078125 0.27578125 0.07109375 0.12265625
23 0.29765625 0.19296875 0.06875 0.05