0 0.5765625 0.64296875 0.10546875 0.19921875
0 0.878125 0.34140625 0.13359375 0.14453125
1 0.56328125 0.34453125 0.18515625 0.1875
1 0.11328125 0.6171875 0.1265625 0.21796875
2 0.83046875 0.51640625 0.0890625 0.1859375
2 0.48359375 0.6140625 0.090625 0.17421875
3 0.559375 0.40625 0.23515625 0.090625
3 0.8875 0.75703125 0.08203125 0.13359375
4 0.68125 0.8703125 0.23203125 0.05546875
4 0.73515625 0.74609375 0.19765625 0.090625
8 0.27109375 0.73359375 0.14296875 0.14921875
8 0.57578125 0.27265625 0.203125 0.11171875
9 0.603125 0.0921875 0.09453125 0.1203125
9 0.71640625 0.75390625 0.08203125 0.1578125
10 0.7890625 0.46484375 0.09765625 0.1265625
10 0.38359375 0.55625 0.13515625 0.090625
11 0.41171875 0.69453125 0.11015625 0.1171875
11 0.75546875 0.40078125 0.0890625 0.10625
5 0.2484375 0.5546875 0.14453125 0.10390625
5 0.5578125 0.19609375 0.1671875 0.06328125
6 0.340625 0.37109375 0.103125 0.12265625
6 0.56484375 0.13515625 0.153125 0.096875
7 0.39609375 0.7609375 0.15 0.10078125
7 0.653125 0.92265625 0.165625 0.10078125
12 0.66328125 0.809375 0.1390625 0.06640625
12 0.70625 0.51328125 0.09296875 0.11328125
13 0.17578125 0.453125 0.11953125 0.096875
13 0.46640625 0.65625 0.140625 0.06171875
14 0.46328125 0.36171875 0.1390625 0.046875
14 0.29140625 0.3515625 0.05859375 0.1078125
15 0.38671875 0.284375 0.11796875 0.0703125
15 0.40546875 0.53359375 0.10546875 0.05390625
16 0.6328125 0.5109375 0.08203125 0.078125
16 0.78359375 0.64765625 0.09453125 0.0875
17 0.90546875 0.68671875 0.103125 0.0609375
17 0.703125 0.76171875 0.1375 0.03515625
18 0.5234375 0.45859375 0.0765625 0.05546875
18 0.7296875 0.40078125 0.0734375 0.046875
19 0.4328125 0.21015625 0.09296875 0.06484375
19 0.85390625 0.07265625 0.09609375 0.0671875
20 0.734375 0.4640625 0.05 0.0609375
20 0.7125 0.06640625 0.065625 0.06484375
21 0.2421875 0.64375 0.075 0.06640625
21 0.55 0.646875 0.05859375 0.06484375
22 0.46328125 0.29140625 0.13515625 0.12109375
22 0.875 0.7640625 0.11015625 0.13203125