0 0.23359375 0.66640625 0.15546875 0.2140625
0 0.55078125 0.9 0.19453125 0.1453125
1 0.10546875 0.41953125 0.1 0.2515625
1 0.6203125 0.63359375 0.23671875 0.16171875
2 0.46328125 0.5453125 0.14453125 0.11328125
2 0.678125 0.59375 0.11484375 0.1875
3 0.609375 0.50859375 0.10703125 0.18203125
3 0.828125 0.66484375 0.1484375 0.13671875
4 0.809375 0.359375 0.17421875 0.1546875
4 0.575 0.63671875 0.14609375 0.1515625
8 0.31875 0.39609375 0.2109375 0.0921875
8 0.34140625 0.64140625 0.25390625 0.08671875
9 0.73203125 0.61640625 0.15 0.13359375
9 0.721875 0.575 0.1296875 0.13359375
10 0.69140625 0.1546875 0.2015625 0.08828125
10 0.715625 0.79921875 0.0984375 0.12265625
11 0.63828125 0.1984375 0.14609375 0.11171875
11 0.59140625 0.3109375 0.10546875 0.11328125
5 0.53203125 0.06953125 0.16484375 0.109375
5 0.440625 0.1515625 0.15546875 0.08828125
6 0.371875 0.46796875 0.15546875 0.0859375
6 0.48515625 0.75859375 0.1515625 0.1046875
7 0.2546875 0.1703125 0.109375 0.109375
7 0.27421875 0.23359375 0.140625 0.0828125
12 0.54140625 0.91015625 0.09453125 0.121875
12 0.09140625 0.62421875 0.0984375 0.09140625
13 0.640625 0.84375 0.159375 0.07734375
13 0.27421875 0.3890625 0.08125 0.12265625
14 0.34375 0.32421875 0.090625 0.1171875
14 0.23046875 0.44609375 0.07578125 0.10234375
15 0.15546875 0.6046875 0.08125 0.0828125
15 0.5453125 0.296875 0.090625 0.09140625
16 0.68359375 0.2875 0.08515625 0.0859375
16 0.51875 0.76171875 0.1109375 0.11484375
17 0.4484375 0.65 0.11875 0.05078125
17 0.16796875 0.4265625 0.07578125 0.0859375
18 0.33359375 0.625 0.10703125 0.0625
18 0.48671875 0.746875 0.06328125 0.0859375
19 0.1953125 0.28046875 0.07578125 0.07734375
19 0.43515625 0.71953125 0.0890625 0.06328125
20 0.60625 0.2453125 0.08671875 0.0453125
20 0.21640625 0.559375 0.11875 0.0609375
21 0.3765625 0.66015625 0.06484375 0.071875
21 0.35625 0.67421875 0.05 0.0609375
22 0.821875 0.2796875 0.14453125 0.128125
22 0.28828125 0.8265625 0.10546875 0.10390625