0 0.28828125 0.1203125 0.1734375 0.14375
0 0.4625 0.67890625 0.16171875 0.16328125
1 0.15546875 0.49375 0.16171875 0.078125
1 0.37890625 0.66640625 0.128125 0.15234375
2 0.3296875 0.128125 0.1546875 0.0984375
2 0.796875 0.51640625 0.1359375 0.13046875
3 0.5234375 0.30625 0.09921875 0.115625
3 0.78671875 0.8140625 0.1359375 0.125
4 0.3078125 0.5890625 0.13125 0.08203125
4 0.93125 0.515625 0.04921875 0.15859375
8 0.31328125 0.2265625 0.13671875 0.0546875
8 0.76953125 0.40546875 0.125 0.05
9 0.165625 0.3375 0.103125 0.08203125
9 0.86875 0.61171875 0.09296875 0.115625
10 0.31328125 0.6375 0.0609375 0.096875
10 0.33125 0.76640625 0.1140625 0.03828125
11 0.52109375 0.39765625 0.07109375 0.096875
11 0.44453125 0.8828125 0.1140625 0.07890625
5 0.46171875 0.7578125 0.10078125 0.04375
5 0.5703125 0.8921875 0.08046875 0.1015625
6 0.78984375 0.69375 0.046875 0.121875
6 0.58359375 0.5734375 0.103125 0.0546875
7 0.6 0.7453125 0.09453125 0.05703125
7 0.75390625 0.42265625 0.046875 0.11484375
12 0.3265625 0.91796875 0.0875 0.06484375
12 0.66640625 0.5953125 0.046875 0.08671875
13 0.2625 0.4984375 0.040625 0.08984375
13 0.63515625 0.83359375 0.03671875 0.08984375
14 0.32421875 0.53046875 0.0859375 0.0484375
14 0.68125 0.83046875 0.0421875 0.0921875
15 0.5046875 0.2125 0.04921875 0.075
15 0.59296875 0.4828125 0.03515625 0.0765625
16 0.54921875 0.45078125 0.0484375 0.0671875
16 0.7296875 0.51796875 0.03671875 0.08046875
17 0.18828125 0.21953125 0.0703125 0.0515625
17 0.5828125 0.6171875 0.05234375 0.06328125
18 0.5484375 0.5359375 0.0609375 0.04375
18 0.7796875 0.60703125 0.07578125 0.0453125
19 0.11328125 0.2328125 0.0625 0.0546875
19 0.23046875 0.4234375 0.04921875 0.0515625
20 0.22578125 0.37265625 0.05546875 0.04140625
20 0.1625 0.4546875 0.05703125 0.03671875
21 0.31640625 0.27265625 0.05234375 0.028125
21 0.4296875 0.8265625 0.04375 0.05859375
22 0.45546875 0.5515625 0.0921875 0.06875
22 0.37578125 0.89140625 0.08125 0.10859375