0 0.38125 0.19609375 0.13828125 0.2359375
0 0.625 0.08828125 0.14453125 0.14296875
1 0.35546875 0.51015625 0.290625 0.12265625
1 0.246875 0.5421875 0.14609375 0.10390625
2 0.64609375 0.7515625 0.12421875 0.1484375
2 0.73515625 0.54375 0.24296875 0.084375
3 0.5125 0.84375 0.13671875 0.17265625
3 0.53359375 0.66796875 0.12265625 0.1703125
4 0.29765625 0.646875 0.0734375 0.17421875
4 0.209375 0.35 0.20546875 0.096875
8 0.71171875 0.16328125 0.11796875 0.13828125
8 0.309375 0.2859375 0.16640625 0.06875
9 0.846875 0.6421875 0.08984375 0.146875
9 0.70390625 0.35703125 0.12734375 0.0859375
10 0.17265625 0.2421875 0.13203125 0.12109375
10 0.7875 0.35703125 0.12734375 0.12578125
11 0.35 0.9171875 0.15390625 0.09140625
11 0.1640625 0.69609375 0.15234375 0.10703125
5 0.34140625 0.82265625 0.12421875 0.134375
5 0.446875 0.29609375 0.0703125 0.15
6 0.8578125 0.60703125 0.17421875 0.0515625
6 0.81015625 0.26015625 0.09453125 0.1625
7 0.73828125 0.49140625 0.16484375 0.0796875
7 0.228125 0.2921875 0.0578125 0.16171875
12 0.534375 0.746875 0.0765625 0.1
12 0.79765625 0.3953125 0.11953125 0.10390625
13 0.6125 0.80546875 0.10703125 0.10546875
13 0.365625 0.72734375 0.12265625 0.0515625
14 0.15390625 0.5515625 0.08828125 0.12265625
14 0.3203125 0.36484375 0.05625 0.115625
15 0.58671875 0.59375 0.0703125 0.08125
15 0.89140625 0.228125 0.078125 0.0671875
16 0.52734375 0.83515625 0.10078125 0.0703125
16 0.809375 0.11796875 0.08984375 0.1125
17 0.3296875 0.7609375 0.09453125 0.05546875
17 0.625 0.40234375 0.046875 0.09296875
18 0.53359375 0.80703125 0.08125 0.04609375
18 0.42578125 0.74765625 0.08515625 0.053125
19 0.696875 0.85390625 0.08515625 0.04140625
19 0.91953125 0.67109375 0.0640625 0.06015625
20 0.421875 0.67734375 0.0640625 0.034375
20 0.76328125 0.671875 0.075 0.05546875
21 0.934375 0.62734375 0.075 0.0375
21 0.653125 0.61328125 0.08125 0.05
22 0.12421875 0.3765625 0.10078125 0.14140625
22 0.396875 0.19453125 0.12890625 0.09140625