0 0.9078125 0.6046875 0.1578125 0.19375
0 0.64765625 0.62890625 0.12421875 0.15546875
1 0.52890625 0.5296875 0.12734375 0.1984375
1 0.121875 0.3328125 0.18828125 0.2234375
2 0.54453125 0.3359375 0.12578125 0.1953125
2 0.425 0.5953125 0.1578125 0.16484375
3 0.540625 0.1140625 0.1765625 0.14921875
3 0.53828125 0.64140625 0.10078125 0.19375
4 0.2546875 0.83671875 0.19453125 0.1046875
4 0.73359375 0.49765625 0.05703125 0.1921875
8 0.19921875 0.35390625 0.16171875 0.16171875
8 0.1625 0.34140625 0.12734375 0.18125
9 0.22890625 0.69765625 0.14921875 0.09375
9 0.34140625 0.4734375 0.09375 0.12890625
10 0.65546875 0.421875 0.13125 0.1015625
10 0.4421875 0.92890625 0.14921875 0.0921875
11 0.4390625 0.5984375 0.115625 0.13671875
11 0.63359375 0.23515625 0.10546875 0.1234375
5 0.3796875 0.22890625 0.12578125 0.1203125
5 0.25078125 0.74921875 0.14609375 0.0859375
6 0.69765625 0.12890625 0.10234375 0.0984375
6 0.30703125 0.4984375 0.1296875 0.07265625
7 0.80390625 0.54140625 0.065625 0.16796875
7 0.85703125 0.33359375 0.0609375 0.17109375
12 0.3625 0.78203125 0.12109375 0.10625
12 0.28203125 0.3609375 0.1109375 0.090625
13 0.8375 0.77578125 0.109375 0.09375
13 0.6234375 0.30234375 0.134375 0.04609375
14 0.16328125 0.4546875 0.10234375 0.09375
14 0.43125 0.84609375 0.09765625 0.0890625
15 0.48046875 0.34921875 0.0609375 0.1171875
15 0.646875 0.50234375 0.05859375 0.09375
16 0.525 0.815625 0.0921875 0.0921875
16 0.46640625 0.56015625 0.05703125 0.0796875
17 0.840625 0.46796875 0.07265625 0.0953125
17 0.290625 0.8328125 0.04375 0.103125
18 0.5234375 0.1109375 0.071875 0.06953125
18 0.69140625 0.203125 0.06015625 0.0765625
19 0.4796875 0.75390625 0.07734375 0.05703125
19 0.78046875 0.26171875 0.0921875 0.05078125
20 0.48984375 0.05546875 0.0890625 0.05078125
20 0.203125 0.4828125 0.0609375 0.05703125
21 0.59765625 0.159375 0.07421875 0.03984375
21 0.23359375 0.46640625 0.05 0.06640625
22 0.30546875 0.13203125 0.10390625 0.17109375
23 0.31875 0.38828125 0.0484375 0.06796875