0 0.7390625 0.64765625 0.16875 0.1609375
0 0.87265625 0.509375 0.24140625 0.0546875
1 0.29921875 0.5890625 0.096875 0.103125
1 0.65859375 0.66484375 0.134375 0.1640625
2 0.3734375 0.4078125 0.0640625 0.1296875
2 0.80625 0.28046875 0.10859375 0.07890625
3 0.490625 0.590625 0.1203125 0.10546875
3 0.6109375 0.5546875 0.1671875 0.05625
4 0.134375 0.85234375 0.153125 0.08046875
4 0.63515625 0.23359375 0.14921875 0.078125
8 0.2421875 0.91953125 0.1671875 0.04453125
8 0.3734375 0.36953125 0.125 0.0546875
9 0.328125 0.7703125 0.14140625 0.07578125
9 0.25859375 0.66328125 0.10546875 0.06796875
10 0.425 0.67578125 0.134375 0.059375
10 0.7578125 0.68359375 0.0984375 0.0875
11 0.5171875 0.70234375 0.09140625 0.08125
11 0.36953125 0.5359375 0.090625 0.0984375
5 0.48046875 0.24921875 0.09453125 0.0609375
5 0.1734375 0.0765625 0.0640625 0.103125
6 0.6625 0.39296875 0.09140625 0.07109375
6 0.53125 0.32578125 0.07109375 0.09375
7 0.3828125 0.68125 0.0890625 0.09140625
7 0.54609375 0.49453125 0.121875 0.059375
12 0.5 0.4640625 0.1015625 0.05625
12 0.43515625 0.3953125 0.06171875 0.07421875
13 0.59609375 0.47734375 0.08515625 0.06875
13 0.175 0.95234375 0.09296875 0.0703125
14 0.50859375 0.3828125 0.0765625 0.06640625
14 0.26484375 0.75078125 0.06953125 0.059375
15 0.72265625 0.5734375 0.0453125 0.07578125
15 0.46171875 0.26015625 0.08515625 0.0296875
16 0.5640625 0.60703125 0.046875 0.07109375
16 0.57890625 0.296875 0.0890625 0.03671875
17 0.6234375 0.69296875 0.07421875 0.03125
17 0.446875 0.2953125 0.07421875 0.021875
18 0.6609375 0.36953125 0.0640625 0.04453125
18 0.4890625 0.33125 0.046875 0.05078125
19 0.89765625 0.56640625 0.0421875 0.06171875
19 0.39296875 0.50859375 0.06875 0.0265625
20 0.29140625 0.47890625 0.03984375 0.046875
20 0.23828125 0.31953125 0.03828125 0.03984375
21 0.63046875 0.46484375 0.04375 0.046875
21 0.603125 0.34375 0.046875 0.04453125
22 0.225 0.37734375 0.075 0.09609375
22 0.29609375 0.3828125 0.0765625 0.04921875