0 0.33203125 0.84921875 0.175 0.075
0 0.59296875 0.434375 0.08359375 0.17578125
1 0.18046875 0.6703125 0.06953125 0.159375
1 0.5421875 0.24609375 0.10546875 0.1640625
2 0.1359375 0.91875 0.14765625 0.075
2 0.434375 0.4453125 0.22265625 0.08359375
3 0.384375 0.96015625 0.20234375 0.053125
3 0.77890625 0.3890625 0.18984375 0.04921875
4 0.115625 0.8046875 0.11484375 0.12421875
4 0.78203125 0.43359375 0.18828125 0.0421875
8 0.24453125 0.47109375 0.16796875 0.06953125
8 0.65078125 0.3984375 0.0859375 0.1
9 0.70078125 0.525 0.175 0.0515625
9 0.55625 0.37421875 0.109375 0.103125
10 0.36484375 0.92421875 0.1609375 0.04609375
10 0.2890625 0.59609375 0.096875 0.09140625
11 0.54765625 0.5625 0.09140625 0.078125
11 0.490625 0.3859375 0.05859375 0.1
5 0.75859375 0.48828125 0.1515625 0.03203125
5 0.49453125 0.3703125 0.10546875 0.07578125
6 0.3140625 0.8875 0.15 0.04296875
6 0.628125 0.32578125 0.09453125 0.0859375
7 0.23046875 0.6984375 0.07109375 0.08984375
7 0.45 0.4671875 0.078125 0.08828125
12 0.6578125 0.0734375 0.0859375 0.078125
12 0.89609375 0.75546875 0.11640625 0.03046875
13 0.19609375 0.67109375 0.0421875 0.07265625
13 0.72890625 0.3765625 0.12578125 0.0296875
14 0.31640625 0.62109375 0.09296875 0.06953125
14 0.41640625 0.33984375 0.05078125 0.075
15 0.2109375 0.56171875 0.06015625 0.05859375
15 0.81953125 0.4359375 0.05078125 0.0625
16 0.3265625 0.85078125 0.109375 0.03828125
16 0.7390625 0.42890625 0.07265625 0.053125
17 0.425 0.5921875 0.05078125 0.05625
17 0.3984375 0.39921875 0.0671875 0.059375
18 0.17265625 0.8546875 0.053125 0.05703125
18 0.75625 0.4671875 0.09296875 0.02734375
19 0.22109375 0.62734375 0.05078125 0.0484375
19 0.634375 0.515625 0.078125 0.03515625
20 0.42265625 0.52890625 0.05625 0.034375
20 0.78125 0.35234375 0.065625 0.03203125
21 0.46875 0.56640625 0.04765625 0.04375
21 0.78671875 0.428125 0.03984375 0.05078125
22 0.53359375 0.60390625 0.10390625 0.08828125
23 0.396875 0.55390625 0.075 0.034375