0 0.6609375 0.225 0.1359375 0.15703125
0 0.27734375 0.19140625 0.23828125 0.15703125
1 0.78203125 0.625 0.1609375 0.2484375
1 0.5203125 0.50078125 0.1546875 0.19765625
2 0.85859375 0.78828125 0.13671875 0.14765625
2 0.6875 0.12265625 0.14453125 0.15234375
3 0.67890625 0.89140625 0.1890625 0.11328125
3 0.8 0.340625 0.2203125 0.09140625
4 0.47734375 0.16953125 0.14140625 0.1828125
4 0.46171875 0.27734375 0.18203125 0.0984375
8 0.53515625 0.49609375 0.071875 0.19765625
8 0.25625 0.76015625 0.18203125 0.15546875
9 0.7125 0.35234375 0.14609375 0.1609375
9 0.4515625 0.2859375 0.04140625 0.2
10 0.83046875 0.37265625 0.1 0.17109375
10 0.209375 0.4953125 0.1234375 0.12890625
11 0.8171875 0.59140625 0.14140625 0.08828125
11 0.36484375 0.81328125 0.11328125 0.11484375
5 0.38984375 0.9203125 0.159375 0.08984375
5 0.56171875 0.7703125 0.1578125 0.04375
6 0.2 0.6375 0.10703125 0.0828125
6 0.12578125 0.5234375 0.08203125 0.1609375
7 0.25859375 0.44375 0.11171875 0.14921875
7 0.2890625 0.4546875 0.1546875 0.09140625
12 0.578125 0.69921875 0.1046875 0.1
12 0.34140625 0.25546875 0.05625 0.11875
13 0.6421875 0.7234375 0.071875 0.12890625
13 0.7640625 0.48203125 0.1265625 0.040625
14 0.44296875 0.8046875 0.0390625 0.1375
14 0.290625 0.57734375 0.13125 0.03515625
15 0.43046875 0.28359375 0.125 0.06796875
15 0.3 0.35078125 0.11796875 0.0390625
16 0.52109375 0.83046875 0.09375 0.08671875
16 0.85 0.23671875 0.0671875 0.06953125
17 0.7203125 0.41640625 0.08515625 0.08125
17 0.3578125 0.640625 0.0625 0.08828125
18 0.33984375 0.4671875 0.08359375 0.05234375
18 0.43828125 0.5421875 0.08046875 0.0625
19 0.625 0.8390625 0.04921875 0.08125
19 0.61953125 0.52578125 0.05546875 0.07421875
20 0.69375 0.58671875 0.0671875 0.05078125
20 0.315625 0.7203125 0.0625 0.05625
21 0.778125 0.51796875 0.0953125 0.04375
21 0.26640625 0.67890625 0.08515625 0.03515625
22 0.52890625 0.86171875 0.13984375 0.1234375
23 0.50859375 0.4296875 0.0578125 0.06640625