0 0.81953125 0.4 0.12109375 0.21796875
0 0.63046875 0.5375 0.09765625 0.21484375
1 0.734375 0.66484375 0.11328125 0.20234375
1 0.675 0.7734375 0.115625 0.13515625
2 0.3703125 0.5125 0.125 0.14609375
2 0.70390625 0.521875 0.1265625 0.12734375
3 0.36640625 0.4859375 0.125 0.071875
3 0.6484375 0.8875 0.11328125 0.13359375
4 0.41875 0.334375 0.115625 0.13203125
4 0.6796875 0.621875 0.125 0.103125
8 0.19765625 0.71484375 0.065625 0.15546875
8 0.88046875 0.690625 0.125 0.0734375
9 0.86875 0.42578125 0.09296875 0.14140625
9 0.89921875 0.6203125 0.12890625 0.053125
10 0.16796875 0.27109375 0.0421875 0.13046875
10 0.6984375 0.36640625 0.06171875 0.10625
11 0.771875 0.91015625 0.09296875 0.0859375
11 0.4234375 0.8359375 0.0453125 0.12578125
5 0.50703125 0.40625 0.053125 0.13046875
5 0.3796875 0.53203125 0.096875 0.0953125
6 0.5796875 0.1953125 0.1109375 0.0609375
6 0.90625 0.76015625 0.10859375 0.05625
7 0.47578125 0.23984375 0.05703125 0.121875
7 0.31484375 0.34765625 0.03984375 0.11875
12 0.53125 0.8484375 0.0828125 0.0671875
12 0.48125 0.80078125 0.08125 0.05625
13 0.1671875 0.41015625 0.07578125 0.0859375
13 0.265625 0.45703125 0.059375 0.0984375
14 0.365625 0.3828125 0.0671875 0.06875
14 0.56640625 0.9078125 0.03984375 0.103125
15 0.3296875 0.09375 0.0828125 0.05
15 0.27421875 0.384375 0.03984375 0.0875
16 0.12578125 0.67109375 0.0578125 0.0875
16 0.4953125 0.9265625 0.04765625 0.0875
17 0.21484375 0.3859375 0.04765625 0.078125
17 0.5296875 0.7625 0.04609375 0.0703125
18 0.08828125 0.57734375 0.0609375 0.0546875
18 0.2078125 0.24296875 0.04140625 0.075
19 0.10703125 0.2875 0.05390625 0.0671875
19 0.3875 0.43125 0.05546875 0.040625
20 0.46640625 0.66640625 0.03828125 0.05625
20 0.4171875 0.690625 0.0421875 0.0421875
21 0.45234375 0.596875 0.04140625 0.059375
21 0.3890625 0.71015625 0.059375 0.0375
22 0.28984375 0.18203125 0.08515625 0.11875
22 0.4328125 0.17265625 0.07734375 0.0875