0 0.3859375 0.4140625 0.140625 0.25703125
0 0.5921875 0.29765625 0.25234375 0.20078125
1 0.2203125 0.51015625 0.25546875 0.14609375
1 0.55078125 0.18203125 0.22578125 0.10859375
2 0.63671875 0.82578125 0.0828125 0.23671875
2 0.4234375 0.625 0.17421875 0.1578125
3 0.26484375 0.86171875 0.13125 0.196875
3 0.190625 0.55 0.17265625 0.16171875
4 0.45625 0.30703125 0.12265625 0.19296875
4 0.5015625 0.10390625 0.184375 0.04296875
8 0.4359375 0.321875 0.1921875 0.0953125
8 0.56796875 0.4609375 0.12109375 0.140625
9 0.215625 0.68125 0.18203125 0.0828125
9 0.83515625 0.4921875 0.14453125 0.15234375
10 0.39140625 0.88359375 0.15234375 0.1015625
10 0.7 0.490625 0.103125 0.1671875
11 0.346875 0.84609375 0.0859375 0.18359375
11 0.696875 0.82734375 0.15234375 0.09765625
5 0.1 0.59296875 0.06484375 0.17265625
5 0.84140625 0.2984375 0.07109375 0.15
6 0.53046875 0.68671875 0.12265625 0.1234375
6 0.546875 0.515625 0.06640625 0.13515625
7 0.1515625 0.74375 0.1609375 0.06953125
7 0.26953125 0.625 0.07109375 0.09765625
12 0.49921875 0.81640625 0.04609375 0.15
12 0.21953125 0.56640625 0.1140625 0.06015625
13 0.13203125 0.8859375 0.09765625 0.0828125
13 0.67109375 0.29375 0.09453125 0.09921875
14 0.70078125 0.67734375 0.11796875 0.075
14 0.39765625 0.7390625 0.109375 0.0484375
15 0.821875 0.6734375 0.09765625 0.09765625
15 0.53671875 0.509375 0.10078125 0.046875
16 0.434375 0.26171875 0.10625 0.05078125
16 0.73046875 0.21484375 0.0484375 0.10703125
17 0.32109375 0.3609375 0.06796875 0.084375
17 0.94296875 0.28828125 0.06796875 0.08828125
18 0.66484375 0.58984375 0.0828125 0.0546875
18 0.79375 0.4640625 0.0515625 0.084375
19 0.2703125 0.85546875 0.06328125 0.0828125
19 0.71328125 0.5078125 0.0765625 0.05078125
20 0.46953125 0.7234375 0.03671875 0.065625
20 0.35546875 0.34453125 0.0546875 0.0390625
21 0.51953125 0.60390625 0.08125 0.04140625
21 0.76640625 0.359375 0.04609375 0.08828125
22 0.09140625 0.7140625 0.12265625 0.16328125
22 0.7734375 0.2671875 0.07109375 0.121875