0 0.93828125 0.6484375 0.115625 0.18984375
0 0.54296875 0.403125 0.08984375 0.21015625
1 0.6109375 0.6828125 0.0859375 0.18515625
1 0.34140625 0.409375 0.15703125 0.1
2 0.75625 0.78984375 0.13671875 0.0875
2 0.32265625 0.18125 0.1234375 0.10546875
3 0.39140625 0.0765625 0.12890625 0.05546875
3 0.41015625 0.14921875 0.1234375 0.07734375
4 0.78359375 0.55 0.096875 0.08359375
4 0.453125 0.36484375 0.08203125 0.15546875
8 0.5125 0.3734375 0.06953125 0.1640625
8 0.478125 0.059375 0.1046875 0.06171875
9 0.64609375 0.6609375 0.10078125 0.0953125
9 0.575 0.42890625 0.09296875 0.1078125
10 0.6296875 0.8109375 0.0515625 0.128125
10 0.59921875 0.79921875 0.06015625 0.13203125
11 0.66328125 0.5546875 0.02734375 0.13125
11 0.3828125 0.14140625 0.071875 0.08984375
5 0.3734375 0.584375 0.04609375 0.15625
5 0.06171875 0.7125 0.06484375 0.08984375
6 0.7640625 0.8828125 0.08984375 0.0734375
6 0.72421875 0.81875 0.0703125 0.128125
7 0.80234375 0.665625 0.04375 0.13984375
7 0.5796875 0.4078125 0.07109375 0.09140625
12 0.8921875 0.55859375 0.05625 0.07421875
12 0.71875 0.62265625 0.04296875 0.10546875
13 0.584375 0.10625 0.05546875 0.07578125
13 0.475 0.1953125 0.0734375 0.06640625
14 0.4921875 0.6703125 0.05078125 0.0875
14 0.6484375 0.92109375 0.0265625 0.1140625
15 0.4046875 0.33203125 0.05234375 0.06015625
15 0.15546875 0.290625 0.03984375 0.10390625
16 0.696875 0.93671875 0.05859375 0.078125
16 0.05390625 0.5359375 0.02734375 0.10625
17 0.53125 0.7359375 0.05 0.05390625
17 0.0265625 0.59765625 0.0375 0.09140625
18 0.3546875 0.29609375 0.05 0.0421875
18 0.4078125 0.46796875 0.04921875 0.0375
19 0.328125 0.38515625 0.046875 0.03828125
19 0.09609375 0.5015625 0.0375 0.07421875
20 0.5359375 0.65546875 0.0234375 0.06015625
20 0.55 0.49921875 0.0375 0.0359375
21 0.321875 0.4875 0.04375 0.0515625
21 0.09453125 0.6453125 0.03203125 0.071875
22 0.59140625 0.303125 0.04921875 0.07734375
22 0.49296875 0.22734375 0.090625 0.071875