0 0.37109375 0.32421875 0.13515625 0.22109375
0 0.6375 0.7234375 0.30703125 0.27421875
1 0.51328125 0.31484375 0.175 0.21015625
1 0.65078125 0.73359375 0.3015625 0.26484375
2 0.68046875 0.58125 0.090625 0.2625
2 0.7421875 0.79375 0.2203125 0.15859375
3 0.31796875 0.103125 0.25234375 0.171875
3 0.22734375 0.53125 0.115625 0.1625
4 0.35234375 0.64375 0.23125 0.07734375
4 0.30234375 0.2234375 0.1390625 0.1890625
8 0.534375 0.50625 0.07578125 0.2234375
8 0.70234375 0.4140625 0.1875 0.13984375
9 0.54296875 0.72421875 0.1296875 0.20390625
9 0.21015625 0.81875 0.12109375 0.12890625
10 0.52421875 0.08046875 0.19296875 0.1
10 0.6984375 0.40546875 0.16640625 0.16484375
11 0.7328125 0.92734375 0.184375 0.10390625
11 0.2171875 0.3296875 0.07421875 0.18359375
5 0.37265625 0.540625 0.128125 0.11328125
5 0.7421875 0.27578125 0.12265625 0.14375
6 0.15859375 0.60078125 0.1265625 0.1171875
6 0.46484375 0.14375 0.17109375 0.05703125
7 0.06015625 0.6109375 0.08515625 0.20390625
7 0.79453125 0.28046875 0.11171875 0.1265625
12 0.10546875 0.32265625 0.0953125 0.171875
12 0.18828125 0.2984375 0.06640625 0.1546875
13 0.446875 0.33828125 0.12109375 0.10234375
13 0.37109375 0.584375 0.1140625 0.109375
14 0.56953125 0.18125 0.13203125 0.10625
14 0.7109375 0.6296875 0.1375 0.06796875
15 0.1171875 0.390625 0.0796875 0.1265625
15 0.159375 0.5078125 0.06640625 0.115625
16 0.86171875 0.40703125 0.13203125 0.06640625
16 0.53125 0.33671875 0.1171875 0.071875
17 0.590625 0.5046875 0.0828125 0.10234375
17 0.28984375 0.40625 0.10625 0.06796875
18 0.34375 0.83203125 0.08125 0.09453125
18 0.1859375 0.7390625 0.09765625 0.06015625
19 0.39140625 0.309375 0.090625 0.07734375
19 0.1125 0.73046875 0.05625 0.11171875
20 0.30390625 0.7515625 0.0703125 0.0703125
20 0.4125 0.81796875 0.0953125 0.05859375
21 0.2921875 0.14296875 0.09765625 0.08125
21 0.2984375 0.82578125 0.07734375 0.07578125
22 0.38984375 0.4875 0.1984375 0.06796875
22 0.71484375 0.4015625 0.1265625 0.17578125