0 0.31171875 0.840625 0.22734375 0.2328125
0 0.18671875 0.52578125 0.08828125 0.3109375
1 0.42421875 0.79609375 0.18203125 0.17890625
1 0.3859375 0.12890625 0.2515625 0.13203125
2 0.8921875 0.47890625 0.13515625 0.1734375
2 0.63203125 0.4359375 0.2328125 0.0875
3 0.31328125 0.1421875 0.23125 0.0625
3 0.478125 0.3015625 0.1234375 0.17734375
4 0.6640625 0.84609375 0.0953125 0.22890625
4 0.09140625 0.584375 0.08515625 0.234375
8 0.26640625 0.2296875 0.1375 0.0984375
8 0.69765625 0.2578125 0.2015625 0.10703125
9 0.865625 0.67421875 0.171875 0.15390625
9 0.87421875 0.65078125 0.1578125 0.096875
10 0.3171875 0.70234375 0.171875 0.06640625
10 0.39765625 0.378125 0.153125 0.1234375
11 0.3359375 0.5484375 0.0921875 0.1484375
11 0.14375 0.3875 0.1078125 0.16640625
5 0.29765625 0.6046875 0.14765625 0.13203125
5 0.63984375 0.5828125 0.08515625 0.14296875
6 0.55703125 0.625 0.16640625 0.0984375
6 0.2875 0.45859375 0.13046875 0.134375
7 0.43046875 0.7609375 0.059375 0.16640625
7 0.6171875 0.36875 0.1578125 0.096875
12 0.815625 0.44453125 0.11484375 0.10234375
12 0.42734375 0.21484375 0.1421875 0.09296875
13 0.13359375 0.31328125 0.059375 0.146875
13 0.39609375 0.3 0.15625 0.05546875
14 0.77890625 0.76953125 0.13359375 0.0859375
14 0.228125 0.46171875 0.109375 0.096875
15 0.49765625 0.5 0.109375 0.09453125
15 0.72109375 0.2828125 0.075 0.13203125
16 0.259375 0.63359375 0.109375 0.10390625
16 0.784375 0.5015625 0.0453125 0.11953125
17 0.53984375 0.7515625 0.05546875 0.10703125
17 0.2078125 0.33515625 0.078125 0.0984375
18 0.26640625 0.81953125 0.06796875 0.1
18 0.35703125 0.63984375 0.08515625 0.0625
19 0.746875 0.625 0.07265625 0.0484375
19 0.4171875 0.46171875 0.05390625 0.08203125
20 0.7375 0.8140625 0.07265625 0.071875
20 0.61953125 0.59609375 0.059375 0.05
21 0.29140625 0.365625 0.0484375 0.084375
21 0.6890625 0.35703125 0.08359375 0.0515625
22 0.8609375 0.85078125 0.128125 0.1234375
22 0.715625 0.60703125 0.0796875 0.18046875