0 0.7421875 0.12578125 0.0640625 0.215625
0 0.7328125 0.65703125 0.07421875 0.1703125
1 0.878125 0.35546875 0.115625 0.1484375
1 0.28515625 0.8984375 0.0703125 0.1125
2 0.8875 0.446875 0.08203125 0.10703125
2 0.3578125 0.9 0.084375 0.084375
3 0.540625 0.65625 0.0984375 0.0859375
3 0.2515625 0.71484375 0.125 0.03828125
4 0.91875 0.49140625 0.034375 0.13359375
4 0.534375 0.821875 0.09765625 0.10234375
8 0.5296875 0.68984375 0.0953125 0.09765625
8 0.21796875 0.8015625 0.040625 0.13046875
9 0.3625 0.8390625 0.10703125 0.0421875
9 0.06953125 0.91171875 0.0546875 0.10703125
10 0.05859375 0.7515625 0.08203125 0.08828125
10 0.12421875 0.93515625 0.06328125 0.10703125
11 0.56328125 0.0921875 0.0671875 0.1078125
11 0.5796875 0.28671875 0.07109375 0.10546875
5 0.1828125 0.9015625 0.0859375 0.053125
5 0.125 0.584375 0.0984375 0.03828125
6 0.60625 0.3578125 0.08125 0.0609375
6 0.2921875 0.6625 0.06015625 0.0921875
7 0.45625 0.59765625 0.09375 0.05546875
7 0.18046875 0.67421875 0.08125 0.06796875
12 0.35859375 0.69140625 0.07421875 0.03203125
12 0.1796875 0.9328125 0.0546875 0.06953125
13 0.140625 0.8296875 0.0484375 0.08203125
13 0.178125 0.85234375 0.0578125 0.06328125
14 0.4703125 0.67734375 0.06171875 0.0734375
14 0.3921875 0.72734375 0.07890625 0.0375
15 0.5625 0.7484375 0.06640625 0.0375
15 0.23046875 0.6671875 0.0453125 0.065625
16 0.24453125 0.75625 0.05390625 0.0609375
16 0.35859375 0.8 0.0453125 0.06796875
17 0.86796875 0.765625 0.06328125 0.06015625
17 0.35 0.62734375 0.04609375 0.06328125
17 0.25703125 0.83203125 0.05703125 0.040625
18 0.6640625 0.86484375 0.06171875 0.03828125
18 0.121875 0.7375 0.0421875 0.0484375
19 0.89453125 0.05234375 0.0328125 0.065625
19 0.415625 0.67109375 0.03125 0.0546875
20 0.10859375 0.6625 0.040625 0.03515625
20 0.12578125 0.76640625 0.040625 0.03515625
21 0.421875 0.8015625 0.05546875 0.0375
21 0.08515625 0.7515625 0.0421875 0.05
22 0.56328125 0.70234375 0.05703125 0.07265625
22 0.13515625 0.65859375 0.04765625 0.08515625