0 0.36875 0.72890625 0.14140625 0.24609375
0 0.76875 0.6328125 0.2125 0.21953125
1 0.3296875 0.71953125 0.134375 0.13515625
1 0.9171875 0.596875 0.1 0.13203125
2 0.14453125 0.58359375 0.13828125 0.1109375
2 0.8078125 0.571875 0.18125 0.20546875
3 0.48125 0.82109375 0.0984375 0.1984375
3 0.8140625 0.6671875 0.09765625 0.23359375
4 0.4 0.153125 0.19765625 0.15078125
4 0.64140625 0.284375 0.1265625 0.184375
8 0.8296875 0.3421875 0.1640625 0.15546875
8 0.4125 0.61484375 0.14609375 0.15703125
9 0.30625 0.12109375 0.19296875 0.11484375
9 0.50546875 0.1625 0.17578125 0.13671875
10 0.9171875 0.7390625 0.09453125 0.12109375
10 0.65078125 0.43828125 0.16796875 0.1
11 0.5 0.8421875 0.11796875 0.09375
11 0.40234375 0.46328125 0.12109375 0.11953125
5 0.15390625 0.771875 0.1078125 0.15703125
5 0.23203125 0.290625 0.08125 0.13671875
6 0.5125 0.7796875 0.14921875 0.06484375
6 0.37109375 0.27109375 0.1640625 0.075
7 0.1046875 0.3953125 0.059375 0.1828125
7 0.259375 0.790625 0.07109375 0.1796875
12 0.6046875 0.6421875 0.11484375 0.1046875
12 0.5890625 0.421875 0.13125 0.078125
13 0.65078125 0.15859375 0.1265625 0.05390625
13 0.6375 0.47265625 0.0765625 0.11640625
14 0.37578125 0.553125 0.07109375 0.12734375
14 0.62109375 0.34375 0.04453125 0.12421875
15 0.58046875 0.8515625 0.084375 0.084375
15 0.471875 0.56875 0.0796875 0.084375
16 0.2203125 0.4625 0.1015625 0.0734375
16 0.6703125 0.70859375 0.09609375 0.084375
17 0.35546875 0.36640625 0.0734375 0.1
17 0.82265625 0.4578125 0.03984375 0.0984375
18 0.45390625 0.32421875 0.07265625 0.0796875
18 0.696875 0.5078125 0.08125 0.03984375
19 0.57421875 0.32734375 0.06640625 0.0796875
19 0.728125 0.28359375 0.0578125 0.075
20 0.76171875 0.41875 0.07265625 0.04296875
20 0.6515625 0.3375 0.03984375 0.06875
21 0.50078125 0.6453125 0.0578125 0.05390625
21 0.75625 0.48671875 0.0484375 0.0765625
22 0.3578125 0.3484375 0.14921875 0.13046875
23 0.54765625 0.3078125 0.03359375 0.05546875