0 0.54140625 0.5671875 0.0765625 0.12890625
0 0.8703125 0.39453125 0.14140625 0.08828125
1 0.4796875 0.4046875 0.0984375 0.10703125
1 0.49296875 0.31171875 0.0390625 0.13046875
2 0.6546875 0.671875 0.11484375 0.053125
2 0.4546875 0.671875 0.0578125 0.1140625
3 0.63203125 0.525 0.06015625 0.0984375
3 0.75625 0.09765625 0.1 0.05859375
4 0.67109375 0.76015625 0.03984375 0.1078125
4 0.68828125 0.51328125 0.08359375 0.0671875
8 0.61484375 0.3375 0.06640625 0.08203125
8 0.60234375 0.4359375 0.1015625 0.046875
9 0.50703125 0.4796875 0.08515625 0.03046875
9 0.546875 0.15390625 0.08984375 0.04453125
10 0.65078125 0.66015625 0.03671875 0.08828125
10 0.0609375 0.94140625 0.08984375 0.07265625
11 0.3328125 0.58671875 0.08203125 0.053125
11 0.5296875 0.3171875 0.0421875 0.06796875
5 0.5609375 0.35859375 0.0703125 0.05859375
5 0.70234375 0.1359375 0.06875 0.053125
6 0.8046875 0.25703125 0.075 0.03515625
6 0.5890625 0.225 0.03515625 0.07421875
7 0.7484375 0.33046875 0.07421875 0.0578125
7 0.48203125 0.42109375 0.0703125 0.08359375
12 0.83203125 0.3234375 0.05 0.0609375
12 0.56015625 0.20078125 0.03046875 0.0609375
13 0.9140625 0.3625 0.0421875 0.0578125
13 0.61328125 0.43984375 0.04296875 0.06796875
14 0.671875 0.3546875 0.059375 0.04453125
14 0.56484375 0.3234375 0.0375 0.0609375
15 0.62890625 0.08125 0.0421875 0.05859375
15 0.61640625 0.25 0.028125 0.0578125
16 0.58046875 0.55078125 0.0546875 0.04140625
16 0.92421875 0.32109375 0.0515625 0.05625
17 0.64453125 0.309375 0.04453125 0.04375
17 0.48046875 0.1328125 0.05390625 0.04453125
18 0.546875 0.4 0.04453125 0.0390625
18 0.74140625 0.2359375 0.04453125 0.04921875
19 0.46328125 0.303125 0.0390625 0.0421875
19 0.4859375 0.0859375 0.05 0.0421875
20 0.84296875 0.34921875 0.034375 0.03203125
20 0.6859375 0.26328125 0.0375 0.028125
21 0.87265625 0.3296875 0.03984375 0.04140625
21 0.69296875 0.309375 0.03046875 0.0421875
22 0.3359375 0.81171875 0.05390625 0.08671875
23 0.71796875 0.7265625 0.03671875 0.04453125