0 0.90390625 0.69609375 0.121875 0.240625
0 0.659375 0.56640625 0.15 0.22890625
1 0.30078125 0.375 0.09375 0.1671875
1 0.51796875 0.2984375 0.17890625 0.08984375
2 0.09453125 0.528125 0.07578125 0.22734375
2 0.115625 0.5265625 0.13828125 0.165625
3 0.5375 0.87265625 0.11484375 0.0984375
3 0.715625 0.3375 0.08671875 0.1671875
4 0.81328125 0.75234375 0.16953125 0.08671875
4 0.659375 0.50390625 0.0703125 0.14765625
8 0.475 0.8046875 0.1484375 0.08359375
8 0.859375 0.4078125 0.06328125 0.140625
9 0.2421875 0.69609375 0.14140625 0.11953125
9 0.91796875 0.5609375 0.06328125 0.19140625
10 0.13515625 0.378125 0.14140625 0.05546875
10 0.81484375 0.37578125 0.09375 0.11328125
11 0.59296875 0.35078125 0.115625 0.0671875
11 0.52890625 0.2640625 0.09375 0.11640625
5 0.28828125 0.51640625 0.05859375 0.12578125
5 0.5296875 0.42109375 0.04296875 0.171875
6 0.22265625 0.43125 0.11953125 0.0734375
6 0.715625 0.88984375 0.121875 0.0640625
7 0.346875 0.08203125 0.121875 0.08515625
7 0.51015625 0.70859375 0.12421875 0.04921875
12 0.73984375 0.62109375 0.09375 0.0703125
12 0.7625 0.35546875 0.0421875 0.11796875
13 0.67734375 0.8265625 0.1015625 0.05546875
13 0.390625 0.64140625 0.0359375 0.14765625
14 0.83515625 0.55 0.0875 0.04921875
14 0.77109375 0.671875 0.0828125 0.08359375
15 0.346875 0.68984375 0.05390625 0.11953125
15 0.728125 0.75703125 0.08515625 0.08046875
16 0.809375 0.4296875 0.05859375 0.1
16 0.39375 0.29609375 0.028125 0.12421875
17 0.4265625 0.159375 0.0734375 0.0609375
17 0.671875 0.4890625 0.04296875 0.08515625
18 0.178125 0.71015625 0.04453125 0.0953125
18 0.38046875 0.565625 0.07265625 0.0671875
19 0.43515625 0.74609375 0.06875 0.05859375
19 0.75859375 0.40078125 0.06796875 0.07890625
20 0.6078125 0.5109375 0.03984375 0.05234375
20 0.75 0.44921875 0.05234375 0.040625
21 0.27109375 0.55 0.04296875 0.0625
21 0.72109375 0.571875 0.03984375 0.0765625
22 0.24453125 0.2484375 0.1390625 0.08828125
22 0.6734375 0.3375 0.103125 0.1078125