0 0.653125 0.396875 0.1625 0.16328125
0 0.7453125 0.4109375 0.19140625 0.1
1 0.5625 0.6265625 0.16640625 0.11953125
1 0.55234375 0.36796875 0.13046875 0.2109375
2 0.42578125 0.36796875 0.0796875 0.190625
2 0.603125 0.41484375 0.153125 0.11640625
3 0.7359375 0.60390625 0.2328125 0.09765625
3 0.53671875 0.9390625 0.2515625 0.0890625
4 0.42578125 0.4140625 0.178125 0.109375
4 0.32265625 0.70390625 0.0703125 0.18359375
8 0.34453125 0.653125 0.18203125 0.0984375
8 0.21484375 0.3234375 0.115625 0.15625
9 0.12890625 0.14921875 0.19296875 0.0984375
9 0.7359375 0.42265625 0.153125 0.13984375
10 0.6890625 0.22734375 0.159375 0.11796875
10 0.69296875 0.52890625 0.1859375 0.078125
11 0.81171875 0.69765625 0.16484375 0.06171875
11 0.52734375 0.475 0.1421875 0.1015625
5 0.70859375 0.69921875 0.0875 0.13828125
5 0.6796875 0.80078125 0.11328125 0.09453125
6 0.62578125 0.25546875 0.16484375 0.103125
6 0.34296875 0.14296875 0.10234375 0.13046875
7 0.38125 0.73984375 0.1078125 0.1328125
7 0.6640625 0.86953125 0.13046875 0.0765625
12 0.3890625 0.84453125 0.115625 0.09765625
12 0.8078125 0.565625 0.1078125 0.103125
13 0.33125 0.9 0.09453125 0.109375
13 0.275 0.07265625 0.1171875 0.09609375
14 0.9078125 0.59453125 0.07421875 0.11640625
14 0.89375 0.478125 0.08359375 0.125
15 0.403125 0.5390625 0.11015625 0.08515625
15 0.13515625 0.1078125 0.0890625 0.09453125
16 0.57890625 0.8171875 0.10390625 0.0671875
16 0.0875 0.1921875 0.12109375 0.07421875
17 0.371875 0.16875 0.0703125 0.0875
17 0.4875 0.85078125 0.10390625 0.08359375
18 0.625 0.2234375 0.090625 0.07109375
18 0.4328125 0.5140625 0.08515625 0.059375
19 0.48046875 0.3375 0.0546875 0.07421875
19 0.3890625 0.07421875 0.07734375 0.06875
20 0.1734375 0.07421875 0.0703125 0.06875
20 0.2328125 0.13515625 0.08359375 0.06171875
21 0.29921875 0.34921875 0.08359375 0.04765625
21 0.4203125 0.75078125 0.0875 0.059375
22 0.5234375 0.08671875 0.21015625 0.07421875
22 0.490625 0.80546875 0.11328125 0.13203125