0 0.37734375 0.44296875 0.0921875 0.21953125
0 0.5484375 0.32265625 0.121875 0.18671875
1 0.2859375 0.4328125 0.0921875 0.16171875
1 0.2328125 0.2515625 0.10078125 0.13828125
2 0.2125 0.45625 0.06953125 0.2625
2 0.24453125 0.3671875 0.08984375 0.12890625
3 0.7109375 0.49609375 0.15234375 0.11328125
3 0.4328125 0.31484375 0.0734375 0.16796875
4 0.45703125 0.89765625 0.15390625 0.10703125
4 0.22578125 0.1375 0.06640625 0.26875
8 0.95625 0.70859375 0.07109375 0.12734375
8 0.27578125 0.54765625 0.14765625 0.11640625
9 0.09375 0.85 0.08203125 0.17109375
9 0.1625 0.4984375 0.0734375 0.21796875
10 0.11875 0.5421875 0.0296875 0.21796875
10 0.42578125 0.19453125 0.1046875 0.075
11 0.39140625 0.4671875 0.0921875 0.10234375
11 0.33984375 0.2359375 0.071875 0.18984375
5 0.403125 0.821875 0.0515625 0.17421875
5 0.321875 0.44453125 0.0921875 0.075
6 0.50078125 0.9484375 0.13515625 0.05625
6 0.33984375 0.1578125 0.10234375 0.16171875
7 0.29921875 0.82421875 0.06953125 0.15078125
7 0.09453125 0.6296875 0.0640625 0.16953125
12 0.55703125 0.23984375 0.065625 0.14453125
12 0.4109375 0.29609375 0.05078125 0.11484375
13 0.26953125 0.8515625 0.06953125 0.13359375
13 0.39296875 0.71171875 0.0859375 0.0703125
14 0.259375 0.69765625 0.040625 0.15546875
14 0.31328125 0.25234375 0.0859375 0.10234375
15 0.80703125 0.36015625 0.05546875 0.13984375
15 0.4109375 0.8171875 0.075 0.08984375
16 0.33828125 0.6625 0.07421875 0.04375
16 0.61171875 0.34765625 0.0296875 0.13359375
17 0.4515625 0.4859375 0.06640625 0.0484375
17 0.55234375 0.359375 0.03828125 0.11640625
18 0.1609375 0.47421875 0.06484375 0.08515625
18 0.5734375 0.26640625 0.0671875 0.0515625
19 0.53203125 0.909375 0.06328125 0.0453125
19 0.30703125 0.7171875 0.059375 0.05
20 0.35546875 0.8734375 0.040625 0.0796875
20 0.47890625 0.3625 0.02421875 0.071875
21 0.5546875 0.6515625 0.0515625 0.065625
21 0.3609375 0.27109375 0.046875 0.0546875
22 0.08984375 0.70078125 0.0921875 0.15234375
22 0.14296875 0.3 0.05234375 0.16328125