0 0.80078125 0.21796875 0.15859375 0.19375
0 0.6046875 0.384375 0.16015625 0.14296875
1 0.5515625 0.19609375 0.1671875 0.16875
1 0.13125 0.4890625 0.171875 0.096875
2 0.70390625 0.4828125 0.125 0.16015625
2 0.55 0.1671875 0.12734375 0.134375
3 0.3984375 0.28828125 0.09609375 0.175
3 0.2515625 0.43828125 0.14453125 0.0734375
4 0.5703125 0.0859375 0.13671875 0.05625
4 0.53046875 0.5171875 0.07890625 0.18046875
8 0.64765625 0.3515625 0.0984375 0.1546875
8 0.29921875 0.34921875 0.0703125 0.08359375
9 0.58515625 0.4828125 0.1296875 0.0609375
9 0.2828125 0.46484375 0.0609375 0.17890625
10 0.8734375 0.68203125 0.05234375 0.16328125
10 0.6359375 0.60390625 0.1078125 0.07109375
11 0.5 0.31796875 0.10546875 0.04765625
11 0.0609375 0.425 0.10390625 0.08125
5 0.83984375 0.721875 0.0609375 0.1546875
5 0.75546875 0.18515625 0.06875 0.12578125
6 0.6609375 0.21015625 0.04765625 0.1515625
6 0.42109375 0.62109375 0.08359375 0.12578125
7 0.9359375 0.81875 0.10390625 0.11015625
7 0.87734375 0.5421875 0.0875 0.12265625
12 0.69921875 0.246875 0.0390625 0.115625
12 0.47421875 0.5234375 0.065625 0.0984375
13 0.846875 0.28828125 0.05234375 0.1171875
13 0.75703125 0.31953125 0.07421875 0.115625
14 0.7859375 0.33828125 0.0640625 0.0953125
14 0.27578125 0.41015625 0.08359375 0.04453125
15 0.590625 0.38828125 0.06875 0.06640625
15 0.46953125 0.46328125 0.06640625 0.08359375
16 0.89609375 0.9171875 0.07734375 0.1
16 0.69921875 0.3296875 0.053125 0.08515625
17 0.41015625 0.5671875 0.05703125 0.0796875
17 0.45546875 0.39609375 0.0609375 0.06796875
18 0.62578125 0.203125 0.0578125 0.04921875
18 0.671875 0.13046875 0.0609375 0.05234375
19 0.6171875 0.43203125 0.05234375 0.07109375
19 0.471875 0.3625 0.05703125 0.04453125
20 0.58046875 0.2796875 0.0390625 0.05234375
20 0.425 0.4828125 0.03046875 0.06796875
21 0.39140625 0.434375 0.04140625 0.059375
21 0.34921875 0.4359375 0.03125 0.06640625
22 0.85234375 0.35703125 0.1125 0.115625
22 0.3734375 0.50234375 0.096875 0.06640625