0 0.271875 0.328125 0.1046875 0.22109375
0 0.82421875 0.75234375 0.1234375 0.146875
1 0.15859375 0.11640625 0.22109375 0.13984375
1 0.715625 0.77578125 0.09375 0.1484375
2 0.29375 0.63203125 0.1203125 0.1890625
2 0.77890625 0.43046875 0.16640625 0.1828125
3 0.8234375 0.425 0.1609375 0.13515625
3 0.5875 0.74765625 0.11640625 0.15
4 0.16796875 0.53671875 0.1484375 0.15078125
4 0.5125 0.7875 0.046875 0.1921875
8 0.359375 0.68125 0.0671875 0.17578125
8 0.70390625 0.5734375 0.05625 0.184375
9 0.3734375 0.19921875 0.14609375 0.09921875
9 0.240625 0.45703125 0.159375 0.05390625
10 0.475 0.1171875 0.065625 0.140625
10 0.79296875 0.91015625 0.103125 0.15390625
11 0.45234375 0.70625 0.11640625 0.09921875
11 0.9484375 0.75 0.084375 0.15078125
5 0.55703125 0.26015625 0.11640625 0.121875
5 0.375 0.22421875 0.11640625 0.0828125
6 0.5640625 0.64765625 0.09375 0.1
6 0.66875 0.89375 0.1125 0.13671875
7 0.459375 0.2328125 0.10625 0.1015625
7 0.884375 0.66171875 0.0921875 0.07734375
12 0.3765625 0.30234375 0.1125 0.08125
12 0.72578125 0.54921875 0.11640625 0.0640625
13 0.378125 0.2890625 0.1046875 0.07265625
13 0.8453125 0.62890625 0.103125 0.0828125
14 0.4140625 0.45859375 0.075 0.1
14 0.596875 0.44453125 0.084375 0.0640625
15 0.6375 0.48359375 0.0921875 0.05078125
15 0.60234375 0.53984375 0.08984375 0.0625
16 0.378125 0.515625 0.05078125 0.09453125
16 0.5453125 0.75390625 0.1015625 0.0625
17 0.45234375 0.4265625 0.04453125 0.0828125
17 0.49296875 0.528125 0.04921875 0.08828125
18 0.29765625 0.52578125 0.0671875 0.0671875
18 0.5703125 0.5796875 0.04921875 0.05546875
19 0.2890625 0.35703125 0.06328125 0.05390625
19 0.54921875 0.496875 0.03984375 0.078125
20 0.62890625 0.5765625 0.05390625 0.0453125
20 0.64296875 0.63515625 0.0546875 0.05546875
21 0.49375 0.5921875 0.06328125 0.0453125
21 0.79921875 0.56796875 0.0640625 0.05390625
22 0.40859375 0.6421875 0.14453125 0.0609375
23 0.7109375 0.8828125 0.06015625 0.0390625