0 0.27578125 0.3 0.1625 0.10546875
0 0.18515625 0.5109375 0.13046875 0.1109375
1 0.51328125 0.6140625 0.1359375 0.16171875
1 0.125 0.30625 0.12890625 0.1703125
2 0.4578125 0.125 0.1625 0.128125
2 0.4125 0.4609375 0.17265625 0.06953125
3 0.646875 0.5921875 0.1421875 0.1359375
3 0.471875 0.096875 0.0578125 0.1671875
4 0.434375 0.9203125 0.121875 0.084375
4 0.17578125 0.359375 0.11015625 0.12578125
8 0.59921875 0.190625 0.12578125 0.07265625
8 0.56484375 0.6609375 0.11484375 0.12734375
9 0.46171875 0.55546875 0.109375 0.1125
9 0.6125 0.35546875 0.1375 0.0859375
10 0.7484375 0.4109375 0.0484375 0.13359375
10 0.58984375 0.2796875 0.140625 0.04296875
11 0.3875 0.44765625 0.0828125 0.11484375
11 0.1140625 0.49375 0.10625 0.07265625
5 0.13046875 0.4078125 0.0734375 0.0859375
5 0.9203125 0.58984375 0.1265625 0.065625
6 0.6125 0.5015625 0.12109375 0.05859375
6 0.3328125 0.5078125 0.06875 0.13515625
7 0.3953125 0.28359375 0.07734375 0.125
7 0.07109375 0.38359375 0.0640625 0.128125
12 0.47890625 0.43515625 0.1171875 0.0390625
12 0.27578125 0.5671875 0.1078125 0.05
13 0.325 0.725 0.10546875 0.06953125
13 0.265625 0.44375 0.08671875 0.071875
14 0.2921875 0.3359375 0.09609375 0.07265625
14 0.23203125 0.46796875 0.09453125 0.04453125
15 0.5328125 0.5421875 0.059375 0.0859375
15 0.53984375 0.4078125 0.09140625 0.0421875
16 0.35625 0.7828125 0.08515625 0.06328125
16 0.384375 0.71640625 0.04375 0.08515625
17 0.47890625 0.2109375 0.053125 0.08046875
17 0.5015625 0.5203125 0.06640625 0.05859375
18 0.59921875 0.46328125 0.06953125 0.05
18 0.4546875 0.85859375 0.04609375 0.08046875
19 0.34921875 0.65078125 0.03671875 0.07109375
19 0.3 0.30390625 0.04609375 0.06640625
20 0.446875 0.95 0.04765625 0.05
20 0.546875 0.646875 0.04140625 0.05546875
21 0.4078125 0.49453125 0.0640625 0.0421875
21 0.278125 0.37734375 0.06171875 0.0375
22 0.209375 0.628125 0.1140625 0.11953125
23 0.0515625 0.42265625 0.03671875 0.06171875