0 0.9515625 0.12578125 0.096875 0.128125
0 0.66484375 0.40625 0.1078125 0.20859375
1 0.51796875 0.34453125 0.08515625 0.1875
1 0.66796875 0.4703125 0.08515625 0.22578125
2 0.6890625 0.58359375 0.075 0.14140625
2 0.33203125 0.815625 0.1515625 0.0515625
3 0.403125 0.40546875 0.0421875 0.178125
3 0.5125 0.48671875 0.06953125 0.1609375
4 0.53828125 0.19375 0.09921875 0.06875
4 0.72109375 0.6671875 0.14453125 0.05703125
8 0.5734375 0.778125 0.1234375 0.07109375
8 0.3453125 0.73515625 0.09296875 0.10390625
9 0.6671875 0.43046875 0.13203125 0.0578125
9 0.55625 0.43984375 0.0421875 0.14375
10 0.9171875 0.48125 0.10078125 0.0671875
10 0.3640625 0.6359375 0.04375 0.12421875
11 0.596875 0.553125 0.07109375 0.08984375
11 0.51953125 0.48359375 0.1078125 0.040625
5 0.36484375 0.528125 0.10234375 0.03828125
5 0.2015625 0.86640625 0.0515625 0.1078125
6 0.8125 0.07890625 0.08203125 0.12109375
6 0.26328125 0.93046875 0.075 0.09140625
7 0.503125 0.603125 0.034375 0.13203125
7 0.346875 0.65390625 0.10234375 0.0671875
12 0.3234375 0.42734375 0.03515625 0.1078125
12 0.51796875 0.67265625 0.0828125 0.053125
13 0.0609375 0.5953125 0.06796875 0.11328125
13 0.4046875 0.2921875 0.06796875 0.075
14 0.36484375 0.446875 0.03359375 0.09765625
14 0.53515625 0.725 0.06328125 0.06953125
15 0.44453125 0.54375 0.0484375 0.08203125
15 0.528125 0.7453125 0.0453125 0.08203125
16 0.76484375 0.475 0.0546875 0.084375
16 0.69375 0.4953125 0.05546875 0.05390625
17 0.3515625 0.49609375 0.0546875 0.053125
17 0.34765625 0.59921875 0.059375 0.04609375
18 0.30625 0.384375 0.03515625 0.06484375
18 0.3078125 0.4828125 0.04375 0.06328125
19 0.4875 0.83671875 0.04375 0.06953125
19 0.340625 0.68984375 0.02734375 0.06875
20 0.74453125 0.453125 0.0421875 0.04609375
20 0.3203125 0.9390625 0.03671875 0.0578125
21 0.91796875 0.053125 0.0515625 0.05703125
21 0.59609375 0.309375 0.03515625 0.0671875
22 0.61328125 0.18125 0.1140625 0.08046875
22 0.51796875 0.29765625 0.0890625 0.10703125