0 0.39453125 0.72734375 0.121875 0.128125
0 0.3765625 0.71875 0.17890625 0.2390625
1 0.709375 0.28984375 0.23984375 0.146875
1 0.59453125 0.74609375 0.07265625 0.2671875
2 0.08203125 0.471875 0.07734375 0.30078125
2 0.35546875 0.14921875 0.18125 0.16015625
3 0.76875 0.54921875 0.0609375 0.2296875
3 0.71484375 0.675 0.034375 0.240625
4 0.63828125 0.43359375 0.1546875 0.15625
4 0.53203125 0.41796875 0.04609375 0.20859375
8 0.5765625 0.12421875 0.1890625 0.14296875
8 0.5640625 0.38828125 0.16640625 0.08046875
9 0.2265625 0.48203125 0.0984375 0.19765625
9 0.44765625 0.16328125 0.17890625 0.07109375
10 0.56953125 0.503125 0.0578125 0.15625
10 0.67421875 0.67890625 0.0625 0.15
11 0.28046875 0.8203125 0.1203125 0.11875
11 0.46171875 0.21015625 0.15 0.0640625
5 0.41484375 0.40703125 0.07421875 0.11875
5 0.41875 0.56875 0.07265625 0.15234375
6 0.14296875 0.5515625 0.0859375 0.17109375
6 0.2875 0.4703125 0.13359375 0.09765625
7 0.36875 0.8859375 0.13984375 0.06171875
7 0.31171875 0.79609375 0.10234375 0.12578125
12 0.453125 0.30703125 0.08203125 0.12578125
12 0.6640625 0.45859375 0.0546875 0.11640625
13 0.26484375 0.26796875 0.0984375 0.0921875
13 0.178125 0.7046875 0.09375 0.1203125
14 0.15546875 0.71640625 0.0671875 0.1390625
14 0.5171875 0.67421875 0.09375 0.06171875
15 0.35625 0.73203125 0.090625 0.06953125
15 0.6171875 0.690625 0.0640625 0.11484375
16 0.62265625 0.7046875 0.0671875 0.08671875
16 0.47109375 0.58359375 0.04609375 0.1
17 0.49921875 0.75546875 0.07578125 0.0828125
17 0.65234375 0.7734375 0.07890625 0.06171875
18 0.3390625 0.56328125 0.07109375 0.05859375
18 0.53671875 0.8 0.0671875 0.06953125
19 0.26953125 0.39296875 0.06875 0.07890625
19 0.60078125 0.58046875 0.0640625 0.08671875
20 0.47109375 0.8609375 0.04296875 0.06796875
20 0.496875 0.56875 0.0390625 0.0546875
21 0.565625 0.26328125 0.05390625 0.0828125
21 0.5078125 0.878125 0.0359375 0.07890625
22 0.30703125 0.296875 0.096875 0.1578125
22 0.46875 0.54296875 0.0890625 0.1015625