0 0.35078125 0.7125 0.1 0.20546875
0 0.63984375 0.70625 0.0828125 0.1546875
1 0.46171875 0.13046875 0.1125 0.165625
1 0.43828125 0.49609375 0.08125 0.25625
2 0.278125 0.68359375 0.065625 0.1515625
2 0.7921875 0.65859375 0.103125 0.11953125
3 0.76640625 0.85078125 0.09921875 0.1828125
3 0.51796875 0.39140625 0.12265625 0.0734375
4 0.4171875 0.86015625 0.11640625 0.0859375
4 0.48046875 0.8484375 0.12734375 0.05703125
8 0.475 0.6734375 0.08828125 0.153125
8 0.58125 0.15625 0.07890625 0.13671875
9 0.42421875 0.38359375 0.10703125 0.13671875
9 0.57421875 0.61171875 0.0609375 0.13046875
10 0.921875 0.8609375 0.109375 0.090625
10 0.60234375 0.68671875 0.046875 0.1609375
11 0.51484375 0.728125 0.03984375 0.1546875
11 0.2625 0.5859375 0.059375 0.146875
5 0.61640625 0.53203125 0.0765625 0.12109375
5 0.44375 0.21171875 0.09375 0.0984375
6 0.54765625 0.90390625 0.0953125 0.071875
6 0.6734375 0.9140625 0.11640625 0.0640625
7 0.63828125 0.2421875 0.065625 0.10546875
7 0.50390625 0.440625 0.09296875 0.090625
12 0.4265625 0.303125 0.078125 0.05859375
12 0.58828125 0.31953125 0.07578125 0.096875
13 0.39453125 0.25 0.0671875 0.0984375
13 0.47734375 0.7796875 0.06953125 0.06171875
14 0.51640625 0.55703125 0.04765625 0.10859375
14 0.309375 0.340625 0.059375 0.12109375
15 0.22890625 0.77421875 0.03828125 0.12421875
15 0.66875 0.4171875 0.04453125 0.0859375
16 0.49453125 0.503125 0.0515625 0.0640625
16 0.45 0.4109375 0.0453125 0.0953125
17 0.709375 0.44921875 0.04140625 0.0921875
17 0.46015625 0.14765625 0.04140625 0.078125
18 0.6046875 0.45859375 0.04921875 0.0765625
18 0.53671875 0.253125 0.03984375 0.0921875
19 0.3078125 0.5703125 0.03203125 0.0890625
19 0.7015625 0.37734375 0.04140625 0.0796875
20 0.28359375 0.409375 0.05078125 0.06015625
20 0.253125 0.5734375 0.03671875 0.0734375
21 0.6125 0.5015625 0.03359375 0.0765625
21 0.396875 0.94140625 0.0609375 0.05078125
22 0.38515625 0.40234375 0.05546875 0.1640625
23 0.3890625 0.0515625 0.0578125 0.071875