0 0.62265625 0.2140625 0.20546875 0.19296875
0 0.8578125 0.29140625 0.19921875 0.18125
1 0.425 0.39140625 0.16640625 0.19453125
1 0.6703125 0.634375 0.1328125 0.1265625
2 0.08828125 0.346875 0.10859375 0.14296875
2 0.15078125 0.56953125 0.0625 0.22578125
3 0.7359375 0.38203125 0.05859375 0.19296875
3 0.59921875 0.88203125 0.15546875 0.153125
4 0.27578125 0.38515625 0.08984375 0.1796875
4 0.85234375 0.5203125 0.14921875 0.12265625
8 0.56875 0.1453125 0.1734375 0.08125
8 0.6515625 0.4265625 0.10703125 0.08671875
9 0.22109375 0.5625 0.1 0.178125
9 0.9015625 0.18125 0.09140625 0.17265625
10 0.85859375 0.4515625 0.13359375 0.09296875
10 0.47734375 0.85625 0.05703125 0.1609375
11 0.83359375 0.6671875 0.0828125 0.13125
11 0.54921875 0.56171875 0.1296875 0.06015625
5 0.3125 0.55 0.084375 0.14609375
5 0.73203125 0.7203125 0.13671875 0.0546875
6 0.56015625 0.42109375 0.0953125 0.14140625
6 0.5265625 0.7390625 0.13828125 0.05
7 0.48515625 0.23125 0.12421875 0.0828125
7 0.4765625 0.628125 0.1328125 0.05
12 0.7984375 0.115625 0.12421875 0.06484375
12 0.5421875 0.65625 0.0671875 0.103125
13 0.3828125 0.4625 0.096875 0.0484375
13 0.6171875 0.29765625 0.10078125 0.0765625
14 0.78125 0.41328125 0.07578125 0.11640625
14 0.5234375 0.54453125 0.0671875 0.103125
15 0.44609375 0.31875 0.09375 0.0734375
15 0.4578125 0.69296875 0.08984375 0.05625
16 0.93046875 0.54375 0.07421875 0.1015625
16 0.45078125 0.565625 0.078125 0.078125
17 0.38359375 0.571875 0.07578125 0.0484375
17 0.69453125 0.31171875 0.04140625 0.09140625
18 0.16640625 0.37109375 0.0453125 0.084375
18 0.5796875 0.696875 0.07421875 0.0546875
19 0.46015625 0.37578125 0.07421875 0.04296875
19 0.8375 0.1859375 0.03984375 0.08984375
20 0.3359375 0.6546875 0.06015625 0.03984375
20 0.58046875 0.8015625 0.05 0.0515625
21 0.70078125 0.50859375 0.04296875 0.0828125
21 0.53515625 0.76875 0.046875 0.05625
22 0.22265625 0.4203125 0.046875 0.15625
23 0.340625 0.40234375 0.03671875 0.06640625