0 0.625 0.63203125 0.34921875 0.05390625
0 0.52578125 0.21796875 0.3125 0.07109375
1 0.28125 0.29375 0.275 0.11015625
1 0.39921875 0.72265625 0.2234375 0.084375
2 0.3453125 0.46328125 0.221875 0.11015625
2 0.8875 0.30078125 0.1671875 0.14609375
3 0.47421875 0.90390625 0.20859375 0.0796875
3 0.77734375 0.1953125 0.14140625 0.2
4 0.13515625 0.625 0.21796875 0.1078125
4 0.38125 0.37734375 0.16875 0.12734375
8 0.5875 0.61640625 0.16171875 0.1375
8 0.62578125 0.57421875 0.1203125 0.1703125
9 0.46875 0.79609375 0.1890625 0.05546875
9 0.62890625 0.8078125 0.175 0.10546875
10 0.846875 0.36640625 0.16953125 0.0640625
10 0.8875 0.53515625 0.15625 0.09453125
11 0.28046875 0.171875 0.17265625 0.04765625
11 0.3046875 0.3515625 0.1765625 0.0609375
5 0.6171875 0.11171875 0.078125 0.1421875
5 0.5515625 0.35 0.08046875 0.13828125
6 0.3421875 0.078125 0.18046875 0.090625
6 0.45546875 0.15390625 0.1578125 0.04765625
7 0.71796875 0.57734375 0.14765625 0.07109375
7 0.18125 0.26015625 0.11640625 0.13515625
12 0.39921875 0.10390625 0.14140625 0.0625
12 0.18125 0.19296875 0.075 0.11875
13 0.39140625 0.9609375 0.10703125 0.04375
13 0.5328125 0.82734375 0.09609375 0.078125
14 0.459375 0.5890625 0.09140625 0.08203125
14 0.38046875 0.38203125 0.12578125 0.07578125
15 0.30859375 0.63203125 0.10703125 0.06015625
15 0.8390625 0.51171875 0.075 0.0796875
16 0.67109375 0.7 0.1015625 0.05859375
16 0.67890625 0.2765625 0.1109375 0.0578125
17 0.63203125 0.38203125 0.078125 0.07734375
17 0.1578125 0.4515625 0.03828125 0.084375
18 0.26328125 0.4875 0.090625 0.05390625
18 0.39765625 0.74296875 0.05859375 0.0609375
19 0.43359375 0.8640625 0.0671875 0.05390625
19 0.4640625 0.20078125 0.0890625 0.0390625
20 0.41015625 0.66015625 0.0640625 0.0328125
20 0.60078125 0.5921875 0.05859375 0.05
21 0.46796875 0.3515625 0.078125 0.04921875
21 0.62734375 0.7703125 0.0796875 0.0328125
22 0.859375 0.44453125 0.1875 0.046875
23 0.44140625 0.47265625 0.07421875 0.03046875