0 0.39296875 0.159375 0.24375 0.14921875
0 0.14375 0.753125 0.15390625 0.18203125
1 0.24375 0.69921875 0.3 0.078125
1 0.3640625 0.8390625 0.15390625 0.13203125
2 0.20078125 0.44921875 0.18046875 0.13203125
2 0.69375 0.68203125 0.11015625 0.1296875
3 0.64609375 0.48984375 0.171875 0.15078125
3 0.79375 0.5390625 0.1375 0.19375
4 0.66484375 0.63671875 0.1390625 0.11953125
4 0.6078125 0.17578125 0.11953125 0.209375
8 0.12578125 0.35234375 0.128125 0.175
8 0.8796875 0.359375 0.128125 0.18515625
9 0.40078125 0.8984375 0.15 0.13671875
9 0.54453125 0.33984375 0.1375 0.12109375
10 0.55625 0.23515625 0.1609375 0.08515625
10 0.76640625 0.4546875 0.1046875 0.140625
11 0.17734375 0.584375 0.14453125 0.10390625
11 0.75234375 0.13828125 0.08671875 0.15625
5 0.1 0.28125 0.14609375 0.18203125
5 0.6125 0.63203125 0.1359375 0.14765625
6 0.26328125 0.14453125 0.12109375 0.140625
6 0.74296875 0.61328125 0.11953125 0.16640625
7 0.58671875 0.7796875 0.078125 0.13515625
7 0.24375 0.31953125 0.1515625 0.16796875
12 0.45390625 0.25859375 0.09375 0.128125
12 0.56875 0.17578125 0.128125 0.0640625
13 0.29453125 0.6203125 0.1265625 0.1109375
13 0.509375 0.4546875 0.1140625 0.078125
14 0.2984375 0.27109375 0.1046875 0.1296875
14 0.23984375 0.8109375 0.08828125 0.125
15 0.41875 0.84140625 0.12109375 0.07421875
15 0.62109375 0.3828125 0.1140625 0.05234375
16 0.096875 0.63203125 0.07421875 0.0609375
16 0.8578125 0.30703125 0.08125 0.0828125
17 0.28828125 0.5078125 0.09609375 0.07265625
17 0.47109375 0.6953125 0.10703125 0.05859375
18 0.321875 0.728125 0.0796875 0.0828125
18 0.590625 0.5171875 0.0921875 0.05703125
19 0.6703125 0.453125 0.06328125 0.078125
19 0.37109375 0.73515625 0.07265625 0.07265625
20 0.37109375 0.45703125 0.06875 0.07109375
20 0.8046875 0.32265625 0.05078125 0.08984375
21 0.20546875 0.56015625 0.0453125 0.0765625
21 0.203125 0.6609375 0.0484375 0.07421875
22 0.6953125 0.14609375 0.103125 0.10234375