0 0.30546875 0.91328125 0.2421875 0.15625
0 0.76171875 0.4453125 0.13203125 0.159375
1 0.40546875 0.71328125 0.246875 0.09375
1 0.64296875 0.12421875 0.23046875 0.128125
2 0.584375 0.315625 0.1265625 0.1046875
2 0.70546875 0.1125 0.1875 0.10703125
3 0.19375 0.6015625 0.20078125 0.08671875
3 0.06484375 0.315625 0.0671875 0.18984375
4 0.48828125 0.4625 0.08203125 0.18359375
4 0.35859375 0.16171875 0.1140625 0.18984375
8 0.5265625 0.6703125 0.19453125 0.06171875
8 0.12890625 0.38203125 0.0921875 0.1671875
9 0.6234375 0.53515625 0.15 0.128125
9 0.759375 0.24375 0.1484375 0.08046875
10 0.596875 0.53046875 0.07265625 0.15625
10 0.146875 0.2734375 0.0890625 0.1375
11 0.421875 0.6734375 0.0921875 0.11015625
11 0.15078125 0.1859375 0.15 0.04296875
5 0.48203125 0.7921875 0.1234375 0.11484375
5 0.5875 0.11015625 0.07265625 0.14296875
6 0.52109375 0.44140625 0.0578125 0.11484375
6 0.65 0.31328125 0.15 0.09375
7 0.38046875 0.57578125 0.13046875 0.1234375
7 0.3828125 0.58359375 0.146875 0.06171875
12 0.70546875 0.59140625 0.0921875 0.08984375
12 0.34375 0.5375 0.1234375 0.0578125
13 0.8828125 0.65 0.0984375 0.0734375
13 0.6859375 0.54609375 0.1265625 0.05859375
14 0.46484375 0.04375 0.13671875 0.065625
14 0.32265625 0.240625 0.059375 0.10078125
15 0.3515625 0.4515625 0.10546875 0.0546875
15 0.52421875 0.165625 0.07421875 0.10078125
16 0.27265625 0.353125 0.0875 0.06953125
16 0.1609375 0.13828125 0.084375 0.06015625
17 0.54375 0.55390625 0.05625 0.08046875
17 0.1703125 0.44765625 0.07265625 0.0734375
18 0.76796875 0.7625 0.10078125 0.06015625
18 0.2265625 0.52109375 0.0640625 0.07734375
19 0.65546875 0.3890625 0.059375 0.065625
19 0.67109375 0.27890625 0.07265625 0.06328125
20 0.3734375 0.825 0.04921875 0.05859375
20 0.31484375 0.30625 0.065625 0.0484375
21 0.56796875 0.39453125 0.0578125 0.05234375
21 0.203125 0.3296875 0.0671875 0.05390625
22 0.4578125 0.74453125 0.115625 0.128125
22 0.23515625 0.43984375 0.1265625 0.09765625