0 0.39140625 0.34375 0.04609375 0.2828125
0 0.46953125 0.3828125 0.0921875 0.19609375
1 0.66484375 0.40546875 0.06796875 0.2875
1 0.6828125 0.46328125 0.16328125 0.1625
2 0.74765625 0.33984375 0.08828125 0.11484375
2 0.77578125 0.50078125 0.08125 0.22734375
3 0.415625 0.55703125 0.128125 0.07265625
3 0.4890625 0.20703125 0.10859375 0.1484375
4 0.67109375 0.1328125 0.11640625 0.1234375
4 0.86953125 0.6453125 0.12578125 0.1203125
8 0.1203125 0.56171875 0.1359375 0.0609375
8 0.84140625 0.47890625 0.07421875 0.17890625
9 0.3953125 0.11015625 0.0640625 0.16953125
9 0.43828125 0.1265625 0.04765625 0.17265625
10 0.49296875 0.2015625 0.0859375 0.1328125
10 0.90859375 0.8671875 0.06171875 0.17578125
11 0.61484375 0.58671875 0.09765625 0.096875
11 0.84296875 0.8609375 0.08515625 0.1171875
5 0.61796875 0.24296875 0.06953125 0.1265625
5 0.7796875 0.6015625 0.08671875 0.1265625
6 0.07421875 0.51640625 0.10546875 0.06875
6 0.6078125 0.31328125 0.0578125 0.15
7 0.434375 0.64921875 0.0796875 0.08203125
7 0.56796875 0.278125 0.03828125 0.1484375
12 0.41484375 0.1984375 0.03984375 0.1203125
12 0.50703125 0.0828125 0.03203125 0.1234375
13 0.525 0.328125 0.0484375 0.10234375
13 0.8265625 0.75078125 0.08515625 0.04921875
14 0.55078125 0.34921875 0.0296875 0.13515625
14 0.4703125 0.2828125 0.0578125 0.0984375
15 0.0390625 0.58046875 0.05859375 0.11015625
15 0.79765625 0.48203125 0.03203125 0.11015625
16 0.70859375 0.7859375 0.02734375 0.10703125
16 0.8734375 0.9265625 0.06328125 0.0875
17 0.559375 0.09375 0.06328125 0.04140625
17 0.65625 0.7734375 0.04765625 0.08203125
18 0.7015625 0.6125 0.040625 0.08515625
18 0.8921875 0.50390625 0.0234375 0.096875
19 0.690625 0.84609375 0.05 0.07265625
19 0.9609375 0.9484375 0.0578125 0.0671875
20 0.42421875 0.678125 0.0453125 0.0546875
20 0.684375 0.753125 0.028125 0.065625
21 0.80625 0.81328125 0.0328125 0.07265625
21 0.821875 0.6140625 0.02890625 0.07578125
22 0.48515625 0.11953125 0.0671875 0.16796875
23 0.3515625 0.48671875 0.0390625 0.0859375