0 0.6078125 0.33515625 0.171875 0.10078125
0 0.60625 0.196875 0.1703125 0.146875
1 0.80390625 0.740625 0.1484375 0.16328125
1 0.60546875 0.5390625 0.15546875 0.13125
2 0.38671875 0.446875 0.075 0.16171875
2 0.290625 0.65546875 0.12734375 0.1453125
3 0.55234375 0.38984375 0.13046875 0.09140625
3 0.3375 0.525 0.0484375 0.16328125
4 0.6328125 0.64921875 0.06640625 0.15078125
4 0.7296875 0.259375 0.13046875 0.10546875
8 0.50234375 0.60859375 0.06796875 0.15546875
8 0.86171875 0.4359375 0.096875 0.1390625
9 0.4109375 0.6609375 0.1203125 0.0765625
9 0.79296875 0.7890625 0.1234375 0.09296875
10 0.7984375 0.515625 0.0984375 0.10390625
10 0.53984375 0.65078125 0.05 0.1171875
11 0.42421875 0.5046875 0.04609375 0.1265625
11 0.4375 0.87109375 0.0859375 0.11328125
5 0.44375 0.06953125 0.06484375 0.1328125
5 0.7484375 0.61171875 0.10390625 0.071875
6 0.73515625 0.6796875 0.10234375 0.0734375
6 0.80234375 0.38828125 0.0734375 0.1171875
7 0.27265625 0.75859375 0.096875 0.11484375
7 0.6578125 0.9171875 0.10546875 0.0734375
12 0.24609375 0.421875 0.0875 0.075
12 0.43203125 0.75390625 0.046875 0.10859375
13 0.40625 0.584375 0.0875 0.0703125
13 0.3390625 0.80703125 0.05 0.11328125
14 0.70390625 0.515625 0.0578125 0.09140625
14 0.5953125 0.23046875 0.0578125 0.10234375
15 0.61875 0.39609375 0.07890625 0.06875
15 0.15625 0.62109375 0.071875 0.09609375
16 0.45546875 0.37890625 0.06953125 0.08984375
16 0.47265625 0.4515625 0.0625 0.08984375
17 0.7640625 0.2984375 0.0515625 0.08125
17 0.07734375 0.45625 0.075 0.08984375
18 0.56796875 0.94375 0.06953125 0.0640625
18 0.615625 0.88828125 0.06796875 0.0578125
19 0.72734375 0.375 0.0578125 0.071875
19 0.85703125 0.24921875 0.0765625 0.0609375
20 0.15234375 0.53203125 0.0578125 0.06875
20 0.5265625 0.46328125 0.05546875 0.04921875
21 0.47578125 0.57421875 0.05390625 0.0609375
21 0.54765625 0.15625 0.059375 0.05625
22 0.69140625 0.7765625 0.09453125 0.1234375
22 0.8546875 0.80625 0.0609375 0.13125
23 0.95 0.41484375 0.05234375 0.065625