0 0.71484375 0.296875 0.19609375 0.10859375
0 0.134375 0.4546875 0.10546875 0.20390625
1 0.6171875 0.5640625 0.16640625 0.1328125
1 0.521875 0.421875 0.18984375 0.0796875
2 0.4703125 0.646875 0.16484375 0.053125
2 0.41328125 0.1171875 0.09765625 0.1515625
3 0.303125 0.5390625 0.1625 0.0625
3 0.36796875 0.0953125 0.09765625 0.16015625
4 0.653125 0.33125 0.07578125 0.15390625
4 0.3 0.2796875 0.1609375 0.06875
8 0.721875 0.56953125 0.15234375 0.03984375
8 0.61328125 0.65 0.109375 0.10703125
9 0.75 0.66484375 0.046875 0.134375
9 0.62265625 0.56328125 0.0734375 0.134375
10 0.2578125 0.58359375 0.12734375 0.04296875
10 0.44765625 0.1640625 0.0703125 0.12265625
11 0.5046875 0.73125 0.12890625 0.05
11 0.46015625 0.51015625 0.1140625 0.07578125
5 0.6390625 0.7265625 0.12265625 0.05
5 0.32734375 0.50078125 0.1140625 0.0453125
6 0.609375 0.47734375 0.12265625 0.04140625
6 0.2890625 0.45625 0.1125 0.0828125
7 0.8640625 0.41328125 0.1171875 0.07578125
7 0.29921875 0.60234375 0.0890625 0.10703125
12 0.64140625 0.915625 0.05703125 0.1109375
12 0.23125 0.36796875 0.046875 0.09140625
13 0.2234375 0.3015625 0.1078125 0.04140625
13 0.44296875 0.315625 0.07578125 0.078125
14 0.596875 0.36875 0.03671875 0.08984375
14 0.540625 0.37265625 0.07890625 0.07578125
15 0.71328125 0.675 0.046875 0.07734375
15 0.89609375 0.47421875 0.08515625 0.04140625
16 0.69375 0.375 0.08046875 0.0484375
16 0.47734375 0.4484375 0.05390625 0.07578125
17 0.153125 0.246875 0.08046875 0.03671875
17 0.509375 0.09921875 0.07734375 0.046875
18 0.71015625 0.41875 0.06015625 0.05
18 0.16484375 0.36015625 0.05234375 0.06171875
19 0.75859375 0.48515625 0.0703125 0.03671875
19 0.18984375 0.39453125 0.03515625 0.0640625
20 0.6953125 0.51640625 0.05703125 0.0484375
20 0.79921875 0.70078125 0.05703125 0.04453125
21 0.50390625 0.76484375 0.065625 0.03671875
21 0.44765625 0.36640625 0.05234375 0.05390625
22 0.825 0.3546875 0.12109375 0.0671875
23 0.8046875 0.66484375 0.05078125 0.0515625