0 0.49453125 0.56171875 0.20625 0.1171875
0 0.68125 0.41875 0.17578125 0.2234375
1 0.78671875 0.92265625 0.1421875 0.1265625
1 0.70078125 0.40078125 0.2671875 0.09140625
2 0.7984375 0.65625 0.0796875 0.2125
2 0.74453125 0.1296875 0.15234375 0.16328125
3 0.43515625 0.7171875 0.17890625 0.1109375
3 0.6484375 0.18828125 0.0671875 0.18046875
4 0.121875 0.534375 0.1625 0.12421875
4 0.84609375 0.12265625 0.11953125 0.0890625
8 0.70546875 0.790625 0.07734375 0.1109375
8 0.421875 0.86328125 0.1421875 0.10703125
9 0.671875 0.86640625 0.18203125 0.07734375
9 0.703125 0.54296875 0.078125 0.1515625
10 0.5890625 0.68125 0.109375 0.1015625
10 0.725 0.33671875 0.0578125 0.14375
11 0.61796875 0.44609375 0.125 0.10546875
11 0.65859375 0.3875 0.06953125 0.128125
5 0.58046875 0.7890625 0.1265625 0.07734375
5 0.77578125 0.22578125 0.1484375 0.0703125
6 0.578125 0.78359375 0.05546875 0.1171875
6 0.46875 0.45 0.065625 0.1109375
7 0.328125 0.7078125 0.11953125 0.08359375
7 0.5765625 0.68046875 0.15234375 0.0546875
12 0.27265625 0.56171875 0.10625 0.05234375
12 0.6921875 0.321875 0.084375 0.07734375
13 0.5390625 0.58125 0.04921875 0.09140625
13 0.79140625 0.428125 0.04765625 0.1203125
14 0.43125 0.7828125 0.1203125 0.040625
14 0.89453125 0.37109375 0.0828125 0.08125
15 0.40703125 0.72890625 0.0640625 0.07421875
15 0.53671875 0.40390625 0.0578125 0.0875
16 0.79375 0.76484375 0.06953125 0.0859375
16 0.40234375 0.43515625 0.084375 0.06953125
17 0.21328125 0.69765625 0.0625 0.07421875
17 0.39921875 0.4421875 0.0828125 0.05078125
18 0.8484375 0.84140625 0.07421875 0.0453125
18 0.359375 0.4796875 0.10625 0.0328125
19 0.609375 0.56875 0.065625 0.05078125
19 0.5890625 0.63515625 0.06796875 0.040625
20 0.4921875 0.59765625 0.059375 0.046875
20 0.878125 0.42890625 0.0671875 0.0328125
21 0.721875 0.6328125 0.07109375 0.04140625
21 0.25546875 0.68515625 0.03515625 0.0703125
22 0.78515625 0.86640625 0.0671875 0.15546875
22 0.27265625 0.49453125 0.0796875 0.1015625