0 0.58125 0.87890625 0.175 0.16875
0 0.4421875 0.54296875 0.21875 0.08125
1 0.44453125 0.715625 0.14765625 0.1578125
1 0.565625 0.57265625 0.21484375 0.14609375
2 0.21484375 0.59453125 0.11640625 0.10234375
2 0.071875 0.47265625 0.10234375 0.0984375
3 0.884375 0.3828125 0.084375 0.1703125
3 0.73671875 0.56015625 0.115625 0.13359375
4 0.43359375 0.6671875 0.09921875 0.09296875
4 0.571875 0.6140625 0.065625 0.1609375
8 0.40546875 0.6328125 0.1390625 0.10703125
8 0.68828125 0.72734375 0.0859375 0.1109375
9 0.53125 0.87890625 0.13984375 0.08515625
9 0.30703125 0.309375 0.0859375 0.1484375
10 0.66796875 0.45390625 0.09453125 0.11328125
10 0.778125 0.45859375 0.1109375 0.09296875
11 0.25 0.68046875 0.128125 0.07421875
11 0.6046875 0.53828125 0.05 0.12578125
5 0.22421875 0.4875 0.08046875 0.121875
5 0.1390625 0.5046875 0.09453125 0.10703125
6 0.51328125 0.9328125 0.1296875 0.06328125
6 0.9375 0.134375 0.0609375 0.14765625
7 0.03828125 0.2625 0.0703125 0.13125
7 0.10625 0.4875 0.09375 0.1109375
12 0.55 0.471875 0.10546875 0.05390625
12 0.7296875 0.58984375 0.11953125 0.0609375
13 0.265625 0.7328125 0.09921875 0.06875
13 0.67890625 0.903125 0.0875 0.07734375
14 0.125 0.6171875 0.115625 0.04765625
14 0.77890625 0.55234375 0.10390625 0.05234375
15 0.6390625 0.38828125 0.07890625 0.07421875
15 0.6671875 0.6640625 0.09609375 0.0421875
16 0.65234375 0.5921875 0.07265625 0.07265625
16 0.90703125 0.43203125 0.065625 0.0875
17 0.271875 0.0578125 0.09375 0.06640625
17 0.44765625 0.80546875 0.071875 0.07578125
18 0.43515625 0.43046875 0.0671875 0.06875
18 0.48125 0.1765625 0.05703125 0.0828125
19 0.29375 0.58125 0.04375 0.0671875
19 0.2421875 0.609375 0.08203125 0.0484375
20 0.4140625 0.509375 0.071875 0.0375
20 0.48984375 0.4625 0.0484375 0.05546875
21 0.5734375 0.815625 0.0671875 0.05234375
21 0.3359375 0.4234375 0.05546875 0.06640625
22 0.33125 0.5796875 0.10546875 0.1109375
22 0.09375 0.746875 0.07265625 0.0984375