0 0.27578125 0.2125 0.1078125 0.1515625
0 0.5625 0.45859375 0.11875 0.096875
1 0.84453125 0.59921875 0.1578125 0.1171875
1 0.57578125 0.2359375 0.11484375 0.11328125
2 0.67734375 0.471875 0.04296875 0.20390625
2 0.52734375 0.19921875 0.1515625 0.06796875
3 0.13828125 0.74765625 0.10625 0.16640625
3 0.3546875 0.128125 0.1375 0.06796875
4 0.08671875 0.8625 0.134375 0.06953125
4 0.61796875 0.34921875 0.121875 0.121875
8 0.53125 0.12734375 0.13203125 0.084375
8 0.471875 0.746875 0.134375 0.0578125
9 0.11953125 0.68671875 0.075 0.0953125
9 0.3328125 0.39765625 0.12421875 0.06953125
10 0.49765625 0.2828125 0.09765625 0.096875
10 0.35703125 0.06328125 0.109375 0.06953125
11 0.86875 0.71953125 0.10234375 0.08046875
11 0.8015625 0.2921875 0.05859375 0.12890625
5 0.709375 0.74140625 0.06328125 0.13984375
5 0.77890625 0.690625 0.0734375 0.11015625
6 0.23046875 0.34140625 0.078125 0.13046875
6 0.54609375 0.80078125 0.0984375 0.06796875
7 0.140625 0.17265625 0.046875 0.16015625
7 0.253125 0.7625 0.08984375 0.10703125
12 0.77578125 0.9140625 0.05546875 0.10703125
12 0.59609375 0.60546875 0.065625 0.10546875
13 0.62421875 0.540625 0.08515625 0.05625
13 0.63203125 0.59609375 0.06796875 0.08046875
14 0.725 0.259375 0.09140625 0.07578125
14 0.79921875 0.49140625 0.0796875 0.07890625
15 0.828125 0.85 0.0703125 0.07421875
15 0.3984375 0.22265625 0.0421875 0.0953125
16 0.56640625 0.31875 0.06015625 0.07890625
16 0.93359375 0.6578125 0.05625 0.090625
17 0.72421875 0.65859375 0.05703125 0.06796875
17 0.32890625 0.246875 0.065625 0.053125
18 0.61796875 0.40546875 0.06015625 0.04453125
18 0.43203125 0.19765625 0.04296875 0.0625
19 0.72109375 0.42421875 0.053125 0.0546875
19 0.8875 0.48671875 0.05703125 0.0640625
20 0.77890625 0.7828125 0.04609375 0.053125
20 0.40546875 0.31015625 0.04921875 0.04921875
21 0.75390625 0.7421875 0.0453125 0.0609375
21 0.3046875 0.76328125 0.0484375 0.0578125
22 0.81015625 0.3765625 0.059375 0.159375
23 0.69453125 0.31328125 0.03359375 0.08046875