0 0.44140625 0.109375 0.234375 0.15390625
0 0.6078125 0.48125 0.178125 0.18828125
1 0.1859375 0.5703125 0.08359375 0.2875
1 0.71171875 0.6640625 0.1078125 0.2
2 0.7171875 0.91171875 0.19609375 0.096875
2 0.23125 0.3765625 0.0671875 0.2265625
3 0.28984375 0.346875 0.053125 0.20546875
3 0.51796875 0.26875 0.15546875 0.1140625
4 0.09375 0.61875 0.08203125 0.225
4 0.34921875 0.37890625 0.1078125 0.16015625
8 0.38984375 0.303125 0.08671875 0.15625
8 0.84921875 0.63515625 0.1125 0.184375
9 0.3453125 0.3765625 0.08671875 0.16953125
9 0.83984375 0.43984375 0.10234375 0.17890625
10 0.15859375 0.35078125 0.10625 0.10703125
10 0.7734375 0.740625 0.115625 0.103125
11 0.88046875 0.85546875 0.13984375 0.11796875
11 0.9140625 0.65703125 0.14296875 0.09921875
5 0.50625 0.52890625 0.08203125 0.15078125
5 0.69609375 0.359375 0.13359375 0.0703125
6 0.81796875 0.53125 0.053125 0.1640625
6 0.30703125 0.58203125 0.08515625 0.13515625
7 0.58359375 0.0625 0.15234375 0.06484375
7 0.6875 0.68203125 0.14609375 0.06875
12 0.3046875 0.825 0.14140625 0.0765625
12 0.7078125 0.290625 0.10625 0.11640625
13 0.365625 0.2015625 0.109375 0.0609375
13 0.73125 0.48828125 0.1140625 0.0625
14 0.1875 0.76953125 0.115625 0.103125
14 0.57890625 0.35703125 0.053125 0.13125
15 0.4984375 0.19140625 0.10078125 0.059375
15 0.115625 0.4703125 0.10234375 0.0953125
16 0.70859375 0.209375 0.08203125 0.09921875
16 0.8734375 0.37109375 0.09296875 0.09140625
17 0.703125 0.115625 0.08046875 0.10078125
17 0.62578125 0.28671875 0.0546875 0.10078125
18 0.346875 0.1078125 0.08671875 0.078125
18 0.6625 0.26875 0.0625 0.08359375
19 0.1640625 0.26796875 0.08046875 0.0703125
19 0.7625 0.55625 0.0671875 0.09921875
20 0.59453125 0.56015625 0.071875 0.0609375
20 0.4875 0.23359375 0.065625 0.0703125
21 0.78828125 0.40078125 0.0640625 0.0859375
21 0.43515625 0.153125 0.0703125 0.0703125
22 0.45078125 0.48671875 0.08671875 0.10859375
23 0.46796875 0.34453125 0.0625 0.07265625