0 0.846875 0.78984375 0.2359375 0.05
0 0.64765625 0.80625 0.22109375 0.1078125
1 0.1484375 0.365625 0.11171875 0.13984375
1 0.36015625 0.9515625 0.228125 0.065625
2 0.8078125 0.521875 0.06640625 0.14609375
2 0.278125 0.7 0.10859375 0.0828125
3 0.7171875 0.44375 0.15 0.071875
3 0.4390625 0.73359375 0.05625 0.13515625
4 0.57109375 0.453125 0.16484375 0.05859375
4 0.83359375 0.76328125 0.153125 0.0765625
8 0.21484375 0.278125 0.11171875 0.1109375
8 0.5890625 0.58125 0.08828125 0.09453125
9 0.3015625 0.81640625 0.0578125 0.125
9 0.52734375 0.5625 0.13828125 0.0765625
10 0.76640625 0.59453125 0.09296875 0.0890625
10 0.47734375 0.634375 0.08515625 0.0890625
11 0.434375 0.30625 0.05859375 0.09453125
11 0.78984375 0.8078125 0.08671875 0.0828125
5 0.759375 0.6765625 0.121875 0.05625
5 0.35859375 0.67421875 0.0515625 0.0953125
6 0.09609375 0.065625 0.13828125 0.05
6 0.6953125 0.55234375 0.06796875 0.0953125
7 0.23828125 0.18515625 0.0828125 0.0953125
7 0.50625 0.78125 0.06015625 0.09765625
12 0.4515625 0.69921875 0.09609375 0.0578125
12 0.53203125 0.6109375 0.08828125 0.06015625
13 0.159375 0.39375 0.06796875 0.0734375
13 0.62421875 0.521875 0.08828125 0.05625
14 0.665625 0.64609375 0.08828125 0.053125
14 0.44140625 0.57734375 0.0984375 0.0453125
15 0.871875 0.5375 0.053125 0.07109375
15 0.83671875 0.734375 0.0765625 0.05234375
16 0.74375 0.46640625 0.1 0.034375
16 0.63515625 0.6171875 0.06015625 0.06796875
17 0.175 0.24609375 0.03828125 0.06171875
17 0.3640625 0.89765625 0.0828125 0.0390625
18 0.1578125 0.33515625 0.053125 0.05234375
18 0.4046875 0.68203125 0.05859375 0.04765625
19 0.5203125 0.5125 0.06015625 0.053125
19 0.3078125 0.81796875 0.0703125 0.04453125
20 0.8390625 0.65546875 0.0453125 0.04453125
20 0.58828125 0.928125 0.0578125 0.0453125
21 0.78828125 0.39765625 0.075 0.03203125
21 0.55625 0.65703125 0.0515625 0.04296875
22 0.77734375 0.66875 0.12109375 0.08515625
23 0.33828125 0.7625 0.0515625 0.0296875