0 0.51953125 0.49140625 0.2125 0.203125
0 0.74765625 0.35859375 0.1203125 0.18046875
1 0.503125 0.6296875 0.11640625 0.16015625
1 0.378125 0.4828125 0.203125 0.090625
2 0.3765625 0.81328125 0.08984375 0.1875
2 0.61953125 0.2671875 0.06015625 0.13828125
3 0.31015625 0.7875 0.21953125 0.05234375
3 0.24609375 0.45 0.08828125 0.15625
4 0.23203125 0.52890625 0.10859375 0.1546875
4 0.4515625 0.140625 0.07890625 0.15234375
8 0.3578125 0.421875 0.15390625 0.1125
8 0.578125 0.159375 0.20703125 0.0546875
9 0.19375 0.515625 0.16015625 0.084375
9 0.7140625 0.3421875 0.1125 0.0984375
10 0.1640625 0.73515625 0.11484375 0.10078125
10 0.56796875 0.2953125 0.05859375 0.11640625
11 0.33125 0.65703125 0.1484375 0.04375
11 0.446875 0.34375 0.05859375 0.128125
5 0.103125 0.45546875 0.0828125 0.125
5 0.75 0.84453125 0.075 0.08359375
6 0.92421875 0.4359375 0.140625 0.06796875
6 0.5890625 0.62734375 0.12421875 0.0984375
7 0.534375 0.37890625 0.11875 0.10390625
7 0.68359375 0.396875 0.07109375 0.09453125
12 0.20234375 0.71484375 0.103125 0.0859375
12 0.29296875 0.4234375 0.0828125 0.1078125
13 0.43359375 0.1921875 0.103125 0.10546875
13 0.78828125 0.3203125 0.1109375 0.03984375
14 0.72890625 0.925 0.11640625 0.08203125
14 0.39765625 0.3109375 0.065625 0.07265625
15 0.3734375 0.3359375 0.08125 0.0765625
15 0.0796875 0.33125 0.065625 0.0953125
16 0.3078125 0.1125 0.10390625 0.08984375
16 0.5609375 0.73046875 0.09765625 0.05234375
17 0.54296875 0.1171875 0.0640625 0.0703125
17 0.66953125 0.25390625 0.053125 0.0703125
18 0.9046875 0.05546875 0.1 0.05546875
18 0.35859375 0.44296875 0.0578125 0.065625
19 0.5671875 0.8265625 0.0671875 0.06875
19 0.29296875 0.546875 0.0484375 0.075
20 0.546875 0.87421875 0.06953125 0.04140625
20 0.42890625 0.76875 0.053125 0.05078125
21 0.4140625 0.61328125 0.04296875 0.059375
21 0.665625 0.50234375 0.03984375 0.07265625
22 0.6328125 0.54140625 0.08125 0.13203125
23 0.5875 0.1265625 0.046875 0.05703125