0 0.4265625 0.80546875 0.19453125 0.18203125
0 0.46015625 0.9046875 0.19296875 0.14609375
1 0.8453125 0.6953125 0.1578125 0.221875
1 0.5125 0.1921875 0.2265625 0.096875
2 0.82890625 0.61328125 0.1625 0.13046875
2 0.51328125 0.3265625 0.11953125 0.15234375
3 0.25078125 0.8359375 0.0671875 0.1734375
3 0.0921875 0.66796875 0.053125 0.20390625
4 0.11875 0.63515625 0.1921875 0.1203125
4 0.5484375 0.490625 0.1703125 0.06875
8 0.48515625 0.3828125 0.11953125 0.1796875
8 0.8859375 0.48125 0.16484375 0.09921875
9 0.10625 0.371875 0.13828125 0.13984375
9 0.4671875 0.19375 0.15546875 0.10625
10 0.3171875 0.53203125 0.05078125 0.13984375
10 0.30390625 0.76171875 0.0671875 0.10234375
11 0.584375 0.79765625 0.1328125 0.04765625
11 0.47734375 0.58046875 0.08046875 0.096875
5 0.4625 0.53515625 0.053125 0.140625
5 0.5234375 0.35859375 0.09453125 0.09453125
6 0.21015625 0.675 0.0890625 0.12265625
6 0.45859375 0.315625 0.13984375 0.07265625
7 0.5953125 0.36953125 0.13125 0.0671875
7 0.75859375 0.74609375 0.0625 0.12265625
12 0.1484375 0.37265625 0.11171875 0.07890625
12 0.18046875 0.4296875 0.078125 0.096875
13 0.69765625 0.8640625 0.1234375 0.075
13 0.56171875 0.7953125 0.04765625 0.125
14 0.48125 0.7125 0.09375 0.07109375
14 0.61484375 0.7109375 0.04765625 0.1046875
15 0.390625 0.803125 0.0796875 0.05546875
15 0.64375 0.6359375 0.084375 0.06484375
16 0.71875 0.6640625 0.06015625 0.10078125
16 0.23671875 0.296875 0.07734375 0.07890625
17 0.59765625 0.55 0.08203125 0.0515625
17 0.2359375 0.15 0.05234375 0.10078125
18 0.59921875 0.9078125 0.06484375 0.0734375
18 0.4484375 0.79140625 0.06953125 0.0734375
19 0.175 0.48046875 0.07734375 0.04140625
19 0.575 0.634375 0.04609375 0.0828125
20 0.36875 0.5109375 0.0671875 0.0453125
20 0.45 0.85390625 0.0390625 0.06171875
21 0.7984375 0.5625 0.0546875 0.06328125
21 0.3109375 0.9234375 0.06484375 0.0578125
22 0.71484375 0.42578125 0.06015625 0.16640625
23 0.63125 0.6921875 0.0328125 0.06171875