0 0.83671875 0.30625 0.10625 0.1421875
0 0.6125 0.12421875 0.153125 0.1515625
1 0.834375 0.59453125 0.16015625 0.21171875
1 0.5765625 0.446875 0.13125 0.171875
2 0.41640625 0.66953125 0.1859375 0.2
2 0.36953125 0.37578125 0.0765625 0.2140625
3 0.30078125 0.91484375 0.19453125 0.1203125
3 0.34375 0.6578125 0.16953125 0.11484375
4 0.1234375 0.7375 0.21484375 0.07890625
4 0.51953125 0.31953125 0.06640625 0.2484375
8 0.6390625 0.46484375 0.20625 0.03984375
8 0.50078125 0.30546875 0.14140625 0.14375
9 0.70546875 0.446875 0.0765625 0.1921875
9 0.7875 0.45859375 0.125 0.078125
10 0.790625 0.40234375 0.09140625 0.096875
10 0.2640625 0.74765625 0.128125 0.13515625
11 0.28046875 0.6015625 0.075 0.15390625
11 0.75 0.17890625 0.0703125 0.16171875
5 0.41484375 0.8546875 0.14609375 0.0765625
5 0.62109375 0.6359375 0.08125 0.15546875
6 0.2796875 0.634375 0.153125 0.0765625
6 0.8046875 0.18515625 0.071875 0.13828125
7 0.5109375 0.515625 0.08828125 0.13203125
7 0.415625 0.52265625 0.0796875 0.13515625
12 0.353125 0.4703125 0.08828125 0.08984375
12 0.5375 0.6515625 0.10859375 0.08359375
13 0.7109375 0.67109375 0.0546875 0.10546875
13 0.41796875 0.5890625 0.096875 0.103125
14 0.55859375 0.7984375 0.06640625 0.115625
14 0.7890625 0.5890625 0.08828125 0.103125
15 0.621875 0.7375 0.1 0.08984375
15 0.71796875 0.321875 0.09609375 0.05546875
16 0.3015625 0.48515625 0.078125 0.08046875
16 0.8984375 0.35078125 0.06484375 0.0765625
17 0.5046875 0.69140625 0.075 0.0671875
17 0.571875 0.321875 0.06015625 0.07890625
18 0.3640625 0.73125 0.0765625 0.05
18 0.46875 0.78671875 0.0546875 0.0671875
19 0.69609375 0.57734375 0.071875 0.05
19 0.84296875 0.59140625 0.06328125 0.06171875
20 0.34453125 0.621875 0.053125 0.0515625
20 0.66328125 0.43125 0.0515625 0.05703125
21 0.4234375 0.69453125 0.03984375 0.05859375
21 0.58515625 0.45546875 0.0546875 0.06484375
22 0.8390625 0.23671875 0.1578125 0.096875
23 0.6453125 0.53671875 0.053125 0.0546875