0 0.80234375 0.759375 0.21640625 0.13984375
0 0.3671875 0.421875 0.16796875 0.1421875
1 0.3015625 0.65 0.20703125 0.16796875
1 0.840625 0.59921875 0.10078125 0.24765625
2 0.6515625 0.475 0.21640625 0.0578125
2 0.134375 0.75390625 0.071875 0.21796875
3 0.1984375 0.62734375 0.13515625 0.1421875
3 0.61796875 0.32421875 0.096875 0.184375
4 0.509375 0.8578125 0.1078125 0.153125
4 0.4390625 0.8203125 0.15390625 0.1171875
8 0.4109375 0.2453125 0.1578125 0.1359375
8 0.15390625 0.3078125 0.1 0.1828125
9 0.403125 0.74765625 0.1546875 0.07421875
9 0.80078125 0.29921875 0.1 0.0984375
10 0.65390625 0.07109375 0.15078125 0.0890625
10 0.23359375 0.60546875 0.1046875 0.125
11 0.42265625 0.9265625 0.1234375 0.10859375
11 0.5875 0.11484375 0.1296875 0.07109375
5 0.74375 0.39375 0.1171875 0.0859375
5 0.746875 0.634375 0.11015625 0.08046875
6 0.415625 0.525 0.10859375 0.1359375
6 0.5734375 0.83046875 0.1 0.11015625
7 0.2359375 0.3265625 0.10234375 0.115625
7 0.1921875 0.38671875 0.125 0.08359375
12 0.765625 0.440625 0.11171875 0.0671875
12 0.3421875 0.24375 0.1234375 0.06015625
13 0.5859375 0.42578125 0.11171875 0.065625
13 0.7265625 0.2890625 0.075 0.0671875
14 0.50234375 0.58046875 0.05 0.12109375
14 0.6515625 0.5109375 0.10078125 0.08046875
15 0.75859375 0.55390625 0.0734375 0.075
15 0.05703125 0.71640625 0.0828125 0.09921875
16 0.346875 0.565625 0.0796875 0.078125
16 0.92578125 0.17109375 0.090625 0.1140625
17 0.54921875 0.62265625 0.090625 0.06328125
17 0.6625 0.1421875 0.07109375 0.084375
18 0.39140625 0.321875 0.0890625 0.04453125
18 0.278125 0.6875 0.05 0.09296875
19 0.08203125 0.4421875 0.071875 0.059375
19 0.63984375 0.79765625 0.06171875 0.06875
20 0.728125 0.23046875 0.07890625 0.04140625
20 0.5578125 0.30859375 0.06796875 0.065625
21 0.33984375 0.85703125 0.0578125 0.0765625
21 0.046875 0.48515625 0.06953125 0.05625
22 0.78828125 0.13671875 0.1375 0.10078125
23 0.675 0.7703125 0.06171875 0.059375