0 0.38203125 0.3953125 0.0734375 0.29140625
0 0.62265625 0.5015625 0.10625 0.19375
1 0.6796875 0.86953125 0.1640625 0.10859375
1 0.540625 0.30625 0.103125 0.13828125
2 0.140625 0.38828125 0.05703125 0.22421875
2 0.5015625 0.45546875 0.04921875 0.22734375
3 0.13671875 0.41640625 0.1375 0.078125
3 0.6609375 0.67734375 0.10625 0.16796875
4 0.3109375 0.1578125 0.059375 0.22578125
4 0.5734375 0.40859375 0.09296875 0.17890625
8 0.7109375 0.64453125 0.040625 0.184375
8 0.68515625 0.26796875 0.09453125 0.1359375
9 0.30625 0.4296875 0.09296875 0.1625
9 0.81875 0.48984375 0.059375 0.184375
10 0.10234375 0.5125 0.103125 0.11015625
10 0.20234375 0.41328125 0.04375 0.15078125
11 0.50078125 0.69140625 0.103125 0.0765625
11 0.80078125 0.4046875 0.0375 0.15703125
5 0.15546875 0.75390625 0.115625 0.06328125
5 0.33671875 0.553125 0.1109375 0.05390625
6 0.19140625 0.6375 0.04921875 0.1625
6 0.24375 0.64921875 0.1046875 0.10859375
7 0.24140625 0.36953125 0.03671875 0.1640625
7 0.75625 0.5875 0.04375 0.16015625
12 0.5890625 0.7296875 0.04296875 0.1453125
12 0.928125 0.221875 0.05546875 0.14921875
13 0.1296875 0.64921875 0.0734375 0.115625
13 0.4953125 0.49140625 0.08359375 0.08046875
14 0.26953125 0.55625 0.05703125 0.11953125
14 0.90703125 0.51953125 0.0390625 0.13984375
15 0.27109375 0.73359375 0.08359375 0.06328125
15 0.7171875 0.6765625 0.07578125 0.08359375
16 0.475 0.70078125 0.0640625 0.11015625
16 0.671875 0.54296875 0.07421875 0.07109375
17 0.11875 0.69140625 0.06015625 0.09140625
17 0.16875 0.33515625 0.053125 0.0875
18 0.3609375 0.41640625 0.053125 0.09296875
18 0.44609375 0.390625 0.059375 0.0765625
19 0.61875 0.515625 0.04375 0.08359375
19 0.4640625 0.5546875 0.05078125 0.0875
20 0.0953125 0.73359375 0.0515625 0.04453125
20 0.58203125 0.60859375 0.0515625 0.05234375
21 0.328125 0.6484375 0.046875 0.07265625
21 0.409375 0.72578125 0.05703125 0.059375
22 0.6609375 0.76796875 0.11875 0.08046875
23 0.178125 0.81640625 0.05546875 0.05