0 0.39765625 0.690625 0.09609375 0.2953125
0 0.3765625 0.9203125 0.22734375 0.13203125
1 0.73671875 0.26328125 0.234375 0.159375
1 0.57734375 0.42734375 0.20859375 0.209375
2 0.26484375 0.6828125 0.17890625 0.134375
2 0.47734375 0.5203125 0.1390625 0.209375
3 0.5234375 0.68984375 0.14453125 0.19765625
3 0.70546875 0.76171875 0.06875 0.23671875
4 0.22578125 0.2453125 0.16171875 0.190625
4 0.09140625 0.60078125 0.12734375 0.21171875
8 0.41015625 0.38828125 0.1328125 0.1953125
8 0.615625 0.1078125 0.1671875 0.14765625
9 0.73046875 0.62421875 0.06015625 0.2203125
9 0.34765625 0.21015625 0.1171875 0.19765625
10 0.28515625 0.725 0.084375 0.18671875
10 0.2390625 0.8421875 0.07890625 0.184375
11 0.61015625 0.73671875 0.0671875 0.17265625
11 0.709375 0.34921875 0.11015625 0.125
5 0.85390625 0.565625 0.11015625 0.17734375
5 0.36328125 0.8 0.07578125 0.1546875
6 0.36640625 0.36171875 0.1203125 0.16328125
6 0.7703125 0.8796875 0.08125 0.18671875
7 0.509375 0.18828125 0.11015625 0.16796875
7 0.93203125 0.47734375 0.0875 0.2
12 0.83671875 0.4125 0.12734375 0.08828125
12 0.44375 0.48984375 0.1 0.075
13 0.80546875 0.1875 0.08984375 0.15234375
13 0.8234375 0.83515625 0.09453125 0.13828125
14 0.65078125 0.359375 0.09296875 0.12265625
14 0.53046875 0.5921875 0.0515625 0.14765625
15 0.25625 0.3328125 0.1 0.11171875
15 0.73671875 0.60703125 0.10703125 0.08203125
16 0.54375 0.15546875 0.09296875 0.125
16 0.63359375 0.5328125 0.08984375 0.115625
17 0.28515625 0.603125 0.09140625 0.08828125
17 0.10546875 0.496875 0.06015625 0.134375
18 0.4734375 0.21796875 0.07890625 0.109375
18 0.61328125 0.40703125 0.07734375 0.0953125
19 0.6609375 0.67578125 0.0546875 0.11171875
19 0.78046875 0.3671875 0.07734375 0.09296875
20 0.74453125 0.325 0.07734375 0.06796875
20 0.72109375 0.40234375 0.065625 0.08203125
21 0.6296875 0.18046875 0.07890625 0.0703125
21 0.8484375 0.671875 0.05859375 0.10703125
22 0.42578125 0.5703125 0.11171875 0.190625