0 0.54140625 0.84765625 0.13046875 0.08671875
0 0.36953125 0.39453125 0.13203125 0.07265625
1 0.315625 0.17109375 0.13203125 0.09921875
1 0.47421875 0.13203125 0.275 0.0609375
2 0.2125 0.19453125 0.10078125 0.1671875
2 0.44453125 0.11484375 0.26328125 0.06484375
3 0.32265625 0.6015625 0.209375 0.06953125
3 0.15390625 0.3015625 0.234375 0.0734375
4 0.56171875 0.671875 0.209375 0.090625
4 0.92109375 0.43671875 0.1203125 0.0671875
8 0.4671875 0.6546875 0.1578125 0.071875
8 0.5515625 0.490625 0.2296875 0.03828125
9 0.64375 0.85546875 0.075 0.0609375
9 0.4859375 0.621875 0.1578125 0.0765625
10 0.6671875 0.9359375 0.10234375 0.08984375
10 0.6390625 0.4828125 0.1859375 0.06328125
11 0.7515625 0.684375 0.1125 0.08984375
11 0.7125 0.41484375 0.15546875 0.06640625
5 0.75859375 0.68203125 0.1375 0.05546875
5 0.7203125 0.51953125 0.13046875 0.09140625
6 0.58828125 0.2421875 0.13046875 0.04453125
6 0.39296875 0.14140625 0.08203125 0.11875
7 0.48203125 0.76875 0.15390625 0.06640625
7 0.63203125 0.44375 0.0921875 0.059375
12 0.6015625 0.60234375 0.1140625 0.04609375
12 0.8015625 0.5703125 0.12890625 0.04609375
13 0.63828125 0.7984375 0.07734375 0.07890625
13 0.20625 0.5421875 0.0703125 0.0765625
14 0.60859375 0.753125 0.071875 0.1078125
14 0.45859375 0.4484375 0.13046875 0.05859375
15 0.71328125 0.5796875 0.05703125 0.0765625
15 0.240625 0.3578125 0.07890625 0.07890625
16 0.3984375 0.88984375 0.06015625 0.078125
16 0.65859375 0.53125 0.096875 0.06953125
17 0.52421875 0.05 0.05390625 0.071875
17 0.47734375 0.8765625 0.08671875 0.05859375
18 0.4765625 0.9296875 0.10234375 0.040625
18 0.446875 0.4546875 0.096875 0.04296875
19 0.44921875 0.890625 0.06015625 0.05234375
19 0.67734375 0.69140625 0.065625 0.05
20 0.565625 0.709375 0.05546875 0.03984375
20 0.75234375 0.59921875 0.0671875 0.0265625
21 0.56953125 0.53046875 0.07734375 0.040625
21 0.4390625 0.2078125 0.10078125 0.02421875
22 0.72890625 0.640625 0.15078125 0.0671875
22 0.49375 0.553125 0.09375 0.08828125