0 0.82265625 0.403125 0.2875 0.14453125
0 0.50625 0.115625 0.28359375 0.1046875
1 0.121875 0.38671875 0.14921875 0.0859375
1 0.7375 0.08671875 0.19453125 0.08046875
2 0.66328125 0.940625 0.16171875 0.10703125
2 0.46484375 0.4328125 0.14140625 0.1421875
3 0.57890625 0.37734375 0.196875 0.08984375
3 0.50234375 0.07421875 0.2125 0.10703125
4 0.4625 0.5703125 0.20078125 0.075
4 0.7921875 0.59140625 0.11640625 0.0796875
8 0.77421875 0.14140625 0.16328125 0.08828125
8 0.77265625 0.1671875 0.1671875 0.08046875
9 0.825 0.503125 0.121875 0.10078125
9 0.17109375 0.21953125 0.24375 0.04609375
10 0.5828125 0.4328125 0.1734375 0.0578125
10 0.13125 0.29609375 0.07265625 0.1015625
11 0.66796875 0.4734375 0.14375 0.078125
11 0.59140625 0.19140625 0.14765625 0.08359375
5 0.70859375 0.61171875 0.165625 0.06953125
5 0.75390625 0.40390625 0.10625 0.0765625
6 0.4328125 0.27421875 0.18125 0.0296875
6 0.6578125 0.22890625 0.06328125 0.10390625
7 0.52421875 0.88046875 0.2109375 0.04609375
7 0.55703125 0.1328125 0.11015625 0.08203125
12 0.46875 0.309375 0.14140625 0.03984375
12 0.35703125 0.2125 0.13203125 0.05390625
13 0.921875 0.475 0.07265625 0.09296875
13 0.2171875 0.30546875 0.08828125 0.0828125
14 0.49296875 0.24609375 0.159375 0.0296875
14 0.69765625 0.115625 0.0765625 0.0828125
15 0.640625 0.5625 0.084375 0.06875
15 0.80625 0.465625 0.0609375 0.071875
16 0.6828125 0.546875 0.09453125 0.06640625
16 0.3890625 0.32890625 0.11640625 0.04765625
17 0.59921875 0.3015625 0.0765625 0.06171875
17 0.2765625 0.30234375 0.05703125 0.0609375
18 0.75078125 0.34140625 0.08046875 0.04609375
18 0.8671875 0.140625 0.04921875 0.05859375
19 0.8703125 0.5609375 0.059375 0.05390625
19 0.340625 0.1640625 0.059375 0.05390625
20 0.34375 0.35234375 0.06875 0.03515625
20 0.20859375 0.26484375 0.05546875 0.04609375
21 0.67734375 0.303125 0.075 0.03984375
21 0.353125 0.240625 0.09609375 0.03203125
22 0.6703125 0.509375 0.1828125 0.06875
23 0.54921875 0.52109375 0.07890625 0.0390625