0 0.640625 0.72421875 0.12734375 0.14453125
0 0.58671875 0.425 0.06640625 0.1796875
1 0.60078125 0.534375 0.1265625 0.13828125
1 0.1 0.3625 0.090625 0.17265625
2 0.81796875 0.46484375 0.08828125 0.12578125
2 0.0953125 0.52109375 0.10859375 0.0828125
3 0.55234375 0.34453125 0.1109375 0.08828125
3 0.20625 0.3203125 0.07890625 0.13671875
4 0.47265625 0.084375 0.10234375 0.09140625
4 0.32734375 0.859375 0.1171875 0.075
8 0.521875 0.178125 0.1125 0.06953125
8 0.709375 0.546875 0.06640625 0.13125
9 0.22109375 0.83125 0.084375 0.11015625
9 0.1859375 0.7015625 0.05 0.12734375
10 0.4203125 0.34140625 0.07734375 0.103125
10 0.70234375 0.30859375 0.10390625 0.05078125
11 0.1421875 0.61328125 0.0703125 0.10859375
11 0.46640625 0.6671875 0.07734375 0.0953125
5 0.45625 0.58046875 0.05 0.10703125
5 0.76328125 0.4859375 0.04140625 0.10859375
6 0.38984375 0.17734375 0.07734375 0.08203125
6 0.62109375 0.79921875 0.090625 0.0640625
7 0.64921875 0.63125 0.09140625 0.05625
7 0.23125 0.528125 0.06875 0.0859375
12 0.41171875 0.6921875 0.0640625 0.084375
12 0.3328125 0.94375 0.08671875 0.05078125
13 0.66640625 0.4390625 0.07421875 0.07109375
13 0.47421875 0.7796875 0.0484375 0.0921875
14 0.296875 0.26484375 0.05 0.09765625
14 0.41328125 0.8875 0.07734375 0.0484375
15 0.53828125 0.8328125 0.0703125 0.05078125
15 0.26484375 0.45078125 0.06875 0.06328125
16 0.48125 0.27890625 0.0640625 0.0640625
16 0.84453125 0.48515625 0.04609375 0.08046875
17 0.44140625 0.8203125 0.04375 0.07265625
17 0.44921875 0.2140625 0.0640625 0.06015625
18 0.4796875 0.35078125 0.04375 0.065625
18 0.153125 0.4796875 0.05078125 0.0640625
19 0.40703125 0.83984375 0.05234375 0.06015625
19 0.578125 0.1453125 0.0578125 0.06015625
20 0.96484375 0.453125 0.05 0.0640625
20 0.52109375 0.296875 0.034375 0.0578125
21 0.52109375 0.78515625 0.05546875 0.04140625
21 0.5609375 0.76640625 0.04375 0.0546875
22 0.5828125 0.2375 0.0859375 0.1015625
23 0.51328125 0.8703125 0.06015625 0.0484375