0 0.6515625 0.565625 0.09921875 0.2125
0 0.596875 0.3578125 0.1734375 0.07734375
1 0.3875 0.3734375 0.2171875 0.1046875
1 0.3921875 0.21328125 0.27109375 0.109375
2 0.75625 0.55703125 0.14921875 0.1046875
2 0.23671875 0.65 0.06796875 0.18046875
3 0.23203125 0.3578125 0.08984375 0.15859375
3 0.6109375 0.31640625 0.1296875 0.14296875
4 0.63046875 0.69296875 0.209375 0.07109375
4 0.4921875 0.2296875 0.1875 0.10078125
8 0.6703125 0.7546875 0.20546875 0.0921875
8 0.7109375 0.2609375 0.071875 0.13671875
9 0.74140625 0.65 0.18359375 0.0671875
9 0.3609375 0.64140625 0.0953125 0.13984375
10 0.596875 0.91015625 0.17734375 0.09453125
10 0.425 0.46171875 0.165625 0.046875
11 0.45703125 0.896875 0.15703125 0.0625
11 0.5734375 0.46875 0.16328125 0.08046875
5 0.709375 0.3484375 0.14375 0.07890625
5 0.51015625 0.1015625 0.16328125 0.0625
6 0.60546875 0.8 0.175 0.04375
6 0.440625 0.14609375 0.1078125 0.090625
7 0.4171875 0.5859375 0.1171875 0.1109375
7 0.590625 0.26328125 0.1015625 0.103125
12 0.7609375 0.61328125 0.09921875 0.07734375
12 0.1953125 0.603125 0.071875 0.103125
13 0.475 0.52265625 0.065625 0.0921875
13 0.61328125 0.15546875 0.13125 0.0453125
14 0.26796875 0.48046875 0.05390625 0.0921875
14 0.1984375 0.484375 0.09375 0.07421875
15 0.28984375 0.684375 0.0578125 0.08046875
15 0.54609375 0.48046875 0.06796875 0.0828125
16 0.34375 0.43203125 0.109375 0.03671875
16 0.78515625 0.240625 0.071875 0.090625
17 0.46484375 0.7765625 0.09375 0.06875
17 0.55 0.24765625 0.0875 0.046875
18 0.565625 0.58046875 0.08359375 0.0671875
18 0.38046875 0.7125 0.06796875 0.0703125
19 0.2828125 0.56484375 0.0640625 0.06875
19 0.7359375 0.2984375 0.06953125 0.05703125
20 0.49296875 0.31640625 0.0578125 0.05234375
20 0.43828125 0.228125 0.0640625 0.0390625
21 0.45546875 0.2984375 0.0578125 0.05703125
21 0.4421875 0.2828125 0.09140625 0.040625
22 0.3984375 0.353125 0.1390625 0.07265625
22 0.38515625 0.26953125 0.06171875 0.1140625