0 0.746875 0.67109375 0.1109375 0.21328125
0 0.21640625 0.45625 0.20703125 0.115625
1 0.775 0.78828125 0.209375 0.2046875
1 0.5875 0.11171875 0.24140625 0.12265625
2 0.3859375 0.80703125 0.203125 0.134375
2 0.45390625 0.5125 0.2109375 0.084375
3 0.140625 0.740625 0.16015625 0.16953125
3 0.56484375 0.21953125 0.21484375 0.06875
4 0.59296875 0.58828125 0.06015625 0.2015625
4 0.45390625 0.58125 0.14296875 0.1578125
8 0.3109375 0.60859375 0.18828125 0.1140625
8 0.21484375 0.3140625 0.146875 0.09765625
9 0.6203125 0.48984375 0.05859375 0.16328125
9 0.4546875 0.33671875 0.0734375 0.14296875
10 0.3171875 0.7109375 0.15234375 0.0671875
10 0.45546875 0.4625 0.15078125 0.04375
11 0.5234375 0.35234375 0.07890625 0.1328125
11 0.5234375 0.175 0.16953125 0.06015625
5 0.89140625 0.5765625 0.11484375 0.14140625
5 0.3734375 0.37890625 0.14140625 0.0859375
6 0.35234375 0.30703125 0.14296875 0.06875
6 0.68828125 0.3859375 0.15234375 0.0921875
7 0.42109375 0.9109375 0.15234375 0.0875
7 0.734375 0.26015625 0.0640625 0.1546875
12 0.15703125 0.6171875 0.0625 0.1140625
12 0.60390625 0.3875 0.09609375 0.0859375
13 0.74296875 0.5375 0.1296875 0.06015625
13 0.321875 0.2625 0.09765625 0.0703125
14 0.15234375 0.7375 0.10546875 0.084375
14 0.28359375 0.67421875 0.06953125 0.1140625
15 0.33203125 0.8234375 0.07734375 0.09375
15 0.303125 0.425 0.04140625 0.1140625
16 0.48203125 0.60234375 0.1203125 0.05234375
16 0.65234375 0.28671875 0.11875 0.03515625
17 0.228125 0.77578125 0.07890625 0.0859375
17 0.51484375 0.87109375 0.07734375 0.07578125
18 0.19765625 0.46484375 0.05625 0.07578125
18 0.325 0.5234375 0.084375 0.05234375
19 0.20625 0.6140625 0.06953125 0.05546875
19 0.3953125 0.59609375 0.04921875 0.07578125
20 0.1890625 0.853125 0.07734375 0.0484375
20 0.67109375 0.434375 0.04296875 0.07578125
21 0.38515625 0.43125 0.08125 0.05546875
21 0.565625 0.26171875 0.08125 0.0484375
22 0.67890625 0.53046875 0.1296875 0.13984375
22 0.67734375 0.33984375 0.16796875 0.0671875