0 0.603125 0.8328125 0.16015625 0.1890625
0 0.52578125 0.334375 0.071875 0.28984375
1 0.92421875 0.45546875 0.08984375 0.28984375
1 0.5203125 0.83359375 0.22734375 0.1875
2 0.07734375 0.7609375 0.0796875 0.22734375
2 0.4109375 0.33828125 0.2203125 0.0625
3 0.78984375 0.15546875 0.1484375 0.16875
3 0.4484375 0.2859375 0.0796875 0.2171875
4 0.2625 0.82734375 0.19140625 0.0921875
4 0.559375 0.76484375 0.0703125 0.1859375
8 0.1796875 0.609375 0.140625 0.16640625
8 0.25625 0.9375 0.1859375 0.0796875
9 0.725 0.75078125 0.08359375 0.16484375
9 0.4703125 0.2328125 0.15703125 0.05546875
10 0.16875 0.4765625 0.0671875 0.1578125
10 0.6359375 0.3390625 0.14375 0.05
11 0.5125 0.55703125 0.109375 0.10078125
11 0.34453125 0.5515625 0.134375 0.0640625
5 0.32421875 0.28984375 0.1125 0.121875
5 0.3515625 0.08359375 0.1375 0.0796875
6 0.2375 0.50859375 0.08671875 0.13203125
6 0.1296875 0.8796875 0.0703125 0.16875
7 0.4203125 0.8125 0.1375 0.125
7 0.440625 0.56953125 0.0640625 0.153125
12 0.68671875 0.1640625 0.0703125 0.1125
12 0.884375 0.6609375 0.1140625 0.10625
13 0.653125 0.2859375 0.10625 0.075
13 0.834375 0.30625 0.103125 0.10234375
14 0.64375 0.2046875 0.08203125 0.1109375
14 0.7578125 0.5859375 0.05546875 0.11640625
15 0.23046875 0.76796875 0.075 0.08828125
15 0.82578125 0.60078125 0.06015625 0.10390625
16 0.096875 0.63828125 0.0765625 0.0921875
16 0.80234375 0.5078125 0.06875 0.0921875
17 0.14453125 0.63046875 0.0796875 0.0796875
17 0.64296875 0.43984375 0.09609375 0.046875
18 0.53125 0.65 0.05546875 0.08125
18 0.55234375 0.9453125 0.09140625 0.0609375
19 0.67734375 0.675 0.05078125 0.090625
19 0.95703125 0.38125 0.0640625 0.08515625
20 0.49921875 0.72421875 0.0671875 0.0484375
20 0.715625 0.4875 0.05234375 0.059375
21 0.38828125 0.5046875 0.06015625 0.0609375
21 0.5765625 0.60625 0.0359375 0.06953125
22 0.7734375 0.7671875 0.06015625 0.15625
22 0.29140625 0.80546875 0.0796875 0.18046875