0 0.83515625 0.5203125 0.14140625 0.19296875
0 0.24375 0.296875 0.18125 0.184375
1 0.4734375 0.86953125 0.18515625 0.23671875
1 0.1671875 0.48125 0.26953125 0.12265625
2 0.84453125 0.7171875 0.190625 0.1609375
2 0.1828125 0.66171875 0.090625 0.24296875
3 0.7640625 0.80703125 0.12421875 0.0921875
3 0.33984375 0.3984375 0.09453125 0.246875
4 0.89921875 0.590625 0.15625 0.128125
4 0.22734375 0.47421875 0.2171875 0.0765625
8 0.81484375 0.10546875 0.18125 0.11484375
8 0.3046875 0.07734375 0.14921875 0.11875
9 0.41875 0.59375 0.13203125 0.10625
9 0.696875 0.09453125 0.15625 0.1484375
10 0.35859375 0.73828125 0.12109375 0.1546875
10 0.6 0.67578125 0.15859375 0.12265625
11 0.4921875 0.425 0.1015625 0.12265625
11 0.1578125 0.25625 0.09609375 0.15859375
5 0.778125 0.2703125 0.16796875 0.10625
5 0.64140625 0.7703125 0.07890625 0.175
6 0.5125 0.24765625 0.16015625 0.08671875
6 0.36875 0.18359375 0.14921875 0.10625
7 0.846875 0.69453125 0.1625 0.10078125
7 0.82578125 0.38046875 0.16796875 0.08671875
12 0.6875 0.1890625 0.1375 0.06015625
12 0.51640625 0.16796875 0.1109375 0.09453125
13 0.40546875 0.39140625 0.09453125 0.0921875
13 0.51875 0.59921875 0.07578125 0.090625
14 0.42421875 0.09921875 0.1171875 0.12265625
14 0.7234375 0.3875 0.08515625 0.128125
15 0.11796875 0.3921875 0.1109375 0.08671875
15 0.290625 0.12734375 0.0828125 0.11015625
16 0.65078125 0.56953125 0.090625 0.10625
16 0.928125 0.5 0.12109375 0.0765625
17 0.52890625 0.76328125 0.1078125 0.0765625
17 0.14453125 0.66328125 0.1 0.05390625
18 0.60859375 0.87421875 0.09609375 0.07421875
18 0.2765625 0.30390625 0.0625 0.090625
19 0.27890625 0.559375 0.08671875 0.0625
19 0.5890625 0.18359375 0.05625 0.09453125
20 0.35 0.21484375 0.05078125 0.06796875
20 0.39921875 0.33671875 0.0625 0.0703125
21 0.42578125 0.45859375 0.08125 0.05
21 0.4765625 0.4359375 0.06640625 0.05625
22 0.5828125 0.10078125 0.1734375 0.06015625
23 0.48046875 0.48984375 0.06640625 0.06015625