0 0.18046875 0.5390625 0.1828125 0.2265625
0 0.55 0.8203125 0.12890625 0.19453125
1 0.37421875 0.7078125 0.19375 0.1375
1 0.76796875 0.66015625 0.134375 0.14921875
2 0.353125 0.38125 0.1484375 0.19765625
2 0.2734375 0.3953125 0.13046875 0.10546875
3 0.2671875 0.8671875 0.171875 0.14765625
3 0.5421875 0.81875 0.2296875 0.08046875
4 0.384375 0.23359375 0.20625 0.09765625
4 0.61484375 0.7828125 0.13203125 0.19609375
8 0.81953125 0.25 0.20078125 0.1140625
8 0.61796875 0.92109375 0.20625 0.1375
9 0.63203125 0.07890625 0.115625 0.1578125
9 0.7765625 0.39921875 0.125 0.16796875
10 0.35859375 0.5109375 0.16328125 0.06875
10 0.5953125 0.53125 0.1140625 0.14296875
11 0.67109375 0.3078125 0.08515625 0.1328125
11 0.25 0.8484375 0.15234375 0.06875
5 0.53046875 0.24140625 0.1234375 0.12421875
5 0.19765625 0.65078125 0.10859375 0.15078125
6 0.07890625 0.93515625 0.11796875 0.1125
6 0.59140625 0.17109375 0.16875 0.0671875
7 0.41328125 0.834375 0.134375 0.12578125
7 0.13984375 0.82734375 0.1234375 0.12109375
12 0.4109375 0.31015625 0.06875 0.1109375
12 0.47734375 0.3234375 0.12890625 0.046875
13 0.640625 0.425 0.125 0.07578125
13 0.56484375 0.6546875 0.1265625 0.0671875
14 0.3640625 0.71484375 0.1375 0.05390625
14 0.478125 0.434375 0.1015625 0.090625
15 0.55859375 0.58828125 0.0921875 0.0859375
15 0.5453125 0.3390625 0.08359375 0.09765625
16 0.36015625 0.5546875 0.090625 0.0890625
16 0.26875 0.496875 0.078125 0.10390625
17 0.56015625 0.26171875 0.09453125 0.0734375
17 0.9 0.3296875 0.10859375 0.0859375
18 0.715625 0.6625 0.08359375 0.0734375
18 0.421875 0.38515625 0.08359375 0.05234375
19 0.490625 0.7390625 0.06875 0.071875
19 0.5828125 0.3796875 0.0890625 0.06875
20 0.7875 0.765625 0.0703125 0.071875
20 0.53203125 0.45703125 0.0703125 0.05234375
21 0.44296875 0.54375 0.06015625 0.0703125
21 0.59609375 0.4578125 0.08359375 0.046875
22 0.43515625 0.59296875 0.15546875 0.09921875
23 0.70078125 0.509375 0.0796875 0.05859375