0 0.33671875 0.4140625 0.203125 0.17421875
0 0.2625 0.6640625 0.17890625 0.22890625
1 0.80234375 0.46171875 0.1703125 0.12734375
1 0.14296875 0.72109375 0.05703125 0.234375
2 0.67578125 0.80546875 0.171875 0.08828125
2 0.76171875 0.31875 0.1453125 0.18359375
3 0.63046875 0.7703125 0.11484375 0.1859375
3 0.2171875 0.44453125 0.1640625 0.0671875
4 0.8515625 0.78359375 0.1125 0.0921875
4 0.7703125 0.41015625 0.13359375 0.1671875
8 0.70546875 0.15390625 0.090625 0.16484375
8 0.23515625 0.6859375 0.13984375 0.0734375
9 0.85703125 0.35546875 0.096875 0.17109375
9 0.19921875 0.396875 0.046875 0.2234375
10 0.5546875 0.525 0.0875 0.1390625
10 0.77734375 0.621875 0.1171875 0.103125
11 0.5484375 0.16953125 0.059375 0.17109375
11 0.19921875 0.20625 0.10703125 0.14296875
5 0.34765625 0.4171875 0.09453125 0.1296875
5 0.42265625 0.8046875 0.11484375 0.09765625
6 0.45859375 0.503125 0.05703125 0.16875
6 0.90703125 0.696875 0.11015625 0.11796875
7 0.6203125 0.1828125 0.07421875 0.17109375
7 0.5859375 0.42890625 0.1265625 0.06171875
12 0.38671875 0.65390625 0.10390625 0.0734375
12 0.8375 0.65703125 0.07734375 0.09765625
13 0.07421875 0.63046875 0.07578125 0.13125
13 0.77109375 0.71640625 0.090625 0.0859375
14 0.57734375 0.9234375 0.04140625 0.14609375
14 0.43359375 0.746875 0.0875 0.09765625
15 0.528125 0.709375 0.053125 0.07890625
15 0.53515625 0.86171875 0.04765625 0.1140625
16 0.3796875 0.58828125 0.07734375 0.08828125
16 0.515625 0.534375 0.05390625 0.0640625
17 0.56171875 0.61796875 0.05546875 0.103125
17 0.59921875 0.3765625 0.07421875 0.065625
18 0.0671875 0.48125 0.04921875 0.1109375
18 0.2484375 0.6265625 0.04140625 0.09765625
19 0.1359375 0.2390625 0.06171875 0.0921875
19 0.571875 0.25859375 0.06328125 0.0828125
20 0.3203125 0.37265625 0.0515625 0.05078125
20 0.60703125 0.51015625 0.0328125 0.0828125
21 0.365625 0.5265625 0.04921875 0.065625
21 0.66015625 0.478125 0.0578125 0.06015625
22 0.3375 0.84140625 0.0921875 0.1140625
22 0.7203125 0.359375 0.11484375 0.10703125