0 0.08515625 0.8609375 0.134375 0.1578125
0 0.40234375 0.3796875 0.1921875 0.06953125
1 0.3421875 0.8796875 0.0765625 0.146875
1 0.1609375 0.63828125 0.08984375 0.2171875
2 0.65390625 0.590625 0.15 0.07421875
2 0.52734375 0.63984375 0.1515625 0.1265625
3 0.57421875 0.09609375 0.1140625 0.13203125
3 0.39375 0.80859375 0.0484375 0.16171875
4 0.71953125 0.4625 0.14921875 0.0984375
4 0.36015625 0.33671875 0.12265625 0.0890625
8 0.61015625 0.390625 0.1625 0.03984375
8 0.57109375 0.5828125 0.1546875 0.05390625
9 0.26171875 0.8640625 0.05546875 0.1390625
9 0.56953125 0.16796875 0.1390625 0.08203125
10 0.42578125 0.65859375 0.12578125 0.059375
10 0.29140625 0.90546875 0.13046875 0.046875
11 0.68125 0.47421875 0.065625 0.121875
11 0.475 0.56640625 0.08359375 0.10078125
5 0.35390625 0.55859375 0.10078125 0.10703125
5 0.1828125 0.8703125 0.0359375 0.13359375
6 0.684375 0.39140625 0.125 0.059375
6 0.2140625 0.75078125 0.04453125 0.1234375
7 0.75546875 0.51171875 0.11171875 0.09140625
7 0.39140625 0.69921875 0.11484375 0.05390625
12 0.1484375 0.396875 0.103125 0.04921875
12 0.61875 0.45234375 0.07265625 0.05
13 0.5421875 0.2921875 0.06015625 0.09375
13 0.06796875 0.859375 0.04375 0.109375
14 0.58671875 0.49921875 0.08125 0.0625
14 0.2703125 0.9484375 0.08203125 0.05390625
15 0.225 0.325 0.05078125 0.08125
15 0.5875 0.16953125 0.065625 0.07890625
16 0.59921875 0.32421875 0.04609375 0.084375
16 0.32734375 0.32890625 0.08125 0.059375
17 0.46328125 0.7296875 0.07109375 0.0546875
17 0.44765625 0.86953125 0.0484375 0.071875
18 0.36015625 0.46484375 0.05 0.0640625
18 0.5953125 0.396875 0.0375 0.0671875
19 0.49453125 0.3359375 0.05 0.059375
19 0.42890625 0.56015625 0.07109375 0.03515625
20 0.4015625 0.60390625 0.059375 0.04375
20 0.4765625 0.50078125 0.046875 0.05703125
21 0.41953125 0.50703125 0.059375 0.03984375
21 0.278125 0.68671875 0.0328125 0.05859375
22 0.39921875 0.81953125 0.12109375 0.09375
23 0.53125 0.53125 0.046875 0.05390625