0 0.4484375 0.7671875 0.21484375 0.1953125
0 0.56015625 0.21875 0.11640625 0.15859375
1 0.63359375 0.478125 0.09609375 0.2453125
1 0.815625 0.3515625 0.22265625 0.0515625
2 0.64921875 0.8203125 0.20234375 0.11015625
2 0.6859375 0.2578125 0.15234375 0.11484375
3 0.82421875 0.2140625 0.0890625 0.14921875
3 0.6734375 0.49453125 0.14609375 0.11015625
4 0.64140625 0.6734375 0.1703125 0.07578125
4 0.51640625 0.9015625 0.1875 0.0515625
8 0.6359375 0.921875 0.18046875 0.08203125
8 0.5859375 0.52734375 0.12421875 0.11328125
9 0.5375 0.43046875 0.12421875 0.11171875
9 0.4859375 0.35625 0.15078125 0.0578125
10 0.07109375 0.584375 0.0796875 0.15390625
10 0.14140625 0.453125 0.078125 0.13984375
11 0.51015625 0.15234375 0.11328125 0.10859375
11 0.5046875 0.5640625 0.1265625 0.07578125
5 0.465625 0.46015625 0.1078125 0.12265625
5 0.38828125 0.465625 0.071875 0.13671875
6 0.37109375 0.353125 0.05703125 0.14765625
6 0.65625 0.76015625 0.11640625 0.11640625
7 0.35390625 0.6484375 0.13515625 0.07890625
7 0.65390625 0.06796875 0.128125 0.05625
12 0.8640625 0.60546875 0.09453125 0.08671875
12 0.78671875 0.73671875 0.05390625 0.12578125
13 0.88125 0.26484375 0.09140625 0.07890625
13 0.8140625 0.403125 0.10390625 0.0609375
14 0.675 0.74609375 0.10546875 0.08203125
14 0.68828125 0.5640625 0.04609375 0.10703125
15 0.765625 0.58671875 0.09609375 0.05625
15 0.75390625 0.47578125 0.08203125 0.06640625
16 0.88046875 0.34296875 0.05 0.10859375
16 0.89296875 0.53046875 0.09296875 0.06953125
17 0.48203125 0.80390625 0.08359375 0.0515625
17 0.625 0.26484375 0.07578125 0.0484375
18 0.83515625 0.46328125 0.06171875 0.06328125
18 0.775 0.44921875 0.06640625 0.0484375
19 0.73046875 0.3109375 0.06484375 0.05
19 0.16640625 0.46796875 0.0390625 0.08515625
20 0.7453125 0.72109375 0.0515625 0.06953125
20 0.51640625 0.33515625 0.04453125 0.05
21 0.8890625 0.46953125 0.06171875 0.06640625
21 0.8453125 0.515625 0.0609375 0.05625
22 0.5671875 0.7328125 0.11640625 0.10859375
22 0.79140625 0.36640625 0.0578125 0.15546875