0 0.45625 0.69921875 0.25859375 0.08359375
0 0.2828125 0.478125 0.17578125 0.1421875
1 0.51875 0.83828125 0.2390625 0.140625
1 0.7328125 0.3921875 0.17578125 0.16171875
2 0.3125 0.775 0.22578125 0.08359375
2 0.584375 0.190625 0.265625 0.05625
3 0.3859375 0.88203125 0.07421875 0.15234375
3 0.4859375 0.17890625 0.22578125 0.0953125
4 0.375 0.1328125 0.184375 0.1171875
4 0.32421875 0.675 0.096875 0.134375
8 0.74921875 0.7234375 0.125 0.10546875
8 0.21796875 0.19140625 0.16875 0.08046875
9 0.4921875 0.11640625 0.18203125 0.0953125
9 0.34296875 0.28125 0.190625 0.0859375
10 0.73046875 0.35625 0.0703125 0.11875
10 0.23046875 0.49453125 0.1796875 0.06796875
11 0.765625 0.8078125 0.10078125 0.1109375
11 0.19921875 0.22109375 0.0703125 0.11171875
5 0.63046875 0.26875 0.16015625 0.10546875
5 0.75859375 0.58828125 0.153125 0.09140625
6 0.89765625 0.56015625 0.13828125 0.10703125
6 0.60078125 0.7515625 0.07890625 0.10546875
7 0.31171875 0.6 0.1578125 0.08046875
7 0.1 0.221875 0.059375 0.115625
12 0.51171875 0.6171875 0.1734375 0.0703125
12 0.66875 0.79921875 0.10078125 0.07578125
13 0.434375 0.2796875 0.13125 0.08046875
13 0.540625 0.0640625 0.13359375 0.05078125
14 0.771875 0.6 0.1140625 0.08046875
14 0.36328125 0.36484375 0.07265625 0.08828125
15 0.7125 0.553125 0.10078125 0.07578125
15 0.74765625 0.25625 0.12734375 0.04140625
16 0.24765625 0.7078125 0.065625 0.0796875
16 0.2578125 0.428125 0.1421875 0.04140625
17 0.69375 0.515625 0.11640625 0.0546875
17 0.159375 0.43828125 0.09453125 0.06640625
18 0.5703125 0.80859375 0.0921875 0.0625
18 0.36171875 0.603125 0.10078125 0.03671875
19 0.26953125 0.26640625 0.10078125 0.0453125
19 0.21015625 0.1359375 0.07421875 0.0484375
20 0.78046875 0.5453125 0.0875 0.040625
20 0.80078125 0.4890625 0.096875 0.04296875
21 0.61171875 0.61875 0.0875 0.05625
21 0.23125 0.1046875 0.06328125 0.0640625
22 0.66484375 0.73203125 0.07421875 0.1171875
22 0.70078125 0.3890625 0.146875 0.11953125