0 0.0828125 0.525 0.14765625 0.20546875
0 0.2484375 0.1359375 0.19765625 0.21796875
1 0.409375 0.725 0.2671875 0.13828125
1 0.89140625 0.75078125 0.1390625 0.13984375
2 0.27109375 0.54140625 0.1296875 0.225
2 0.67109375 0.1578125 0.15625 0.11015625
3 0.803125 0.734375 0.16171875 0.1203125
3 0.85390625 0.61328125 0.17109375 0.134375
4 0.50859375 0.30234375 0.1640625 0.19296875
4 0.628125 0.35390625 0.10703125 0.20390625
8 0.49609375 0.87890625 0.14609375 0.146875
8 0.85234375 0.33828125 0.08203125 0.18046875
9 0.8484375 0.3625 0.17421875 0.09375
9 0.2546875 0.3296875 0.12421875 0.1984375
10 0.7234375 0.515625 0.11953125 0.12421875
10 0.26484375 0.41484375 0.14921875 0.12421875
11 0.86484375 0.52734375 0.1390625 0.065625
11 0.55546875 0.40390625 0.13203125 0.1171875
5 0.85625 0.51875 0.103125 0.13671875
5 0.6265625 0.5140625 0.103125 0.15625
6 0.68515625 0.759375 0.103125 0.1328125
6 0.32578125 0.66171875 0.15625 0.07421875
7 0.721875 0.69921875 0.06953125 0.146875
7 0.41015625 0.8609375 0.11953125 0.1328125
12 0.53828125 0.8328125 0.1046875 0.065625
12 0.384375 0.25546875 0.05703125 0.1421875
13 0.31328125 0.1890625 0.1421875 0.06171875
13 0.53125 0.534375 0.09453125 0.11171875
14 0.44453125 0.559375 0.06015625 0.13984375
14 0.79375 0.6359375 0.11015625 0.08671875
15 0.24453125 0.5234375 0.090625 0.09921875
15 0.48671875 0.27421875 0.0625 0.11875
16 0.93046875 0.63125 0.10703125 0.0671875
16 0.6921875 0.2765625 0.1171875 0.05
17 0.56484375 0.49765625 0.08359375 0.08359375
17 0.49296875 0.67265625 0.09609375 0.04765625
18 0.42109375 0.2 0.0515625 0.0921875
18 0.790625 0.59609375 0.09453125 0.05703125
19 0.5515625 0.76328125 0.075 0.0765625
19 0.38828125 0.89375 0.08515625 0.05
20 0.7 0.3765625 0.07265625 0.06171875
20 0.6546875 0.90390625 0.06015625 0.08515625
21 0.38359375 0.3734375 0.08359375 0.06171875
21 0.7171875 0.325 0.075 0.0546875
22 0.28828125 0.38828125 0.17109375 0.1171875
23 0.5703125 0.290625 0.05546875 0.053125