0 0.76171875 0.73515625 0.09375 0.196875
0 0.45078125 0.11875 0.22421875 0.11875
1 0.340625 0.775 0.0546875 0.33046875
1 0.4890625 0.86328125 0.17265625 0.146875
2 0.3890625 0.5453125 0.1546875 0.1296875
2 0.3125 0.49296875 0.16328125 0.11875
3 0.45703125 0.60234375 0.12578125 0.11484375
3 0.13125 0.76640625 0.18125 0.084375
4 0.58984375 0.14921875 0.08203125 0.2140625
4 0.89296875 0.503125 0.0796875 0.18359375
8 0.75 0.35390625 0.04453125 0.2296875
8 0.63828125 0.2 0.15078125 0.13203125
9 0.53046875 0.19296875 0.04453125 0.23359375
9 0.8875 0.28203125 0.10390625 0.146875
10 0.32578125 0.24453125 0.10625 0.10703125
10 0.65859375 0.3671875 0.12265625 0.11484375
11 0.62109375 0.640625 0.0609375 0.14921875
11 0.79375 0.59921875 0.08359375 0.1546875
5 0.4375 0.146875 0.07578125 0.1875
5 0.24453125 0.36640625 0.11171875 0.09765625
6 0.25703125 0.8546875 0.13828125 0.0765625
6 0.928125 0.47421875 0.065625 0.1375
7 0.70390625 0.8671875 0.0875 0.1625
7 0.75703125 0.4984375 0.13046875 0.078125
12 0.4390625 0.653125 0.06484375 0.09375
12 0.6125 0.9234375 0.0734375 0.0953125
13 0.87734375 0.3765625 0.09609375 0.0609375
13 0.49375 0.34609375 0.09765625 0.05703125
14 0.55234375 0.71640625 0.06875 0.1015625
14 0.5140625 0.353125 0.0546875 0.15859375
15 0.49140625 0.4984375 0.05078125 0.109375
15 0.7625 0.21640625 0.0875 0.103125
16 0.76796875 0.38359375 0.0890625 0.0671875
16 0.546875 0.9375 0.0796875 0.07421875
17 0.5515625 0.4703125 0.0609375 0.084375
17 0.77890625 0.90546875 0.06953125 0.08984375
18 0.35390625 0.7546875 0.071875 0.0515625
18 0.57890625 0.52734375 0.046875 0.09921875
19 0.48125 0.66328125 0.0453125 0.09921875
19 0.62265625 0.478125 0.03515625 0.103125
20 0.790625 0.44140625 0.0453125 0.084375
20 0.65703125 0.5390625 0.04453125 0.07265625
21 0.80390625 0.29609375 0.040625 0.09921875
21 0.4515625 0.746875 0.06953125 0.059375
22 0.53359375 0.8703125 0.12890625 0.08828125
22 0.8734375 0.5859375 0.06875 0.12421875