0 0.66796875 0.4953125 0.159375 0.1375
0 0.30546875 0.38046875 0.1375 0.1390625
1 0.65234375 0.6640625 0.125 0.22265625
1 0.6921875 0.83671875 0.1265625 0.125
2 0.4109375 0.4359375 0.103125 0.1671875
2 0.8953125 0.5203125 0.10234375 0.175
3 0.34375 0.8171875 0.10703125 0.20078125
3 0.49765625 0.1484375 0.15078125 0.1453125
4 0.4453125 0.1 0.10546875 0.15625
4 0.40546875 0.2296875 0.1375 0.153125
8 0.35859375 0.6515625 0.1203125 0.13125
8 0.86328125 0.56953125 0.16953125 0.07734375
9 0.92578125 0.43359375 0.09296875 0.15
9 0.45546875 0.86484375 0.0765625 0.175
10 0.74609375 0.325 0.07109375 0.171875
10 0.28515625 0.60546875 0.11171875 0.11875
11 0.33515625 0.5421875 0.07578125 0.1265625
11 0.4234375 0.5734375 0.06171875 0.1640625
5 0.2703125 0.82890625 0.0609375 0.159375
5 0.41484375 0.85703125 0.1265625 0.06796875
6 0.6171875 0.7671875 0.0515625 0.1625
6 0.26796875 0.69296875 0.05390625 0.171875
7 0.07890625 0.65546875 0.1125 0.1234375
7 0.609375 0.615625 0.078125 0.159375
12 0.8125 0.77421875 0.0984375 0.09140625
12 0.4625 0.26484375 0.08046875 0.121875
13 0.44609375 0.21328125 0.07890625 0.1078125
13 0.39453125 0.3 0.10703125 0.07578125
14 0.80859375 0.39921875 0.09765625 0.09296875
14 0.840625 0.65546875 0.07265625 0.1265625
15 0.53046875 0.8421875 0.078125 0.08515625
15 0.4125 0.5671875 0.075 0.07890625
16 0.5203125 0.68984375 0.07109375 0.09609375
16 0.54296875 0.7828125 0.0734375 0.109375
17 0.321875 0.63359375 0.0765625 0.04765625
17 0.64375 0.671875 0.03984375 0.09921875
18 0.40859375 0.70078125 0.04140625 0.08984375
18 0.396875 0.92578125 0.03671875 0.09453125
19 0.48125 0.309375 0.0390625 0.08828125
19 0.43828125 0.39453125 0.05859375 0.07421875
20 0.5984375 0.884375 0.0484375 0.07578125
20 0.57265625 0.12421875 0.06328125 0.05859375
21 0.5453125 0.95390625 0.05703125 0.06640625
21 0.4421875 0.95390625 0.0640625 0.06328125
22 0.76953125 0.7 0.1046875 0.1546875
23 0.3625 0.22890625 0.04375 0.06015625