0 0.8234375 0.625 0.09140625 0.32265625
0 0.709375 0.79375 0.19140625 0.2359375
1 0.46796875 0.14296875 0.22578125 0.159375
1 0.40234375 0.9625 0.25390625 0.0609375
2 0.40625 0.4640625 0.1515625 0.20546875
2 0.25078125 0.43359375 0.1515625 0.12734375
3 0.259375 0.3796875 0.08828125 0.13046875
3 0.29765625 0.590625 0.05 0.21015625
4 0.9171875 0.52109375 0.06015625 0.24765625
4 0.5234375 0.1609375 0.17421875 0.10859375
8 0.20546875 0.63984375 0.13125 0.14609375
8 0.72265625 0.43046875 0.184375 0.0828125
9 0.5546875 0.28046875 0.1484375 0.10546875
9 0.73203125 0.80546875 0.1 0.1375
10 0.13046875 0.796875 0.13828125 0.096875
10 0.5 0.73671875 0.15 0.0984375
11 0.53671875 0.43984375 0.10546875 0.12890625
11 0.4703125 0.75625 0.08125 0.15078125
5 0.54296875 0.33359375 0.1296875 0.1
5 0.2953125 0.19921875 0.07109375 0.178125
6 0.2734375 0.88046875 0.14375 0.1
6 0.7578125 0.296875 0.15390625 0.07109375
7 0.6484375 0.71328125 0.10390625 0.14296875
7 0.22578125 0.73203125 0.0484375 0.1734375
12 0.7390625 0.359375 0.0515625 0.134375
12 0.57109375 0.37265625 0.10390625 0.04921875
13 0.53359375 0.66328125 0.1140625 0.07265625
13 0.60546875 0.1984375 0.0953125 0.0984375
14 0.7921875 0.33125 0.05546875 0.1359375
14 0.56015625 0.540625 0.0984375 0.0625
15 0.41328125 0.84375 0.07265625 0.10546875
15 0.34609375 0.89140625 0.084375 0.07109375
16 0.234375 0.53359375 0.0953125 0.06953125
16 0.6390625 0.60859375 0.1 0.05234375
17 0.28984375 0.79453125 0.0515625 0.0984375
17 0.3890625 0.7875 0.0796875 0.0578125
18 0.840625 0.6546875 0.08671875 0.07265625
18 0.425 0.5890625 0.05390625 0.0984375
19 0.53046875 0.496875 0.0796875 0.059375
19 0.440625 0.39765625 0.0484375 0.09140625
20 0.53125 0.78515625 0.0671875 0.06953125
20 0.22421875 0.121875 0.0625 0.075
21 0.04921875 0.74453125 0.04140625 0.096875
21 0.646875 0.61796875 0.03828125 0.08515625
22 0.35625 0.41171875 0.12578125 0.1
23 0.78984375 0.2 0.07578125 0.05078125