0 0.3203125 0.62421875 0.09140625 0.3125
0 0.4609375 0.17265625 0.23828125 0.16328125
1 0.10703125 0.52890625 0.13125 0.23515625
1 0.54921875 0.31484375 0.17578125 0.15625
2 0.44296875 0.3546875 0.21328125 0.07578125
2 0.4515625 0.1265625 0.20078125 0.11640625
3 0.071875 0.28125 0.04921875 0.25078125
3 0.5421875 0.86328125 0.17578125 0.14609375
4 0.2390625 0.4484375 0.09765625 0.159375
4 0.46484375 0.7890625 0.14375 0.178125
8 0.73828125 0.82265625 0.08828125 0.16640625
8 0.50390625 0.6125 0.15 0.140625
9 0.7234375 0.60703125 0.0953125 0.1890625
9 0.6015625 0.56796875 0.134375 0.103125
10 0.8296875 0.60703125 0.1390625 0.071875
10 0.87109375 0.57109375 0.0671875 0.14765625
11 0.53359375 0.46796875 0.096875 0.13359375
11 0.53828125 0.77109375 0.10625 0.0703125
5 0.53671875 0.63203125 0.13515625 0.084375
5 0.52578125 0.15078125 0.1015625 0.14765625
6 0.1546875 0.48984375 0.121875 0.14921875
6 0.44453125 0.19296875 0.0921875 0.14609375
7 0.93046875 0.62109375 0.1234375 0.1203125
7 0.59296875 0.125 0.046875 0.1609375
12 0.3671875 0.42109375 0.09921875 0.0671875
12 0.5421875 0.428125 0.09765625 0.084375
13 0.3234375 0.30390625 0.09765625 0.0546875
13 0.41015625 0.46328125 0.1015625 0.07890625
14 0.39609375 0.14375 0.0578125 0.11328125
14 0.5203125 0.2515625 0.08046875 0.09765625
15 0.6625 0.14140625 0.0921875 0.05625
15 0.6515625 0.3234375 0.04296875 0.11484375
16 0.89375 0.69921875 0.07890625 0.11171875
16 0.28046875 0.23671875 0.08828125 0.09296875
17 0.45078125 0.31484375 0.07265625 0.06015625
17 0.81328125 0.64765625 0.05234375 0.090625
18 0.384375 0.465625 0.05625 0.0734375
18 0.3140625 0.2578125 0.0671875 0.04609375
19 0.73828125 0.4703125 0.06875 0.071875
19 0.1953125 0.59375 0.04921875 0.09296875
20 0.1109375 0.2734375 0.04140625 0.084375
20 0.3125 0.5328125 0.03984375 0.0671875
21 0.8375 0.7171875 0.0453125 0.09296875
21 0.54921875 0.49921875 0.05078125 0.06484375
22 0.40390625 0.465625 0.06875 0.16953125
23 0.66328125 0.8171875 0.0671875 0.06328125