0 0.275 0.5265625 0.125 0.2328125
0 0.4984375 0.175 0.165625 0.10546875
1 0.4359375 0.4515625 0.121875 0.159375
1 0.290625 0.3421875 0.10078125 0.19921875
2 0.8109375 0.56953125 0.12734375 0.14296875
2 0.0859375 0.57109375 0.15703125 0.0921875
3 0.196875 0.53828125 0.125 0.14921875
3 0.7125 0.52109375 0.065625 0.178125
4 0.24765625 0.38828125 0.078125 0.134375
4 0.29453125 0.203125 0.128125 0.10390625
8 0.2453125 0.92421875 0.13125 0.12890625
8 0.4765625 0.20234375 0.06484375 0.2015625
9 0.3203125 0.3765625 0.1234375 0.053125
9 0.29453125 0.68828125 0.0625 0.16328125
10 0.70625 0.4578125 0.07421875 0.15625
10 0.7015625 0.72421875 0.10703125 0.11484375
11 0.528125 0.359375 0.04453125 0.1671875
11 0.59453125 0.35078125 0.07421875 0.13828125
5 0.53515625 0.2453125 0.10234375 0.08203125
5 0.7828125 0.8171875 0.06875 0.0890625
6 0.71015625 0.82265625 0.1140625 0.09765625
6 0.36796875 0.05546875 0.0609375 0.09453125
7 0.63671875 0.853125 0.10390625 0.1234375
7 0.4296875 0.2875 0.05859375 0.125
12 0.6203125 0.59453125 0.078125 0.11640625
12 0.39765625 0.2921875 0.08515625 0.08515625
13 0.2796875 0.31171875 0.08125 0.05234375
13 0.45703125 0.74453125 0.0859375 0.078125
14 0.89296875 0.58984375 0.04140625 0.134375
14 0.76875 0.446875 0.04609375 0.109375
15 0.48515625 0.47578125 0.08125 0.0546875
15 0.96015625 0.45390625 0.03828125 0.11796875
16 0.24765625 0.54140625 0.03984375 0.08359375
16 0.34296875 0.72109375 0.06953125 0.06171875
17 0.3546875 0.775 0.075 0.04921875
17 0.64765625 0.38984375 0.04140625 0.09609375
18 0.85234375 0.66484375 0.05546875 0.07265625
18 0.2609375 0.2453125 0.03359375 0.0765625
19 0.4296875 0.54921875 0.05234375 0.05625
19 0.50703125 0.54375 0.06171875 0.0671875
20 0.23046875 0.2234375 0.04453125 0.03828125
20 0.58203125 0.375 0.05546875 0.03671875
21 0.63671875 0.3953125 0.06171875 0.06328125
21 0.4875 0.6296875 0.03828125 0.07109375
22 0.71953125 0.39609375 0.0625 0.0875
22 0.6796875 0.56640625 0.11328125 0.06328125