0 0.19453125 0.6765625 0.1734375 0.271875
0 0.65625 0.8421875 0.2328125 0.21796875
1 0.29140625 0.20390625 0.24375 0.20546875
1 0.46640625 0.28203125 0.2125 0.25078125
2 0.6625 0.70625 0.1578125 0.14453125
2 0.346875 0.8421875 0.1703125 0.178125
3 0.38984375 0.58203125 0.11875 0.26640625
3 0.55546875 0.6390625 0.0875 0.22890625
4 0.10859375 0.6859375 0.1109375 0.17109375
4 0.33515625 0.3078125 0.18125 0.20546875
8 0.27578125 0.71171875 0.203125 0.08671875
8 0.6140625 0.79765625 0.1234375 0.21796875
9 0.22890625 0.5015625 0.1515625 0.2
9 0.6203125 0.42421875 0.1453125 0.2
10 0.51796875 0.871875 0.146875 0.1546875
10 0.88984375 0.51953125 0.1140625 0.13515625
11 0.6484375 0.76328125 0.0734375 0.1890625
11 0.5328125 0.25078125 0.1265625 0.16953125
5 0.40546875 0.6671875 0.178125 0.07734375
5 0.39765625 0.07890625 0.178125 0.10078125
6 0.709375 0.565625 0.0984375 0.18046875
6 0.75859375 0.5375 0.1328125 0.12109375
7 0.12265625 0.4453125 0.1390625 0.190625
7 0.56171875 0.5921875 0.1375 0.1421875
12 0.5890625 0.12265625 0.0953125 0.140625
12 0.334375 0.88203125 0.0953125 0.13125
13 0.47421875 0.309375 0.115625 0.10234375
13 0.75546875 0.40546875 0.0484375 0.15859375
14 0.82109375 0.4875 0.0515625 0.153125
14 0.5125 0.21953125 0.1359375 0.09765625
15 0.3828125 0.81328125 0.1296875 0.05234375
15 0.38359375 0.57890625 0.109375 0.10234375
16 0.653125 0.26328125 0.1078125 0.07890625
16 0.22578125 0.4984375 0.1203125 0.08828125
17 0.8390625 0.40234375 0.08125 0.07421875
17 0.7921875 0.14921875 0.090625 0.04296875
18 0.646875 0.58984375 0.0578125 0.0921875
18 0.14453125 0.62421875 0.0515625 0.11015625
19 0.4234375 0.7703125 0.0828125 0.05546875
19 0.26875 0.440625 0.0859375 0.0484375
20 0.77890625 0.09375 0.0703125 0.05078125
20 0.52578125 0.4453125 0.04375 0.0828125
21 0.559375 0.43359375 0.0515625 0.08125
21 0.78359375 0.55703125 0.0359375 0.0828125
22 0.5546875 0.18828125 0.0578125 0.20703125
23 0.33046875 0.54609375 0.05 0.10078125