0 0.23203125 0.45 0.0734375 0.2453125
0 0.2875 0.10234375 0.090625 0.1609375
1 0.46875 0.659375 0.10625 0.184375
1 0.26328125 0.659375 0.11875 0.1953125
2 0.484375 0.78828125 0.05859375 0.17890625
2 0.371875 0.696875 0.134375 0.06953125
3 0.140625 0.284375 0.08125 0.1484375
3 0.328125 0.66875 0.11328125 0.16796875
4 0.17109375 0.65 0.05703125 0.16640625
4 0.253125 0.4125 0.11484375 0.06796875
8 0.35390625 0.446875 0.04375 0.16640625
8 0.4296875 0.47890625 0.03828125 0.171875
9 0.6015625 0.65234375 0.109375 0.08046875
9 0.1875 0.09765625 0.1171875 0.06796875
10 0.0734375 0.2625 0.10625 0.06796875
10 0.1296875 0.6921875 0.06015625 0.1296875
11 0.36328125 0.85703125 0.090625 0.0984375
11 0.43203125 0.66015625 0.0921875 0.08046875
5 0.4015625 0.225 0.07890625 0.084375
5 0.50078125 0.91171875 0.0609375 0.1375
6 0.440625 0.45546875 0.09296875 0.09140625
6 0.06484375 0.18984375 0.10546875 0.05859375
7 0.1359375 0.503125 0.07734375 0.109375
7 0.2046875 0.46796875 0.034375 0.13125
12 0.15234375 0.43125 0.065625 0.0765625
12 0.42578125 0.75078125 0.0453125 0.08984375
13 0.30859375 0.51484375 0.0734375 0.07109375
13 0.3484375 0.62734375 0.03359375 0.0984375
14 0.16171875 0.36171875 0.03828125 0.11328125
14 0.38046875 0.54609375 0.03359375 0.10078125
15 0.6375 0.721875 0.0640625 0.08046875
15 0.4734375 0.50859375 0.06015625 0.05859375
16 0.26640625 0.49921875 0.05859375 0.06953125
16 0.39453125 0.746875 0.03203125 0.09296875
17 0.4078125 0.584375 0.0375 0.075
17 0.5359375 0.47890625 0.06015625 0.04375
18 0.40546875 0.3921875 0.046875 0.08203125
18 0.28828125 0.4484375 0.0546875 0.053125
19 0.56484375 0.56328125 0.034375 0.0765625
19 0.53515625 0.696875 0.0375 0.0734375
20 0.2296875 0.26171875 0.0515625 0.0546875
20 0.46171875 0.34375 0.0375 0.065625
21 0.20390625 0.22578125 0.0453125 0.0640625
21 0.54453125 0.51484375 0.04765625 0.0421875
22 0.3109375 0.27421875 0.0921875 0.06953125
22 0.27265625 0.096875 0.0625 0.0734375