0 0.50625 0.20546875 0.2 0.265625
0 0.134375 0.61484375 0.18984375 0.11640625
1 0.75078125 0.40546875 0.1609375 0.26015625
1 0.440625 0.19765625 0.28828125 0.05546875
2 0.42265625 0.76640625 0.140625 0.2484375
2 0.784375 0.5046875 0.12265625 0.1875
3 0.46484375 0.89296875 0.17578125 0.153125
3 0.509375 0.10703125 0.165625 0.1796875
4 0.75546875 0.13828125 0.17734375 0.13984375
4 0.78515625 0.6296875 0.18359375 0.09765625
8 0.19921875 0.525 0.1625 0.15859375
8 0.496875 0.82109375 0.11796875 0.19296875
9 0.43984375 0.29375 0.16875 0.0671875
9 0.6109375 0.55859375 0.0640625 0.21015625
10 0.28203125 0.29375 0.13125 0.09765625
10 0.23515625 0.75234375 0.1296875 0.10546875
11 0.36015625 0.43046875 0.10625 0.14140625
11 0.621875 0.225 0.0703125 0.1703125
5 0.865625 0.14921875 0.07578125 0.18359375
5 0.08125 0.43671875 0.1296875 0.10546875
6 0.671875 0.76328125 0.1078125 0.1609375
6 0.90625 0.3734375 0.12109375 0.12421875
7 0.384375 0.0953125 0.05390625 0.18359375
7 0.1 0.778125 0.11171875 0.153125
12 0.69296875 0.44140625 0.0734375 0.1265625
12 0.73671875 0.05390625 0.14609375 0.06484375
13 0.64296875 0.8796875 0.12109375 0.0953125
13 0.38203125 0.71875 0.0953125 0.1109375
14 0.66015625 0.73671875 0.11640625 0.09375
14 0.1484375 0.50703125 0.11640625 0.103125
15 0.36875 0.63359375 0.07578125 0.109375
15 0.49296875 0.059375 0.096875 0.0953125
16 0.553125 0.66171875 0.0671875 0.1109375
16 0.19453125 0.646875 0.08359375 0.1203125
17 0.40234375 0.590625 0.08671875 0.07265625
17 0.35625 0.80703125 0.07734375 0.0953125
18 0.31015625 0.596875 0.059375 0.09140625
18 0.621875 0.63125 0.05703125 0.10703125
19 0.64375 0.11484375 0.05703125 0.0953125
19 0.50234375 0.73203125 0.0640625 0.08046875
20 0.31484375 0.371875 0.071875 0.08984375
20 0.14296875 0.37109375 0.08828125 0.06484375
21 0.4203125 0.53515625 0.0703125 0.08046875
21 0.55546875 0.58828125 0.08203125 0.06328125
22 0.29375 0.665625 0.0984375 0.16796875
23 0.6984375 0.34453125 0.059375 0.04609375