0 0.3546875 0.81171875 0.19296875 0.21328125
0 0.3765625 0.3703125 0.221875 0.1640625
1 0.88828125 0.6546875 0.16640625 0.30546875
1 0.325 0.91328125 0.2578125 0.09921875
2 0.79921875 0.528125 0.19296875 0.13125
2 0.21953125 0.521875 0.18203125 0.15390625
3 0.45625 0.59375 0.10625 0.21484375
3 0.3 0.57421875 0.16328125 0.12421875
4 0.43984375 0.38828125 0.1328125 0.20625
4 0.1609375 0.475 0.10625 0.23359375
8 0.2328125 0.63359375 0.16796875 0.1515625
8 0.403125 0.7828125 0.1140625 0.16875
9 0.46640625 0.25078125 0.19609375 0.08203125
9 0.6203125 0.80234375 0.1234375 0.1640625
10 0.56796875 0.66953125 0.1328125 0.1078125
10 0.84765625 0.42890625 0.16953125 0.1078125
11 0.50625 0.46640625 0.05390625 0.17265625
11 0.34296875 0.1546875 0.16796875 0.128125
5 0.3 0.07734375 0.140625 0.12109375
5 0.50390625 0.20078125 0.125 0.11796875
6 0.575 0.47578125 0.07109375 0.1875
6 0.5546875 0.35078125 0.19453125 0.06640625
7 0.8953125 0.72734375 0.08203125 0.184375
7 0.10390625 0.36796875 0.07421875 0.1484375
12 0.7625 0.27109375 0.1171875 0.1640625
12 0.1484375 0.3765625 0.06640625 0.1109375
13 0.6921875 0.7328125 0.1125 0.1078125
13 0.58359375 0.70546875 0.1078125 0.0765625
14 0.36953125 0.7890625 0.06484375 0.1140625
14 0.53828125 0.81640625 0.08828125 0.1140625
15 0.33828125 0.3328125 0.07265625 0.12265625
15 0.56015625 0.80703125 0.1015625 0.078125
16 0.63984375 0.20078125 0.121875 0.1078125
16 0.04609375 0.440625 0.06015625 0.1328125
17 0.50234375 0.90859375 0.07421875 0.0734375
17 0.61640625 0.26875 0.05546875 0.1109375
18 0.18203125 0.278125 0.09140625 0.0578125
18 0.22734375 0.40078125 0.07421875 0.078125
19 0.2765625 0.62734375 0.07265625 0.0765625
19 0.2125 0.33359375 0.07421875 0.06328125
20 0.23984375 0.75078125 0.04921875 0.075
20 0.62734375 0.40390625 0.06484375 0.06328125
21 0.4078125 0.57265625 0.07109375 0.08046875
21 0.6703125 0.4625 0.05859375 0.0890625
22 0.1234375 0.62421875 0.0984375 0.1640625
23 0.39609375 0.65625 0.05234375 0.08046875