0 0.8140625 0.5609375 0.0984375 0.1625
0 0.815625 0.434375 0.2 0.0984375
1 0.39609375 0.89765625 0.15 0.1765625
1 0.7078125 0.51875 0.14765625 0.09609375
2 0.71484375 0.296875 0.1078125 0.121875
2 0.359375 0.92578125 0.14453125 0.10078125
3 0.67265625 0.16953125 0.16953125 0.04921875
3 0.86640625 0.4203125 0.09375 0.13203125
4 0.51015625 0.6765625 0.06484375 0.1515625
4 0.34375 0.38359375 0.07890625 0.1515625
8 0.66328125 0.6046875 0.11875 0.1125
8 0.50625 0.75078125 0.1015625 0.13515625
9 0.29296875 0.34921875 0.0828125 0.1296875
9 0.13046875 0.4625 0.1421875 0.09765625
10 0.46328125 0.78671875 0.0765625 0.12578125
10 0.61953125 0.3375 0.05234375 0.1296875
11 0.76875 0.6046875 0.12265625 0.07109375
11 0.94609375 0.47109375 0.08671875 0.06640625
5 0.8796875 0.31796875 0.06484375 0.11171875
5 0.47890625 0.57421875 0.115625 0.078125
6 0.725 0.35 0.1 0.0703125
6 0.9328125 0.4296875 0.0921875 0.06640625
7 0.93828125 0.28984375 0.08125 0.1078125
7 0.6890625 0.51015625 0.0984375 0.09453125
12 0.18671875 0.28515625 0.09453125 0.059375
12 0.72734375 0.40234375 0.09765625 0.04765625
13 0.68125 0.21171875 0.0984375 0.04765625
13 0.7765625 0.2 0.09765625 0.0375
14 0.56484375 0.31484375 0.08671875 0.0828125
14 0.41953125 0.43828125 0.05 0.10390625
15 0.38203125 0.38203125 0.06953125 0.06875
15 0.6171875 0.60234375 0.08125 0.03515625
16 0.621875 0.05234375 0.08046875 0.0453125
16 0.9375 0.4140625 0.0484375 0.0859375
17 0.87265625 0.55625 0.0515625 0.075
17 0.56796875 0.725 0.0671875 0.0625
18 0.85390625 0.3296875 0.05234375 0.0546875
18 0.84375 0.54765625 0.05625 0.0609375
19 0.6015625 0.02890625 0.0578125 0.04765625
19 0.14765625 0.55703125 0.07890625 0.0375
20 0.48203125 0.4125 0.059375 0.04921875
20 0.83046875 0.4390625 0.0421875 0.05078125
21 0.65234375 0.31953125 0.05546875 0.053125
21 0.6796875 0.5453125 0.040625 0.05859375
22 0.0796875 0.30625 0.14375 0.07265625
22 0.26484375 0.421875 0.06328125 0.0921875