0 0.259375 0.58125 0.25234375 0.1453125
0 0.89921875 0.19375 0.13828125 0.13125
1 0.77421875 0.5328125 0.14140625 0.18515625
1 0.52890625 0.82578125 0.20078125 0.13046875
2 0.60625 0.0984375 0.11875 0.1375
2 0.50859375 0.446875 0.0609375 0.16875
3 0.509375 0.896875 0.08203125 0.15859375
3 0.7828125 0.0859375 0.16796875 0.1203125
4 0.51875 0.453125 0.19140625 0.034375
4 0.29765625 0.66875 0.084375 0.14609375
8 0.67109375 0.371875 0.153125 0.0890625
8 0.65859375 0.78828125 0.0953125 0.0828125
9 0.72421875 0.35625 0.146875 0.084375
9 0.65703125 0.2515625 0.115625 0.09453125
10 0.16796875 0.88203125 0.10234375 0.11875
10 0.534375 0.60390625 0.13046875 0.096875
11 0.3609375 0.42578125 0.1453125 0.05
11 0.43828125 0.54921875 0.13828125 0.06796875
5 0.3296875 0.16328125 0.0625 0.115625
5 0.4984375 0.6140625 0.07734375 0.09921875
6 0.25546875 0.83125 0.121875 0.09921875
6 0.515625 0.11875 0.13203125 0.08203125
7 0.33125 0.31796875 0.13828125 0.078125
7 0.2390625 0.371875 0.1578125 0.034375
12 0.8046875 0.29921875 0.1203125 0.05
12 0.6421875 0.4796875 0.05625 0.090625
13 0.5328125 0.2015625 0.08046875 0.090625
13 0.540625 0.2625 0.07890625 0.090625
14 0.1296875 0.46796875 0.090625 0.08671875
14 0.6578125 0.65078125 0.10078125 0.065625
15 0.6140625 0.3953125 0.0578125 0.0734375
15 0.68828125 0.4265625 0.0921875 0.040625
16 0.8796875 0.2875 0.0625 0.0859375
16 0.45 0.0890625 0.05234375 0.0859375
17 0.39375 0.1640625 0.0890625 0.05703125
17 0.73984375 0.59921875 0.0890625 0.046875
18 0.88515625 0.2171875 0.07734375 0.06171875
18 0.14453125 0.29296875 0.05078125 0.0765625
19 0.29921875 0.50546875 0.08046875 0.0484375
19 0.57578125 0.48203125 0.0671875 0.0609375
20 0.409375 0.2578125 0.07421875 0.04453125
20 0.58671875 0.74921875 0.05234375 0.059375
21 0.4734375 0.20390625 0.0671875 0.04609375
21 0.696875 0.096875 0.065625 0.05234375
22 0.10625 0.5375 0.1765625 0.0421875
23 0.8125 0.3421875 0.0859375 0.03359375