0 0.125 0.64296875 0.13125 0.2875
0 0.83046875 0.353125 0.115625 0.14765625
1 0.6453125 0.30390625 0.10703125 0.16328125
1 0.2390625 0.4359375 0.2203125 0.15625
2 0.8484375 0.77890625 0.21640625 0.05703125
2 0.3046875 0.3375 0.096875 0.234375
3 0.24609375 0.8828125 0.16328125 0.14765625
3 0.49375 0.24375 0.1453125 0.0984375
4 0.81953125 0.490625 0.13671875 0.203125
4 0.92890625 0.43828125 0.09765625 0.18046875
8 0.77734375 0.58828125 0.059375 0.2203125
8 0.44609375 0.44921875 0.05 0.2375
9 0.6515625 0.871875 0.09140625 0.2015625
9 0.47890625 0.853125 0.06953125 0.1875
10 0.5296875 0.41640625 0.1171875 0.08984375
10 0.5015625 0.7453125 0.07578125 0.16171875
11 0.71953125 0.55 0.09296875 0.14296875
11 0.5609375 0.15234375 0.1109375 0.0984375
5 0.1515625 0.30625 0.1390625 0.1171875
5 0.3265625 0.540625 0.059375 0.2
6 0.25703125 0.70078125 0.11875 0.16171875
6 0.53125 0.6109375 0.0875 0.09296875
7 0.1734375 0.81015625 0.1390625 0.084375
7 0.890625 0.63671875 0.1234375 0.1515625
12 0.51015625 0.3765625 0.065625 0.11015625
12 0.19296875 0.33828125 0.11328125 0.11171875
13 0.60546875 0.6703125 0.03984375 0.14296875
13 0.39609375 0.503125 0.08359375 0.07421875
14 0.721875 0.4453125 0.075 0.0984375
14 0.6734375 0.71484375 0.053125 0.1359375
15 0.28984375 0.89765625 0.0875 0.07421875
15 0.7390625 0.36640625 0.03984375 0.11328125
16 0.0578125 0.5859375 0.103125 0.0640625
16 0.48359375 0.7796875 0.09765625 0.103125
17 0.28046875 0.0828125 0.07734375 0.103125
17 0.396875 0.30625 0.05 0.10703125
18 0.53125 0.865625 0.07109375 0.07265625
18 0.509375 0.78515625 0.04140625 0.0859375
19 0.65078125 0.63671875 0.07109375 0.065625
19 0.5875 0.378125 0.0453125 0.09140625
20 0.42734375 0.9125 0.03828125 0.07890625
20 0.65625 0.59296875 0.04375 0.084375
21 0.24140625 0.37421875 0.06015625 0.06015625
21 0.5421875 0.71953125 0.05625 0.05859375
22 0.51875 0.48828125 0.08984375 0.16328125
23 0.3984375 0.8609375 0.03984375 0.09296875