0 0.30859375 0.4015625 0.2140625 0.13125
0 0.4953125 0.10390625 0.31796875 0.08671875
1 0.353125 0.6640625 0.10546875 0.2390625
1 0.478125 0.096875 0.15625 0.17265625
2 0.40390625 0.3 0.25546875 0.10234375
2 0.1296875 0.5546875 0.12421875 0.10546875
3 0.69140625 0.93203125 0.221875 0.10546875
3 0.4453125 0.16875 0.10546875 0.20625
4 0.67734375 0.8015625 0.20859375 0.13359375
4 0.59140625 0.77109375 0.24609375 0.10234375
8 0.75546875 0.30390625 0.17265625 0.13359375
8 0.62109375 0.33359375 0.1296875 0.190625
9 0.88125 0.50078125 0.18046875 0.1265625
9 0.48671875 0.8953125 0.1125 0.1953125
10 0.1203125 0.39375 0.146875 0.1296875
10 0.2875 0.10703125 0.13515625 0.12109375
11 0.21484375 0.5609375 0.09609375 0.10390625
11 0.31875 0.5421875 0.13359375 0.13984375
5 0.7671875 0.23515625 0.15390625 0.11796875
5 0.90703125 0.6046875 0.0734375 0.178125
6 0.66328125 0.62578125 0.18046875 0.05703125
6 0.4359375 0.24375 0.1765625 0.0625
7 0.57265625 0.3515625 0.1859375 0.10703125
7 0.1703125 0.275 0.2046875 0.0484375
12 0.671875 0.25703125 0.13359375 0.05
12 0.29765625 0.35234375 0.06171875 0.12265625
13 0.56328125 0.47421875 0.15625 0.08671875
13 0.03671875 0.565625 0.0734375 0.1421875
14 0.2046875 0.07734375 0.13125 0.078125
14 0.4390625 0.56328125 0.06953125 0.1265625
15 0.79140625 0.403125 0.13515625 0.0484375
15 0.55859375 0.90859375 0.07109375 0.12421875
16 0.503125 0.2953125 0.13359375 0.0640625
16 0.628125 0.5125 0.1203125 0.065625
17 0.60546875 0.69921875 0.10546875 0.07265625
17 0.1578125 0.30078125 0.1125 0.0453125
18 0.7515625 0.78203125 0.05625 0.09375
18 0.4828125 0.63828125 0.07109375 0.05859375
19 0.79140625 0.6546875 0.0640625 0.0953125
19 0.853125 0.678125 0.06796875 0.08984375
20 0.75078125 0.56171875 0.07734375 0.08125
20 0.1484375 0.35390625 0.09375 0.05703125
21 0.815625 0.76015625 0.0640625 0.09140625
21 0.85546875 0.8359375 0.08671875 0.0796875
22 0.2875 0.17109375 0.15 0.128125
22 0.5546875 0.22109375 0.08984375 0.13515625