0 0.4109375 0.84609375 0.25 0.10078125
0 0.628125 0.4328125 0.28984375 0.0625
1 0.74375 0.1375 0.25625 0.07578125
1 0.0984375 0.5140625 0.11484375 0.13828125
2 0.45859375 0.32890625 0.11484375 0.12421875
2 0.38046875 0.6109375 0.1859375 0.06015625
3 0.3125 0.41875 0.190625 0.059375
3 0.7703125 0.565625 0.11640625 0.12265625
4 0.6375 0.4453125 0.0875 0.12109375
4 0.178125 0.6171875 0.15 0.0890625
8 0.31015625 0.934375 0.1859375 0.04140625
8 0.1734375 0.8421875 0.14296875 0.0953125
9 0.61015625 0.2515625 0.13515625 0.0921875
9 0.6421875 0.2015625 0.16640625 0.06640625
10 0.490625 0.703125 0.11015625 0.071875
10 0.70859375 0.56328125 0.0921875 0.0875
11 0.57734375 0.70859375 0.08203125 0.0875
11 0.4828125 0.68203125 0.14296875 0.0484375
5 0.8875 0.41875 0.07421875 0.1015625
5 0.30703125 0.3171875 0.13984375 0.06015625
6 0.74453125 0.2 0.0875 0.075
6 0.81796875 0.0890625 0.14296875 0.0890625
7 0.253125 0.540625 0.13515625 0.0671875
7 0.44296875 0.4328125 0.14609375 0.03515625
12 0.5515625 0.4625 0.09375 0.0640625
12 0.37734375 0.63046875 0.11328125 0.0484375
13 0.43203125 0.38515625 0.1234375 0.06015625
13 0.228125 0.48515625 0.1296875 0.0390625
14 0.67890625 0.50234375 0.08515625 0.06953125
14 0.61875 0.9359375 0.128125 0.034375
15 0.675 0.5515625 0.09375 0.06328125
15 0.87734375 0.3359375 0.08046875 0.05625
16 0.51328125 0.24453125 0.06875 0.0734375
16 0.57890625 0.51953125 0.07890625 0.06640625
17 0.5515625 0.15546875 0.10390625 0.040625
17 0.7953125 0.26875 0.05390625 0.0640625
18 0.2546875 0.890625 0.0890625 0.04453125
18 0.540625 0.565625 0.07109375 0.053125
19 0.70078125 0.63046875 0.08515625 0.0375
19 0.13359375 0.44453125 0.0890625 0.0359375
20 0.49375 0.55625 0.07265625 0.02890625
20 0.5 0.85859375 0.06875 0.03828125
21 0.35546875 0.8265625 0.07578125 0.034375
21 0.72734375 0.3875 0.08203125 0.03203125
22 0.32734375 0.69296875 0.08203125 0.0953125
23 0.7125 0.284375 0.07578125 0.059375