0 0.4203125 0.74609375 0.225 0.17421875
0 0.44375 0.31015625 0.109375 0.1671875
1 0.8421875 0.7734375 0.10625 0.15546875
1 0.39140625 0.5328125 0.1484375 0.21484375
2 0.6234375 0.4859375 0.134375 0.13984375
2 0.346875 0.34296875 0.0375 0.21953125
3 0.2328125 0.19140625 0.128125 0.16015625
3 0.37421875 0.5671875 0.1796875 0.08125
4 0.7390625 0.84453125 0.075 0.1859375
4 0.571875 0.79140625 0.146875 0.1
8 0.8109375 0.68828125 0.1625 0.06953125
8 0.43828125 0.89765625 0.1109375 0.13984375
9 0.1484375 0.54140625 0.071875 0.15
9 0.79453125 0.2515625 0.1609375 0.0609375
10 0.2046875 0.3421875 0.140625 0.07265625
10 0.4609375 0.1703125 0.046875 0.1453125
11 0.30859375 0.7125 0.1140625 0.11796875
11 0.428125 0.60234375 0.078125 0.1296875
5 0.809375 0.45546875 0.04375 0.15
5 0.21171875 0.40859375 0.1296875 0.1015625
6 0.74296875 0.1921875 0.1328125 0.08125
6 0.3015625 0.3375 0.05 0.1453125
7 0.11015625 0.37890625 0.0515625 0.146875
7 0.59609375 0.25 0.1140625 0.07734375
12 0.86640625 0.44453125 0.0859375 0.09453125
12 0.68359375 0.3015625 0.0671875 0.11015625
13 0.753125 0.44765625 0.071875 0.09765625
13 0.70234375 0.71953125 0.0921875 0.07109375
14 0.4765625 0.634375 0.06875 0.103125
14 0.259375 0.21953125 0.1125 0.0671875
15 0.6640625 0.76484375 0.08125 0.07734375
15 0.51015625 0.43046875 0.0515625 0.09453125
16 0.86640625 0.5234375 0.0671875 0.09140625
16 0.5984375 0.84453125 0.0875 0.07109375
17 0.93203125 0.46171875 0.0578125 0.0828125
17 0.53203125 0.18046875 0.0890625 0.05078125
18 0.76953125 0.6328125 0.0734375 0.0453125
18 0.4171875 0.47578125 0.06875 0.059375
19 0.6171875 0.63671875 0.06875 0.0578125
19 0.39375 0.43359375 0.065625 0.05234375
20 0.6328125 0.6953125 0.05625 0.04921875
20 0.54140625 0.66015625 0.0515625 0.0578125
21 0.928125 0.58046875 0.046875 0.06953125
21 0.7953125 0.58671875 0.059375 0.0453125
22 0.2609375 0.5265625 0.13125 0.11328125
22 0.2453125 0.51640625 0.0875 0.13984375