0 0.24921875 0.31015625 0.171875 0.13671875
0 0.67265625 0.41484375 0.0796875 0.28828125
1 0.22421875 0.615625 0.09765625 0.17421875
1 0.73125 0.27734375 0.15390625 0.13984375
2 0.3171875 0.57421875 0.11015625 0.1109375
2 0.61171875 0.228125 0.19453125 0.125
3 0.4390625 0.34140625 0.140625 0.13515625
3 0.33359375 0.51796875 0.165625 0.0734375
4 0.1703125 0.54609375 0.08359375 0.2015625
4 0.6453125 0.2015625 0.15625 0.1640625
8 0.2109375 0.70703125 0.1765625 0.10546875
8 0.08203125 0.41171875 0.0609375 0.19296875
9 0.22578125 0.18359375 0.10234375 0.09375
9 0.75703125 0.66640625 0.0875 0.165625
10 0.63046875 0.53515625 0.10625 0.13125
10 0.890625 0.13828125 0.1015625 0.153125
11 0.64765625 0.83203125 0.1125 0.08828125
11 0.4640625 0.53046875 0.10703125 0.10625
5 0.34140625 0.1703125 0.08828125 0.10625
5 0.296875 0.36171875 0.1015625 0.13828125
6 0.57734375 0.77265625 0.10703125 0.13515625
6 0.425 0.34453125 0.09765625 0.14140625
7 0.8234375 0.25859375 0.1359375 0.096875
7 0.421875 0.2265625 0.04140625 0.15
12 0.584375 0.17578125 0.05 0.1125
12 0.4796875 0.53828125 0.09296875 0.096875
13 0.45078125 0.421875 0.06796875 0.0921875
13 0.53671875 0.890625 0.071875 0.10625
14 0.5703125 0.3703125 0.11953125 0.0546875
14 0.62578125 0.1984375 0.03671875 0.125
15 0.36015625 0.8421875 0.08203125 0.0703125
15 0.56015625 0.5234375 0.07734375 0.078125
16 0.48828125 0.7171875 0.084375 0.090625
16 0.26875 0.58046875 0.11015625 0.06953125
17 0.45859375 0.66171875 0.0671875 0.075
17 0.28515625 0.24140625 0.0671875 0.05625
18 0.83359375 0.58046875 0.075 0.0578125
18 0.596875 0.7734375 0.07421875 0.0515625
19 0.3828125 0.909375 0.0703125 0.06328125
19 0.50390625 0.3359375 0.05625 0.040625
20 0.47109375 0.471875 0.04921875 0.04453125
20 0.7703125 0.434375 0.046875 0.059375
21 0.4984375 0.45859375 0.05234375 0.06484375
21 0.5984375 0.31171875 0.03671875 0.06796875
22 0.7125 0.72578125 0.07421875 0.13984375
22 0.815625 0.51796875 0.0921875 0.14296875