0 0.1875 0.446875 0.15859375 0.221875
0 0.64296875 0.29375 0.25078125 0.21484375
1 0.49296875 0.76640625 0.25703125 0.20546875
1 0.35625 0.59140625 0.1625 0.2390625
2 0.1265625 0.1328125 0.1546875 0.19765625
2 0.5890625 0.7921875 0.21015625 0.1546875
3 0.678125 0.3859375 0.1140625 0.17890625
3 0.34296875 0.178125 0.078125 0.21796875
4 0.51953125 0.578125 0.13359375 0.08984375
4 0.43515625 0.3015625 0.16875 0.0875
8 0.1859375 0.28359375 0.19609375 0.13046875
8 0.82421875 0.40078125 0.09609375 0.20859375
9 0.49609375 0.28828125 0.184375 0.12890625
9 0.79140625 0.496875 0.146875 0.15078125
10 0.2390625 0.7 0.09765625 0.14921875
10 0.86015625 0.503125 0.12734375 0.125
11 0.4421875 0.14609375 0.115625 0.12890625
11 0.88828125 0.715625 0.06640625 0.16953125
5 0.5125 0.921875 0.15859375 0.10859375
5 0.49765625 0.16015625 0.1140625 0.11171875
6 0.29140625 0.20625 0.053125 0.15078125
6 0.865625 0.1640625 0.146875 0.10078125
7 0.30390625 0.546875 0.153125 0.10859375
7 0.37578125 0.72109375 0.0765625 0.15078125
12 0.146875 0.5734375 0.07421875 0.125
12 0.8859375 0.25625 0.08203125 0.11015625
13 0.25859375 0.46796875 0.07421875 0.115625
13 0.77578125 0.4046875 0.10390625 0.078125
14 0.8265625 0.18203125 0.05703125 0.10625
14 0.85 0.12890625 0.07265625 0.09296875
15 0.1078125 0.38359375 0.11015625 0.08046875
15 0.78125 0.196875 0.05703125 0.09140625
16 0.67265625 0.246875 0.0859375 0.09140625
16 0.32734375 0.309375 0.10625 0.059375
17 0.73984375 0.49375 0.084375 0.08359375
17 0.69921875 0.5953125 0.08046875 0.08984375
18 0.1578125 0.15390625 0.0765625 0.09140625
18 0.58359375 0.48359375 0.08828125 0.078125
19 0.51875 0.4234375 0.07265625 0.05234375
19 0.315625 0.7875 0.0625 0.08984375
20 0.71484375 0.4296875 0.06875 0.05
20 0.48515625 0.23203125 0.07265625 0.05
21 0.39296875 0.246875 0.053125 0.0765625
21 0.5765625 0.42109375 0.0625 0.06875
22 0.26875 0.071875 0.1375 0.125
23 0.571875 0.64609375 0.05703125 0.08359375