0 0.48515625 0.67265625 0.20234375 0.11796875
0 0.69296875 0.36171875 0.1515625 0.21875
1 0.10234375 0.38828125 0.0625 0.265625
1 0.55625 0.484375 0.07265625 0.2484375
2 0.37578125 0.77421875 0.16328125 0.1328125
2 0.2765625 0.3578125 0.1734375 0.1078125
3 0.27265625 0.4015625 0.0453125 0.20859375
3 0.678125 0.4515625 0.12421875 0.15625
4 0.29375 0.625 0.128125 0.1546875
4 0.70234375 0.521875 0.1390625 0.1328125
8 0.65078125 0.684375 0.1453125 0.06015625
8 0.64375 0.35234375 0.14921875 0.11953125
9 0.33671875 0.8 0.13125 0.0875
9 0.51328125 0.87421875 0.04375 0.18125
10 0.76953125 0.19375 0.1203125 0.065625
10 0.34921875 0.9265625 0.09609375 0.10625
11 0.76640625 0.28046875 0.10625 0.09375
11 0.68984375 0.86875 0.0546875 0.1546875
5 0.18125 0.265625 0.115625 0.0671875
5 0.21953125 0.3171875 0.1078125 0.10625
6 0.39375 0.9296875 0.115625 0.0671875
6 0.26171875 0.11484375 0.11953125 0.09921875
7 0.1734375 0.434375 0.04140625 0.153125
7 0.22109375 0.19765625 0.1078125 0.09609375
12 0.45703125 0.4359375 0.084375 0.0890625
12 0.6609375 0.4125 0.07109375 0.07578125
13 0.32578125 0.85546875 0.08828125 0.0703125
13 0.75859375 0.36015625 0.08828125 0.05859375
14 0.56484375 0.5421875 0.07109375 0.1125
14 0.86875 0.3578125 0.09609375 0.046875
15 0.0625 0.52734375 0.06484375 0.1078125
15 0.65390625 0.59765625 0.07265625 0.0921875
16 0.4125 0.58046875 0.0671875 0.0921875
16 0.68125 0.5328125 0.046875 0.09765625
17 0.8953125 0.04296875 0.07109375 0.07578125
17 0.59453125 0.934375 0.05859375 0.09375
18 0.49453125 0.7140625 0.0703125 0.046875
18 0.17890625 0.621875 0.05703125 0.07421875
19 0.196875 0.81484375 0.059375 0.084375
19 0.7765625 0.13359375 0.0390625 0.0859375
20 0.14296875 0.59609375 0.053125 0.06875
20 0.521875 0.64765625 0.05078125 0.0484375
21 0.3234375 0.65390625 0.04296875 0.08046875
21 0.32734375 0.59765625 0.053125 0.0625
22 0.3734375 0.44375 0.1140625 0.090625
22 0.8359375 0.475 0.13125 0.08203125