0 0.84609375 0.16953125 0.1078125 0.1890625
0 0.49609375 0.78828125 0.23828125 0.11328125
1 0.43046875 0.58359375 0.096875 0.2890625
1 0.7703125 0.56875 0.23046875 0.11640625
2 0.46796875 0.06328125 0.19296875 0.09296875
2 0.240625 0.515625 0.09296875 0.2078125
3 0.65546875 0.4671875 0.15078125 0.16484375
3 0.42578125 0.590625 0.16875 0.13828125
4 0.55234375 0.2703125 0.1171875 0.1921875
4 0.784375 0.42734375 0.09609375 0.10546875
8 0.7046875 0.3703125 0.16640625 0.08515625
8 0.4890625 0.803125 0.125 0.15546875
9 0.25078125 0.16796875 0.1265625 0.14609375
9 0.71484375 0.62578125 0.1515625 0.12421875
10 0.0453125 0.41953125 0.071875 0.15859375
10 0.57265625 0.55625 0.1546875 0.09609375
11 0.21328125 0.29140625 0.125 0.12890625
11 0.55234375 0.884375 0.1546875 0.0578125
5 0.4578125 0.3453125 0.109375 0.13203125
5 0.9078125 0.70859375 0.13984375 0.08828125
6 0.7640625 0.74921875 0.1015625 0.15703125
6 0.709375 0.31484375 0.1375 0.0625
7 0.4671875 0.21171875 0.1015625 0.11015625
7 0.1 0.1953125 0.090625 0.14921875
12 0.540625 0.44921875 0.09296875 0.08828125
12 0.6234375 0.48828125 0.11171875 0.08515625
13 0.51953125 0.75234375 0.07421875 0.13515625
13 0.36640625 0.2140625 0.10390625 0.10546875
14 0.84453125 0.4828125 0.09296875 0.09296875
14 0.70390625 0.7203125 0.05703125 0.13359375
15 0.71796875 0.24765625 0.0875 0.07578125
15 0.74921875 0.62421875 0.0625 0.10234375
16 0.190625 0.125 0.07421875 0.11015625
16 0.2421875 0.3703125 0.08515625 0.08203125
17 0.51875 0.9546875 0.0890625 0.07109375
17 0.29140625 0.809375 0.05859375 0.09921875
18 0.33515625 0.3953125 0.06796875 0.08203125
18 0.39375 0.88671875 0.07890625 0.04375
19 0.33515625 0.58125 0.06796875 0.0546875
19 0.57890625 0.76796875 0.07890625 0.06328125
20 0.4515625 0.1734375 0.0609375 0.0453125
20 0.29140625 0.65234375 0.0453125 0.07109375
21 0.61875 0.59921875 0.0625 0.06484375
21 0.3921875 0.46484375 0.0625 0.0453125
22 0.3359375 0.50234375 0.10234375 0.14453125
22 0.5109375 0.65625 0.11171875 0.11640625