0 0.5453125 0.39921875 0.31328125 0.08671875
0 0.4359375 0.5484375 0.15703125 0.203125
1 0.38984375 0.32734375 0.2765625 0.10625
1 0.67734375 0.58984375 0.096875 0.2203125
2 0.29140625 0.1296875 0.1640625 0.1703125
2 0.609375 0.415625 0.1234375 0.18046875
3 0.909375 0.740625 0.1625 0.153125
3 0.63828125 0.75390625 0.2046875 0.0890625
4 0.3125 0.83671875 0.203125 0.1140625
4 0.8671875 0.66640625 0.090625 0.16015625
8 0.32890625 0.77265625 0.1234375 0.115625
8 0.37265625 0.6703125 0.1875 0.10078125
9 0.3203125 0.2265625 0.19921875 0.04609375
9 0.240625 0.46328125 0.14140625 0.13984375
10 0.70625 0.8375 0.18203125 0.075
10 0.24921875 0.64375 0.18984375 0.0546875
11 0.065625 0.5234375 0.10078125 0.109375
11 0.3578125 0.76796875 0.1859375 0.0515625
5 0.4234375 0.16796875 0.17421875 0.06484375
5 0.4875 0.515625 0.1390625 0.109375
6 0.8703125 0.853125 0.15859375 0.0921875
6 0.42578125 0.096875 0.18984375 0.0515625
7 0.8046875 0.57890625 0.15859375 0.10078125
7 0.55703125 0.3453125 0.1703125 0.059375
12 0.39453125 0.0453125 0.13515625 0.0703125
12 0.18203125 0.67734375 0.146875 0.06953125
13 0.51875 0.60625 0.12734375 0.06796875
13 0.365625 0.41484375 0.1390625 0.04921875
14 0.49140625 0.4734375 0.1046875 0.09375
14 0.13359375 0.48984375 0.0578125 0.115625
15 0.5453125 0.1484375 0.0734375 0.10625
15 0.61796875 0.5140625 0.10234375 0.0734375
16 0.35 0.2703125 0.13125 0.0359375
16 0.22421875 0.5765625 0.1203125 0.08046875
17 0.409375 0.70234375 0.0984375 0.06171875
17 0.4875 0.54140625 0.08515625 0.078125
18 0.515625 0.2359375 0.07578125 0.0734375
18 0.5515625 0.54140625 0.05390625 0.0765625
19 0.7890625 0.7609375 0.065625 0.08046875
19 0.46875 0.88046875 0.10234375 0.0578125
20 0.60625 0.6390625 0.07578125 0.0703125
20 0.753125 0.5109375 0.0640625 0.05625
21 0.8 0.53046875 0.0640625 0.06328125
21 0.29140625 0.30078125 0.09453125 0.04921875
22 0.38515625 0.9375 0.1203125 0.11953125
22 0.225 0.45703125 0.1375 0.1328125