0 0.64296875 0.21875 0.29140625 0.09765625
0 0.65625 0.40625 0.25078125 0.13359375
1 0.18046875 0.2828125 0.19375 0.13359375
1 0.64453125 0.07734375 0.24375 0.1421875
2 0.10546875 0.57109375 0.12578125 0.19609375
2 0.178125 0.71640625 0.11328125 0.18984375
3 0.384375 0.78671875 0.1890625 0.059375
3 0.8015625 0.23125 0.2046875 0.05234375
4 0.61171875 0.421875 0.184375 0.084375
4 0.44765625 0.1734375 0.190625 0.0796875
8 0.61015625 0.65625 0.153125 0.09921875
8 0.6171875 0.49609375 0.1546875 0.12578125
9 0.2296875 0.21328125 0.1578125 0.09921875
9 0.6203125 0.19296875 0.07578125 0.1625
10 0.43203125 0.67109375 0.10234375 0.11640625
10 0.43828125 0.85703125 0.11484375 0.13046875
11 0.39921875 0.69765625 0.11171875 0.10546875
11 0.9578125 0.44609375 0.05078125 0.1390625
5 0.78984375 0.5609375 0.11484375 0.12734375
5 0.31796875 0.69921875 0.05390625 0.1359375
6 0.2140625 0.8375 0.08515625 0.140625
6 0.6109375 0.8109375 0.11328125 0.1390625
7 0.409375 0.92578125 0.09453125 0.11484375
7 0.50546875 0.64140625 0.05078125 0.1375
12 0.88125 0.575 0.12421875 0.05390625
12 0.58515625 0.57265625 0.10859375 0.0828125
13 0.3 0.325 0.06171875 0.09765625
13 0.23515625 0.7375 0.06171875 0.11171875
14 0.50078125 0.4421875 0.046875 0.10546875
14 0.421875 0.49375 0.07890625 0.09921875
15 0.44140625 0.11796875 0.10546875 0.04609375
15 0.40703125 0.3109375 0.05234375 0.09765625
16 0.921875 0.62265625 0.09296875 0.08125
16 0.0953125 0.41875 0.05859375 0.09609375
17 0.365625 0.85546875 0.09453125 0.04140625
17 0.35859375 0.3109375 0.06171875 0.0796875
18 0.46171875 0.553125 0.06015625 0.0765625
18 0.18984375 0.50234375 0.06484375 0.0734375
19 0.28125 0.3921875 0.08671875 0.04609375
19 0.265625 0.721875 0.05234375 0.071875
20 0.54453125 0.315625 0.06015625 0.0578125
20 0.44765625 0.25234375 0.05546875 0.0640625
21 0.7578125 0.70546875 0.05390625 0.075
21 0.27578125 0.59921875 0.07265625 0.05078125
22 0.85859375 0.71015625 0.1609375 0.078125
23 0.39609375 0.228125 0.06484375 0.05546875