0 0.284375 0.2171875 0.16171875 0.19375
0 0.49296875 0.16015625 0.1921875 0.175
1 0.109375 0.59453125 0.11640625 0.18515625
1 0.8734375 0.26015625 0.16875 0.15
2 0.41015625 0.88515625 0.1484375 0.20859375
2 0.5078125 0.41796875 0.1671875 0.0921875
3 0.83515625 0.5625 0.11484375 0.19375
3 0.91171875 0.4578125 0.05234375 0.24296875
4 0.4890625 0.37578125 0.13203125 0.10234375
4 0.67890625 0.15 0.17734375 0.140625
8 0.696875 0.53984375 0.14375 0.18203125
8 0.25546875 0.47890625 0.1828125 0.084375
9 0.51484375 0.84140625 0.09921875 0.12421875
9 0.2734375 0.359375 0.1890625 0.090625
10 0.25703125 0.83515625 0.13046875 0.12265625
10 0.28125 0.61875 0.17578125 0.04921875
11 0.1234375 0.5609375 0.1421875 0.1109375
11 0.68984375 0.49140625 0.109375 0.15
5 0.70859375 0.77421875 0.1640625 0.0640625
5 0.63671875 0.746875 0.16015625 0.07109375
6 0.43203125 0.4078125 0.13828125 0.08125
6 0.34609375 0.1265625 0.17421875 0.07265625
7 0.33046875 0.58125 0.15546875 0.07265625
7 0.490625 0.528125 0.13828125 0.1140625
12 0.63671875 0.328125 0.128125 0.09921875
12 0.83828125 0.34765625 0.11015625 0.12265625
13 0.52265625 0.74140625 0.1203125 0.0640625
13 0.69140625 0.44140625 0.09765625 0.10078125
14 0.8203125 0.5453125 0.1265625 0.05625
14 0.51953125 0.24375 0.07734375 0.1203125
15 0.5765625 0.69296875 0.0859375 0.07421875
15 0.471875 0.50546875 0.109375 0.0625
16 0.54140625 0.51640625 0.11484375 0.03984375
16 0.7859375 0.1640625 0.11796875 0.04296875
17 0.234375 0.71953125 0.078125 0.07578125
17 0.2328125 0.3109375 0.0671875 0.09765625
18 0.471875 0.6453125 0.07734375 0.04921875
18 0.546875 0.459375 0.07421875 0.07734375
19 0.38046875 0.878125 0.0671875 0.06953125
19 0.67578125 0.67265625 0.0671875 0.07734375
20 0.725 0.6765625 0.08125 0.04921875
20 0.54765625 0.3234375 0.06953125 0.0546875
21 0.446875 0.57265625 0.06796875 0.0515625
21 0.68125 0.3015625 0.0421875 0.084375
22 0.6671875 0.16328125 0.078125 0.18046875
23 0.59921875 0.6671875 0.0578125 0.0515625