0 0.08203125 0.30625 0.10546875 0.13984375
0 0.32578125 0.4390625 0.13046875 0.18203125
1 0.35546875 0.3484375 0.11484375 0.090625
1 0.47578125 0.36171875 0.09609375 0.09765625
2 0.48671875 0.59765625 0.06875 0.16328125
2 0.28046875 0.37578125 0.0890625 0.096875
3 0.4953125 0.3640625 0.13984375 0.09453125
3 0.51796875 0.6890625 0.1640625 0.08828125
4 0.1640625 0.1375 0.1296875 0.10390625
4 0.4890625 0.41640625 0.15625 0.04609375
8 0.23203125 0.54765625 0.04375 0.15
8 0.03125 0.19921875 0.06015625 0.171875
9 0.36015625 0.4515625 0.09375 0.11328125
9 0.459375 0.290625 0.10703125 0.06015625
10 0.26875 0.47890625 0.11171875 0.08203125
10 0.09296875 0.54765625 0.078125 0.06953125
11 0.13515625 0.52265625 0.04140625 0.10625
11 0.56796875 0.36015625 0.1109375 0.053125
5 0.140625 0.43671875 0.0984375 0.08671875
5 0.38515625 0.33359375 0.0859375 0.078125
6 0.60390625 0.3921875 0.09140625 0.10078125
6 0.12109375 0.40859375 0.08828125 0.096875
7 0.49296875 0.74921875 0.1234375 0.07109375
7 0.33671875 0.27109375 0.053125 0.11171875
12 0.37578125 0.68046875 0.07578125 0.07734375
12 0.5734375 0.45 0.10390625 0.04609375
13 0.23203125 0.35078125 0.059375 0.08515625
13 0.49765625 0.47890625 0.0765625 0.07421875
14 0.14140625 0.63203125 0.04453125 0.09765625
14 0.24765625 0.58984375 0.09453125 0.05859375
15 0.27578125 0.27265625 0.0578125 0.05078125
15 0.4359375 0.54296875 0.0640625 0.05703125
16 0.19296875 0.05390625 0.04140625 0.09453125
16 0.3046875 0.55546875 0.0734375 0.07109375
17 0.1953125 0.40390625 0.0359375 0.075
17 0.1796875 0.52734375 0.05 0.06484375
18 0.43125 0.68515625 0.0546875 0.04609375
18 0.1890625 0.5046875 0.0453125 0.053125
19 0.26953125 0.31171875 0.06328125 0.03359375
19 0.44609375 0.27734375 0.04375 0.04296875
20 0.3921875 0.42109375 0.0453125 0.04921875
20 0.0796875 0.38828125 0.04140625 0.05546875
21 0.4796875 0.51328125 0.0421875 0.05
21 0.4375 0.23984375 0.059375 0.03125
22 0.58515625 0.590625 0.12265625 0.09765625
23 0.52734375 0.54453125 0.028125 0.04765625