0 0.434375 0.64609375 0.13203125 0.1046875
0 0.19921875 0.88671875 0.2 0.1296875
1 0.3359375 0.778125 0.17578125 0.1890625
1 0.48671875 0.68203125 0.22734375 0.15703125
2 0.1296875 0.60859375 0.1953125 0.11640625
2 0.8265625 0.62578125 0.121875 0.18515625
3 0.15625 0.75625 0.08984375 0.1125
3 0.24765625 0.5234375 0.21796875 0.05703125
4 0.2640625 0.7703125 0.11015625 0.09609375
4 0.7421875 0.628125 0.10078125 0.18671875
8 0.0828125 0.04453125 0.13515625 0.0765625
8 0.40625 0.4921875 0.21953125 0.05078125
9 0.86953125 0.54765625 0.13828125 0.06328125
9 0.53671875 0.5875 0.06953125 0.1453125
10 0.1875 0.434375 0.05546875 0.15546875
10 0.71015625 0.571875 0.13828125 0.10859375
11 0.6703125 0.73125 0.159375 0.06171875
11 0.23828125 0.38515625 0.0859375 0.09140625
5 0.9125 0.66796875 0.08984375 0.1484375
5 0.84375 0.9578125 0.18046875 0.0421875
6 0.78203125 0.82890625 0.10234375 0.0875
6 0.06640625 0.7046875 0.1203125 0.12578125
7 0.809375 0.67265625 0.09609375 0.12578125
7 0.90234375 0.8453125 0.071875 0.12109375
12 0.65546875 0.428125 0.06640625 0.10703125
12 0.57890625 0.525 0.08125 0.10703125
13 0.225 0.9390625 0.125 0.0875
13 0.28203125 0.4515625 0.05234375 0.1109375
14 0.6703125 0.80546875 0.06171875 0.0828125
14 0.26875 0.521875 0.13984375 0.07421875
15 0.1015625 0.78203125 0.06484375 0.0828125
15 0.959375 0.86328125 0.078125 0.09296875
16 0.70546875 0.6515625 0.078125 0.08046875
16 0.81875 0.91640625 0.11015625 0.0484375
17 0.66328125 0.559375 0.05390625 0.07890625
17 0.3453125 0.6046875 0.0890625 0.0703125
18 0.61484375 0.78125 0.08125 0.06171875
18 0.2109375 0.6484375 0.09140625 0.05703125
19 0.8234375 0.875 0.0796875 0.06015625
19 0.7171875 0.8953125 0.05703125 0.06875
20 0.7375 0.78359375 0.0703125 0.04296875
20 0.35390625 0.82734375 0.05234375 0.05703125
21 0.67890625 0.4875 0.06171875 0.059375
21 0.7671875 0.73515625 0.08984375 0.0453125
22 0.79921875 0.48125 0.1546875 0.08515625
22 0.1828125 0.87421875 0.1671875 0.10390625