0 0.54140625 0.43671875 0.11640625 0.1171875
0 0.803125 0.7859375 0.109375 0.1671875
1 0.28125 0.23125 0.12265625 0.07734375
1 0.71640625 0.65703125 0.08203125 0.2421875
2 0.090625 0.46328125 0.04453125 0.20703125
2 0.60078125 0.22421875 0.0984375 0.08828125
3 0.3796875 0.50703125 0.1 0.0640625
3 0.79609375 0.28046875 0.03515625 0.1984375
4 0.08671875 0.62109375 0.1046875 0.0828125
4 0.75703125 0.90078125 0.09921875 0.0953125
8 0.696875 0.6046875 0.05078125 0.18515625
8 0.4515625 0.125 0.0625 0.09140625
9 0.26484375 0.54921875 0.07890625 0.1375
9 0.9421875 0.771875 0.090625 0.10078125
10 0.12734375 0.4984375 0.02890625 0.15234375
10 0.6515625 0.46640625 0.06953125 0.09140625
11 0.3953125 0.3109375 0.06015625 0.115625
11 0.44609375 0.21015625 0.0359375 0.13046875
5 0.04296875 0.48515625 0.0828125 0.071875
5 0.63046875 0.5265625 0.07109375 0.06640625
6 0.253125 0.28984375 0.07734375 0.06640625
6 0.70625 0.340625 0.0359375 0.159375
7 0.33203125 0.3328125 0.07578125 0.053125
7 0.140625 0.37890625 0.0609375 0.115625
12 0.6890625 0.528125 0.046875 0.10625
12 0.52578125 0.2515625 0.046875 0.11015625
13 0.5046875 0.3484375 0.04375 0.09921875
13 0.2546875 0.140625 0.0609375 0.07890625
14 0.18515625 0.10625 0.05546875 0.10625
14 0.74921875 0.21953125 0.059375 0.0640625
15 0.584375 0.2796875 0.05078125 0.05703125
15 0.56953125 0.5015625 0.046875 0.096875
16 0.35703125 0.27890625 0.04609375 0.084375
16 0.66640625 0.5125 0.03515625 0.10859375
17 0.8421875 0.8484375 0.0359375 0.10078125
17 0.15546875 0.46328125 0.040625 0.07890625
18 0.38984375 0.15703125 0.04140625 0.0640625
18 0.65703125 0.21484375 0.028125 0.09140625
19 0.46796875 0.34140625 0.04296875 0.06953125
19 0.38828125 0.21484375 0.028125 0.084375
20 0.4265625 0.39140625 0.028125 0.07890625
20 0.43046875 0.44765625 0.02734375 0.06640625
21 0.203125 0.5859375 0.04296875 0.0640625
21 0.36328125 0.20859375 0.025 0.0828125
22 0.16484375 0.253125 0.08125 0.09140625
23 0.49453125 0.24921875 0.0328125 0.04375