0 0.5984375 0.86875 0.1484375 0.1625
0 0.3171875 0.16015625 0.25703125 0.08359375
1 0.4875 0.4578125 0.20546875 0.0984375
1 0.25234375 0.5640625 0.1390625 0.15703125
2 0.37890625 0.2265625 0.15234375 0.1390625
2 0.43984375 0.80546875 0.0953125 0.175
3 0.8390625 0.62578125 0.15390625 0.1375
3 0.8828125 0.29609375 0.1390625 0.1109375
4 0.7515625 0.4140625 0.1734375 0.0890625
4 0.1375 0.70078125 0.15625 0.1015625
8 0.58828125 0.0828125 0.190625 0.0734375
8 0.77265625 0.23984375 0.1125 0.14453125
9 0.56484375 0.6203125 0.16171875 0.05859375
9 0.62734375 0.35390625 0.09296875 0.13203125
10 0.18359375 0.9234375 0.1125 0.1359375
10 0.77421875 0.2328125 0.09296875 0.14453125
11 0.71328125 0.30625 0.0703125 0.1265625
11 0.8859375 0.63203125 0.1140625 0.1
5 0.1125 0.53671875 0.12578125 0.10546875
5 0.60546875 0.76484375 0.1375 0.09140625
6 0.134375 0.38828125 0.05546875 0.13046875
6 0.07734375 0.61875 0.1390625 0.06640625
7 0.40703125 0.38984375 0.1203125 0.0875
7 0.51796875 0.21328125 0.0796875 0.13359375
12 0.3375 0.6 0.053125 0.1140625
12 0.79609375 0.5515625 0.06875 0.11796875
13 0.253125 0.825 0.06875 0.1109375
13 0.5875 0.35859375 0.08984375 0.09296875
14 0.26484375 0.0703125 0.1375 0.06640625
14 0.2828125 0.6671875 0.11640625 0.08359375
15 0.68125 0.2265625 0.078125 0.09609375
15 0.584375 0.4875 0.05703125 0.09609375
16 0.87890625 0.49921875 0.1046875 0.08046875
16 0.1859375 0.3765625 0.0625 0.1
17 0.625 0.23515625 0.06875 0.08359375
17 0.47109375 0.44921875 0.0859375 0.05859375
18 0.365625 0.7234375 0.08359375 0.05703125
18 0.74375 0.58671875 0.0703125 0.0765625
19 0.09140625 0.4046875 0.05703125 0.08046875
19 0.9046875 0.66796875 0.09140625 0.0609375
20 0.31171875 0.22734375 0.078125 0.0484375
20 0.3609375 0.7734375 0.07421875 0.05
21 0.421875 0.6109375 0.07421875 0.04609375
21 0.7484375 0.4515625 0.07265625 0.05390625
22 0.49609375 0.30703125 0.0515625 0.13203125
23 0.32578125 0.38515625 0.06484375 0.0515625