0 0.48671875 0.34765625 0.22421875 0.11171875
0 0.6046875 0.6265625 0.23671875 0.07109375
1 0.5890625 0.50703125 0.134375 0.19453125
1 0.4125 0.70078125 0.17890625 0.1640625
2 0.61953125 0.3796875 0.24296875 0.1125
2 0.4078125 0.88671875 0.12890625 0.153125
3 0.38359375 0.75 0.14765625 0.1375
3 0.77265625 0.58203125 0.14765625 0.1375
4 0.646875 0.8828125 0.1890625 0.11875
4 0.459375 0.58046875 0.23828125 0.04765625
8 0.6375 0.43515625 0.12265625 0.125
8 0.51484375 0.78203125 0.1921875 0.12265625
9 0.7390625 0.30234375 0.12109375 0.11796875
9 0.86640625 0.48046875 0.1515625 0.07578125
10 0.5453125 0.8328125 0.175 0.0921875
10 0.49296875 0.92578125 0.0953125 0.084375
11 0.815625 0.7109375 0.20234375 0.046875
11 0.55234375 0.6953125 0.15625 0.08984375
5 0.7171875 0.38984375 0.14140625 0.11015625
5 0.146875 0.5125 0.12421875 0.1296875
6 0.41953125 0.32265625 0.14140625 0.07578125
6 0.18984375 0.7125 0.16484375 0.0671875
7 0.1765625 0.48125 0.16640625 0.05859375
7 0.18125 0.63828125 0.14765625 0.0859375
12 0.38515625 0.384375 0.14453125 0.0453125
12 0.7515625 0.5125 0.16328125 0.0671875
13 0.48359375 0.47578125 0.10390625 0.07265625
13 0.4109375 0.615625 0.14140625 0.03515625
14 0.703125 0.76796875 0.14140625 0.0625
14 0.67734375 0.76328125 0.08359375 0.09296875
15 0.43046875 0.43828125 0.12265625 0.06484375
15 0.4171875 0.68046875 0.1140625 0.07265625
16 0.284375 0.5359375 0.0921875 0.0671875
16 0.59375 0.7328125 0.04765625 0.08828125
17 0.140625 0.53828125 0.1140625 0.04375
17 0.31796875 0.653125 0.078125 0.06875
18 0.46875 0.509375 0.0765625 0.06484375
18 0.6578125 0.565625 0.08125 0.05
19 0.2734375 0.46640625 0.0578125 0.06953125
19 0.45390625 0.64453125 0.0921875 0.0296875
20 0.55078125 0.54453125 0.06484375 0.04296875
20 0.53046875 0.865625 0.06484375 0.0453125
21 0.62421875 0.0875 0.06484375 0.0671875
21 0.64453125 0.515625 0.075 0.04921875
22 0.371875 0.5046875 0.1140625 0.11015625
23 0.734375 0.47890625 0.075 0.04765625