0 0.28046875 0.51953125 0.19375 0.1375
0 0.2546875 0.540625 0.28984375 0.05703125
1 0.053125 0.603125 0.08203125 0.259375
1 0.67890625 0.14453125 0.21328125 0.2265625
2 0.38671875 0.69453125 0.1796875 0.15078125
2 0.496875 0.89609375 0.1484375 0.184375
3 0.540625 0.57890625 0.15703125 0.15546875
3 0.28828125 0.40625 0.0734375 0.19609375
4 0.4375 0.56328125 0.1203125 0.16015625
4 0.80859375 0.10859375 0.0609375 0.2140625
8 0.134375 0.2546875 0.15 0.10390625
8 0.296875 0.778125 0.09765625 0.15546875
9 0.5078125 0.83125 0.1640625 0.11328125
9 0.73359375 0.9515625 0.16953125 0.090625
10 0.625 0.884375 0.15390625 0.10234375
10 0.83828125 0.62109375 0.1625 0.090625
11 0.51640625 0.72734375 0.1078125 0.11640625
11 0.7265625 0.453125 0.1625 0.05703125
5 0.2171875 0.44296875 0.11015625 0.11484375
5 0.21171875 0.3625 0.09609375 0.128125
6 0.67421875 0.56484375 0.0921875 0.134375
6 0.6 0.19453125 0.090625 0.14609375
7 0.909375 0.55 0.1671875 0.0765625
7 0.53671875 0.38515625 0.14453125 0.0953125
12 0.26953125 0.5421875 0.0921875 0.0953125
12 0.73203125 0.89765625 0.0578125 0.1203125
13 0.08046875 0.646875 0.121875 0.0484375
13 0.434375 0.12734375 0.11171875 0.09921875
14 0.46484375 0.3140625 0.05390625 0.11640625
14 0.475 0.21875 0.12578125 0.0484375
15 0.53203125 0.47109375 0.06640625 0.0890625
15 0.34765625 0.3109375 0.059375 0.096875
16 0.73203125 0.5515625 0.09921875 0.05703125
16 0.67890625 0.359375 0.0625 0.11171875
17 0.14140625 0.6890625 0.09765625 0.0515625
17 0.65390625 0.73203125 0.0921875 0.06953125
18 0.51953125 0.32109375 0.08515625 0.06484375
18 0.4375 0.64609375 0.0578125 0.07265625
19 0.34140625 0.59453125 0.07890625 0.0453125
19 0.7828125 0.8859375 0.0609375 0.0796875
20 0.4703125 0.67734375 0.06484375 0.0453125
20 0.1703125 0.64453125 0.06796875 0.04375
21 0.54921875 0.74296875 0.05078125 0.06953125
21 0.5953125 0.66640625 0.0625 0.06796875
22 0.75703125 0.6609375 0.1671875 0.0484375
22 0.14765625 0.55703125 0.071875 0.1375