0 0.56640625 0.41484375 0.22109375 0.0484375
0 0.30703125 0.9296875 0.17421875 0.1015625
1 0.54453125 0.0390625 0.1234375 0.07734375
1 0.64140625 0.6984375 0.0765625 0.18828125
2 0.68671875 0.6859375 0.16796875 0.0609375
2 0.6390625 0.10390625 0.13828125 0.08515625
3 0.36171875 0.290625 0.078125 0.13046875
3 0.29296875 0.33203125 0.15390625 0.0984375
4 0.3171875 0.9015625 0.13046875 0.10390625
4 0.72421875 0.29140625 0.15 0.053125
8 0.515625 0.47890625 0.1234375 0.0828125
8 0.309375 0.4109375 0.1296875 0.0578125
9 0.06640625 0.59140625 0.08671875 0.125
9 0.7703125 0.75546875 0.1453125 0.034375
10 0.64453125 0.125 0.1203125 0.07109375
10 0.115625 0.690625 0.078125 0.09921875
11 0.5296875 0.06796875 0.08515625 0.0796875
11 0.23671875 0.6703125 0.0765625 0.10625
5 0.3125 0.959375 0.13203125 0.0328125
5 0.29765625 0.36171875 0.115625 0.06953125
6 0.125 0.7953125 0.13203125 0.053125
6 0.5875 0.34921875 0.05625 0.09453125
7 0.18984375 0.83125 0.1203125 0.05
7 0.23359375 0.84296875 0.12578125 0.0484375
12 0.92109375 0.59296875 0.1046875 0.040625
12 0.546875 0.221875 0.096875 0.03125
13 0.1734375 0.64921875 0.1 0.0578125
13 0.41796875 0.73515625 0.0359375 0.09765625
14 0.81796875 0.51171875 0.09453125 0.06015625
14 0.615625 0.18984375 0.05546875 0.0671875
15 0.36953125 0.4390625 0.0609375 0.0609375
15 0.31640625 0.50703125 0.04921875 0.0796875
16 0.240625 0.3828125 0.03984375 0.07734375
16 0.5265625 0.2609375 0.05859375 0.0578125
17 0.6015625 0.57265625 0.0671875 0.046875
17 0.72578125 0.55 0.07109375 0.0515625
18 0.40390625 0.89375 0.03984375 0.06796875
18 0.2859375 0.29921875 0.07109375 0.04140625
19 0.81484375 0.7203125 0.06875 0.034375
19 0.54765625 0.584375 0.03359375 0.059375
20 0.55546875 0.5515625 0.046875 0.028125
20 0.4390625 0.6875 0.0578125 0.0375
21 0.10703125 0.7421875 0.0625 0.0328125
21 0.51484375 0.565625 0.03828125 0.053125
22 0.3640625 0.6 0.0828125 0.0921875
23 0.41484375 0.640625 0.05625 0.059375