0 0.234375 0.39453125 0.178125 0.08984375
0 0.30546875 0.40234375 0.17421875 0.13984375
1 0.54375 0.25078125 0.1953125 0.05625
1 0.3546875 0.4703125 0.08125 0.16171875
2 0.8328125 0.125 0.0921875 0.090625
2 0.06171875 0.48984375 0.09453125 0.14375
3 0.234375 0.44453125 0.06640625 0.1359375
3 0.61796875 0.1484375 0.14765625 0.07734375
4 0.24609375 0.55234375 0.09921875 0.12734375
4 0.4890625 0.434375 0.1125 0.109375
8 0.13359375 0.5484375 0.09609375 0.12265625
8 0.46328125 0.5921875 0.08828125 0.05390625
9 0.4265625 0.50546875 0.11171875 0.04765625
9 0.67578125 0.1109375 0.071875 0.11484375
10 0.3 0.59140625 0.090625 0.0953125
10 0.89765625 0.19140625 0.11015625 0.06953125
11 0.425 0.1 0.11015625 0.0765625
11 0.0390625 0.50390625 0.06796875 0.075
5 0.55546875 0.24453125 0.07265625 0.09765625
5 0.6125 0.2203125 0.109375 0.0375
6 0.4203125 0.0984375 0.04765625 0.1109375
6 0.50859375 0.67578125 0.08359375 0.0875
7 0.6140625 0.1109375 0.10546875 0.071875
7 0.40234375 0.80859375 0.10390625 0.0640625
12 0.83125 0.41875 0.0984375 0.03984375
12 0.55390625 0.1796875 0.0609375 0.07421875
13 0.62890625 0.06484375 0.0390625 0.0875
13 0.42109375 0.10859375 0.0765625 0.053125
14 0.51953125 0.96484375 0.0859375 0.0484375
14 0.88125 0.471875 0.0875 0.06171875
15 0.6890625 0.21171875 0.071875 0.053125
15 0.84140625 0.28828125 0.04609375 0.06640625
16 0.52265625 0.76171875 0.05703125 0.07109375
16 0.81015625 0.25390625 0.06640625 0.053125
17 0.3234375 0.07890625 0.03671875 0.07109375
17 0.7375 0.1765625 0.071875 0.02734375
18 0.81171875 0.21953125 0.06640625 0.02890625
18 0.83828125 0.39296875 0.059375 0.0453125
19 0.63828125 0.25078125 0.05703125 0.04296875
19 0.54921875 0.171875 0.05546875 0.04296875
20 0.53125 0.4765625 0.0484375 0.03359375
20 0.49609375 0.81796875 0.05 0.034375
21 0.6015625 0.16640625 0.0421875 0.0453125
21 0.275 0.44921875 0.053125 0.034375
22 0.76640625 0.4828125 0.1203125 0.06015625
22 0.46875 0.0734375 0.07890625 0.06328125