0 0.11796875 0.8578125 0.075 0.17109375
0 0.61484375 0.39296875 0.0921875 0.10390625
1 0.50859375 0.25703125 0.0671875 0.13984375
1 0.40078125 0.33515625 0.07890625 0.17734375
2 0.71484375 0.41171875 0.0578125 0.1296875
2 0.3734375 0.35078125 0.090625 0.0765625
3 0.378125 0.29765625 0.0890625 0.12890625
3 0.43046875 0.2578125 0.06640625 0.109375
4 0.234375 0.09375 0.05390625 0.09921875
4 0.59765625 0.50859375 0.06640625 0.14921875
8 0.690625 0.83671875 0.0734375 0.08984375
8 0.628125 0.484375 0.08671875 0.1375
9 0.52109375 0.52890625 0.096875 0.0640625
9 0.5953125 0.50703125 0.0546875 0.1234375
10 0.37890625 0.165625 0.096875 0.04453125
10 0.62109375 0.73203125 0.0796875 0.090625
11 0.628125 0.3625 0.05859375 0.11875
11 0.8703125 0.09296875 0.05234375 0.11953125
5 0.5546875 0.70390625 0.0640625 0.1
5 0.659375 0.70234375 0.04765625 0.09375
6 0.60078125 0.59296875 0.04140625 0.1171875
6 0.45625 0.25703125 0.05234375 0.07421875
7 0.7375 0.64453125 0.0984375 0.0375
7 0.021875 0.18359375 0.0390625 0.12578125
12 0.746875 0.2265625 0.02890625 0.109375
12 0.5796875 0.7625 0.04375 0.084375
13 0.665625 0.5203125 0.06875 0.0734375
13 0.41328125 0.10703125 0.03359375 0.09453125
14 0.50390625 0.75078125 0.04921875 0.08125
14 0.78046875 0.29296875 0.02265625 0.09765625
15 0.76015625 0.29609375 0.03046875 0.0828125
15 0.95625 0.9671875 0.06796875 0.0578125
16 0.10234375 0.86171875 0.05234375 0.0609375
16 0.67734375 0.428125 0.0296875 0.07734375
17 0.58671875 0.28359375 0.05625 0.05546875
17 0.68515625 0.628125 0.0390625 0.06796875
18 0.6671875 0.575 0.05390625 0.0546875
18 0.671875 0.56015625 0.034375 0.0578125
19 0.825 0.1703125 0.04765625 0.0390625
19 0.38046875 0.10546875 0.0375 0.0640625
20 0.37421875 0.21015625 0.05546875 0.0328125
20 0.43359375 0.3265625 0.0328125 0.034375
21 0.63828125 0.5640625 0.03984375 0.0328125
21 0.378125 0.0265625 0.04296875 0.0515625
22 0.09609375 0.053125 0.0875 0.09140625
22 0.49140625 0.328125 0.09375 0.0453125