0 0.675 0.3703125 0.1296875 0.11484375
0 0.7390625 0.9203125 0.1296875 0.11015625
1 0.28671875 0.225 0.1015625 0.19296875
1 0.721875 0.26171875 0.14765625 0.0953125
2 0.43125 0.3125 0.04375 0.15859375
2 0.81875 0.6828125 0.1453125 0.09296875
3 0.49921875 0.32109375 0.103125 0.1171875
3 0.6546875 0.48671875 0.1546875 0.046875
4 0.55078125 0.21953125 0.10390625 0.1171875
4 0.51015625 0.228125 0.1125 0.12734375
8 0.65859375 0.21484375 0.140625 0.046875
8 0.61484375 0.409375 0.1140625 0.09140625
9 0.49453125 0.37421875 0.10078125 0.10390625
9 0.559375 0.628125 0.10390625 0.09140625
10 0.04140625 0.73515625 0.05703125 0.09765625
10 0.453125 0.7109375 0.0328125 0.1234375
11 0.8765625 0.80546875 0.07734375 0.1
11 0.85234375 0.37578125 0.084375 0.09921875
5 0.378125 0.40078125 0.0765625 0.10625
5 0.93984375 0.41953125 0.05703125 0.0828125
6 0.63359375 0.05625 0.11484375 0.07578125
6 0.46875 0.32109375 0.053125 0.07265625
7 0.62109375 0.128125 0.1140625 0.0609375
7 0.28828125 0.415625 0.084375 0.07890625
12 0.6015625 0.453125 0.0875 0.04609375
12 0.58515625 0.65390625 0.06640625 0.0765625
13 0.36328125 0.190625 0.08203125 0.0546875
13 0.4375 0.1609375 0.08828125 0.04609375
14 0.85625 0.42578125 0.053125 0.08046875
14 0.26875 0.296875 0.065625 0.06953125
15 0.721875 0.24453125 0.0796875 0.0421875
15 0.71875 0.921875 0.05546875 0.0515625
16 0.4125 0.678125 0.06015625 0.07578125
16 0.61640625 0.290625 0.07734375 0.03671875
17 0.57734375 0.3625 0.06796875 0.04921875
17 0.815625 0.85 0.053125 0.065625
18 0.325 0.1625 0.059375 0.040625
18 0.3375 0.5046875 0.04609375 0.065625
19 0.90390625 0.75390625 0.0546875 0.046875
19 0.33203125 0.35390625 0.0421875 0.05703125
20 0.76640625 0.35 0.06015625 0.0421875
20 0.6171875 0.31875 0.0484375 0.034375
21 0.496875 0.17890625 0.0546875 0.034375
21 0.41171875 0.20859375 0.053125 0.046875
22 0.70546875 0.7734375 0.09296875 0.0828125
22 0.41015625 0.1875 0.0546875 0.12265625