0 0.68046875 0.37734375 0.1234375 0.16875
0 0.34609375 0.559375 0.26171875 0.115625
1 0.5890625 0.2859375 0.2421875 0.1125
1 0.79296875 0.5984375 0.24921875 0.06640625
2 0.525 0.31015625 0.05 0.22109375
2 0.23359375 0.4546875 0.1453125 0.1265625
3 0.84296875 0.33046875 0.09140625 0.1984375
3 0.50078125 0.803125 0.18828125 0.1015625
4 0.80546875 0.36875 0.184375 0.09140625
4 0.37890625 0.7265625 0.06640625 0.196875
8 0.7890625 0.64375 0.0875 0.1828125
8 0.29375 0.7859375 0.121875 0.1578125
9 0.46171875 0.1125 0.159375 0.0734375
9 0.75078125 0.234375 0.05703125 0.1703125
10 0.40859375 0.23984375 0.075 0.14921875
10 0.725 0.48984375 0.14140625 0.06328125
11 0.159375 0.59453125 0.11796875 0.10859375
11 0.171875 0.69140625 0.15078125 0.0984375
5 0.29296875 0.665625 0.07734375 0.13125
5 0.5921875 0.43515625 0.16328125 0.06640625
6 0.415625 0.353125 0.146875 0.0546875
6 0.62734375 0.784375 0.1109375 0.140625
7 0.665625 0.5484375 0.1453125 0.06875
7 0.6578125 0.78515625 0.1359375 0.1171875
12 0.50234375 0.8828125 0.1203125 0.06640625
12 0.45234375 0.7578125 0.06953125 0.1015625
13 0.703125 0.1453125 0.05234375 0.115625
13 0.30390625 0.5703125 0.1203125 0.07734375
14 0.46796875 0.23515625 0.0828125 0.09140625
14 0.60859375 0.353125 0.0953125 0.096875
15 0.69296875 0.690625 0.0984375 0.06484375
15 0.48203125 0.51171875 0.0828125 0.0859375
16 0.45 0.41953125 0.05390625 0.1015625
16 0.38359375 0.69296875 0.1109375 0.05625
17 0.57109375 0.46171875 0.0625 0.08046875
17 0.6171875 0.88359375 0.0734375 0.0859375
18 0.56953125 0.2 0.07890625 0.0453125
18 0.52421875 0.5546875 0.05546875 0.084375
19 0.57109375 0.1328125 0.06953125 0.07578125
19 0.19765625 0.621875 0.04453125 0.07578125
20 0.6265625 0.1171875 0.05546875 0.06640625
20 0.1359375 0.45546875 0.05390625 0.06875
21 0.74375 0.7375 0.0609375 0.071875
21 0.6 0.615625 0.06484375 0.04921875
22 0.63046875 0.653125 0.15078125 0.071875
22 0.6296875 0.4671875 0.06953125 0.15234375