0 0.8140625 0.35390625 0.2515625 0.11328125
0 0.8140625 0.41796875 0.1078125 0.28515625
1 0.2890625 0.540625 0.146875 0.1046875
1 0.85546875 0.4609375 0.109375 0.1796875
2 0.44296875 0.1421875 0.146875 0.1046875
2 0.29375 0.64609375 0.13046875 0.12734375
3 0.77734375 0.73671875 0.12578125 0.15234375
3 0.4125 0.296875 0.1 0.17109375
4 0.50078125 0.71796875 0.11953125 0.08828125
4 0.89140625 0.46015625 0.15859375 0.15234375
8 0.140625 0.6953125 0.12421875 0.14765625
8 0.396875 0.278125 0.1765625 0.06953125
9 0.465625 0.55546875 0.1828125 0.0625
9 0.71640625 0.1609375 0.20390625 0.0578125
10 0.440625 0.80078125 0.0671875 0.13203125
10 0.6859375 0.2390625 0.09140625 0.15078125
11 0.58671875 0.53203125 0.078125 0.1421875
11 0.68046875 0.72734375 0.1390625 0.08125
5 0.71328125 0.45234375 0.1484375 0.07265625
5 0.440625 0.82890625 0.103125 0.075
6 0.603125 0.64921875 0.06171875 0.1390625
6 0.43359375 0.62265625 0.16796875 0.0390625
7 0.2890625 0.21640625 0.09765625 0.096875
7 0.60703125 0.0765625 0.175 0.07265625
12 0.84921875 0.6015625 0.1359375 0.04921875
12 0.78984375 0.23125 0.1453125 0.0390625
13 0.53828125 0.8765625 0.04375 0.115625
13 0.4078125 0.46015625 0.04375 0.10546875
14 0.59453125 0.22890625 0.1109375 0.04609375
14 0.6453125 0.2734375 0.05859375 0.103125
15 0.42421875 0.69453125 0.034375 0.08671875
15 0.48515625 0.4546875 0.06171875 0.078125
16 0.71875 0.75625 0.09453125 0.04375
16 0.6953125 0.52734375 0.0703125 0.078125
17 0.2140625 0.66015625 0.05546875 0.07109375
17 0.478125 0.5 0.08984375 0.05234375
18 0.77265625 0.26484375 0.04921875 0.06484375
18 0.79921875 0.37109375 0.075 0.0609375
19 0.4765625 0.5828125 0.06015625 0.05234375
19 0.31796875 0.46640625 0.05078125 0.0640625
20 0.68046875 0.61796875 0.034375 0.07109375
20 0.5671875 0.47265625 0.0421875 0.0640625
21 0.53125 0.465625 0.0359375 0.07421875
21 0.6578125 0.4140625 0.08359375 0.05078125
22 0.53125 0.16484375 0.1109375 0.13203125
23 0.7546875 0.60625 0.05546875 0.05078125