0 0.49921875 0.39765625 0.03828125 0.19921875
0 0.575 0.359375 0.13828125 0.1640625
1 0.3640625 0.8203125 0.2125 0.06015625
1 0.446875 0.4296875 0.08984375 0.1234375
2 0.5984375 0.39765625 0.15703125 0.06171875
2 0.38515625 0.57578125 0.1296875 0.15390625
3 0.309375 0.45234375 0.1140625 0.10703125
3 0.3328125 0.575 0.1296875 0.11171875
4 0.6078125 0.590625 0.14375 0.07890625
4 0.084375 0.7 0.06875 0.15390625
8 0.1890625 0.44921875 0.1265625 0.11015625
8 0.76328125 0.70546875 0.13125 0.07890625
9 0.78125 0.27578125 0.12421875 0.1
9 0.91875 0.56640625 0.0484375 0.1484375
10 0.41015625 0.13125 0.08515625 0.1015625
10 0.40234375 0.58984375 0.078125 0.0984375
11 0.34921875 0.1390625 0.0765625 0.11171875
11 0.09609375 0.5515625 0.05 0.11171875
5 0.803125 0.8109375 0.0765625 0.10546875
5 0.72109375 0.7296875 0.1 0.071875
6 0.2125 0.40234375 0.09140625 0.1015625
6 0.8125 0.59453125 0.10703125 0.071875
7 0.515625 0.19296875 0.05703125 0.121875
7 0.5421875 0.153125 0.0640625 0.11328125
12 0.84765625 0.4109375 0.096875 0.06875
12 0.71328125 0.51875 0.08984375 0.05859375
13 0.190625 0.2734375 0.0625 0.1015625
13 0.5953125 0.24765625 0.096875 0.046875
14 0.621875 0.68984375 0.04140625 0.0921875
14 0.83984375 0.88828125 0.084375 0.06171875
15 0.43828125 0.16484375 0.0640625 0.08046875
15 0.26640625 0.19609375 0.07421875 0.075
16 0.6671875 0.4484375 0.078125 0.06171875
16 0.27109375 0.65859375 0.05859375 0.08515625
17 0.85390625 0.34453125 0.06953125 0.053125
17 0.5734375 0.778125 0.0671875 0.065625
18 0.6125 0.54921875 0.065625 0.05703125
18 0.3296875 0.06796875 0.07265625 0.0421875
19 0.56875 0.6609375 0.05390625 0.065625
19 0.60078125 0.5921875 0.04296875 0.05859375
20 0.43984375 0.553125 0.05390625 0.04140625
20 0.6828125 0.86328125 0.04453125 0.05859375
21 0.46328125 0.25546875 0.06015625 0.06484375
21 0.678125 0.95234375 0.0625 0.0515625
22 0.3546875 0.37578125 0.1 0.08671875
22 0.31953125 0.52734375 0.10078125 0.071875