0 0.75859375 0.853125 0.17890625 0.2234375
0 0.15859375 0.25078125 0.15546875 0.21015625
1 0.78515625 0.38046875 0.0921875 0.271875
1 0.5390625 0.2 0.190625 0.19375
2 0.234375 0.49921875 0.18828125 0.18125
2 0.61875 0.625 0.19609375 0.08515625
3 0.14453125 0.6453125 0.1375 0.1734375
3 0.38046875 0.59375 0.184375 0.08125
4 0.09140625 0.5296875 0.13046875 0.1203125
4 0.33125 0.615625 0.09609375 0.11640625
8 0.44140625 0.6359375 0.1359375 0.1015625
8 0.32734375 0.22109375 0.09453125 0.1046875
9 0.83046875 0.528125 0.08671875 0.18515625
9 0.50234375 0.265625 0.0921875 0.175
10 0.91953125 0.34140625 0.146875 0.13203125
10 0.540625 0.44296875 0.10859375 0.153125
11 0.125 0.37109375 0.1234375 0.09296875
11 0.81796875 0.6640625 0.16640625 0.06015625
5 0.29609375 0.50078125 0.09765625 0.121875
5 0.284375 0.19921875 0.1484375 0.11640625
6 0.6109375 0.09453125 0.13359375 0.15703125
6 0.11640625 0.69375 0.08671875 0.1453125
7 0.2296875 0.515625 0.06015625 0.16640625
7 0.78125 0.64765625 0.0703125 0.16640625
12 0.88046875 0.553125 0.1265625 0.06796875
12 0.8734375 0.5546875 0.1015625 0.09375
13 0.62890625 0.48125 0.065625 0.15
13 0.55859375 0.596875 0.07265625 0.1296875
14 0.375 0.396875 0.1046875 0.1
14 0.44375 0.53515625 0.06875 0.1296875
15 0.08515625 0.25078125 0.1015625 0.125
15 0.14140625 0.4390625 0.10703125 0.0546875
16 0.36640625 0.13515625 0.06484375 0.09375
16 0.69140625 0.49921875 0.1140625 0.06640625
17 0.65859375 0.3125 0.1 0.0484375
17 0.878125 0.6296875 0.09375 0.05
18 0.225 0.21015625 0.08515625 0.05859375
18 0.371875 0.27734375 0.0671875 0.078125
19 0.53125 0.34921875 0.0671875 0.06640625
19 0.42890625 0.27734375 0.08828125 0.06015625
20 0.51328125 0.334375 0.04296875 0.05703125
20 0.26953125 0.4015625 0.0453125 0.06796875
21 0.915625 0.4671875 0.07578125 0.08984375
21 0.559375 0.55625 0.08671875 0.06875
22 0.42265625 0.33203125 0.0453125 0.1765625
23 0.74296875 0.278125 0.0578125 0.0703125