0 0.2453125 0.38828125 0.06640625 0.21484375
0 0.2015625 0.3625 0.0828125 0.228125
1 0.2765625 0.6453125 0.09375 0.234375
1 0.59375 0.171875 0.22578125 0.06015625
2 0.56171875 0.4625 0.10234375 0.1375
2 0.56484375 0.27109375 0.19140625 0.05390625
3 0.6171875 0.6234375 0.10078125 0.1453125
3 0.66171875 0.3890625 0.065625 0.15703125
4 0.87265625 0.4828125 0.1546875 0.06171875
4 0.7375 0.4453125 0.059375 0.15625
8 0.446875 0.0859375 0.1546875 0.07265625
8 0.4234375 0.30234375 0.146875 0.06171875
9 0.78671875 0.47265625 0.0953125 0.13125
9 0.3390625 0.9203125 0.13515625 0.103125
10 0.07734375 0.3890625 0.04765625 0.1421875
10 0.4234375 0.62109375 0.12890625 0.06328125
11 0.37578125 0.340625 0.1109375 0.07578125
11 0.1671875 0.3640625 0.0609375 0.1234375
5 0.35703125 0.1546875 0.13203125 0.04296875
5 0.78984375 0.6375 0.07890625 0.1171875
6 0.5515625 0.31875 0.1140625 0.06640625
6 0.296875 0.6921875 0.115625 0.08828125
7 0.32890625 0.54140625 0.0609375 0.1078125
7 0.41015625 0.65390625 0.04609375 0.13125
12 0.9453125 0.409375 0.10078125 0.06640625
12 0.58515625 0.8046875 0.10546875 0.06015625
13 0.4484375 0.39296875 0.10234375 0.05078125
13 0.7359375 0.81953125 0.05078125 0.1078125
14 0.47734375 0.7 0.07890625 0.08515625
14 0.3640625 0.57734375 0.04296875 0.0953125
15 0.26171875 0.78125 0.0546875 0.08671875
15 0.44453125 0.4984375 0.0640625 0.07421875
16 0.49609375 0.740625 0.08125 0.05859375
16 0.45 0.3171875 0.04609375 0.08515625
17 0.30234375 0.38046875 0.05078125 0.07265625
17 0.12421875 0.521875 0.0515625 0.09296875
18 0.6328125 0.46875 0.0609375 0.07109375
18 0.709375 0.3984375 0.05078125 0.07109375
19 0.5921875 0.4046875 0.06796875 0.04609375
19 0.33125 0.23828125 0.04296875 0.07265625
20 0.740625 0.33515625 0.04765625 0.06171875
20 0.25703125 0.48984375 0.0625 0.04765625
21 0.11875 0.40078125 0.04453125 0.06953125
21 0.61015625 0.11328125 0.0546875 0.06328125
22 0.390625 0.83046875 0.0609375 0.1328125
22 0.5953125 0.34609375 0.0921875 0.109375