0 0.8359375 0.57109375 0.1578125 0.109375
0 0.34609375 0.3484375 0.20625 0.071875
1 0.72265625 0.4703125 0.17578125 0.12890625
1 0.62265625 0.4859375 0.19375 0.05546875
2 0.30703125 0.65390625 0.14765625 0.11875
2 0.35390625 0.83671875 0.1015625 0.1859375
3 0.57109375 0.80234375 0.1546875 0.10703125
3 0.64453125 0.5640625 0.103125 0.1578125
4 0.08359375 0.4265625 0.15625 0.09765625
4 0.51953125 0.41796875 0.0484375 0.18828125
8 0.521875 0.87265625 0.12578125 0.13125
8 0.640625 0.8953125 0.1328125 0.12578125
9 0.1796875 0.27578125 0.075 0.1328125
9 0.59140625 0.85625 0.13125 0.06875
10 0.30078125 0.603125 0.12421875 0.10234375
10 0.5796875 0.4125 0.07421875 0.1171875
11 0.096875 0.3375 0.0796875 0.12109375
11 0.6328125 0.40546875 0.053125 0.15234375
5 0.91953125 0.834375 0.1046875 0.09921875
5 0.71484375 0.61796875 0.09921875 0.08203125
6 0.44921875 0.815625 0.103125 0.12421875
6 0.190625 0.359375 0.11015625 0.07734375
7 0.17578125 0.5296875 0.13359375 0.05234375
7 0.23515625 0.56484375 0.1265625 0.065625
12 0.490625 0.61875 0.103125 0.05
12 0.5390625 0.6765625 0.06015625 0.12734375
13 0.37578125 0.453125 0.040625 0.12109375
13 0.953125 0.73359375 0.065625 0.12109375
14 0.18359375 0.73359375 0.08203125 0.090625
14 0.26953125 0.3953125 0.08671875 0.07890625
15 0.4140625 0.70703125 0.053125 0.109375
15 0.32265625 0.3796875 0.0796875 0.05546875
16 0.61640625 0.5265625 0.08359375 0.0640625
16 0.6640625 0.65703125 0.06171875 0.08203125
17 0.73984375 0.665625 0.06796875 0.05859375
17 0.25625 0.48515625 0.075 0.05390625
18 0.15859375 0.5828125 0.0484375 0.07890625
18 0.25703125 0.28125 0.0796875 0.065625
19 0.43984375 0.484375 0.06015625 0.07578125
19 0.3296875 0.51328125 0.06796875 0.05
20 0.43828125 0.58359375 0.04765625 0.0640625
20 0.4546875 0.38984375 0.04765625 0.07578125
21 0.5046875 0.5375 0.0640625 0.05234375
21 0.1359375 0.0578125 0.0515625 0.071875
22 0.84921875 0.74609375 0.10625 0.0890625
22 0.7625 0.71796875 0.0796875 0.10703125