0 0.21171875 0.746875 0.21328125 0.14921875
0 0.33203125 0.47421875 0.13515625 0.26640625
1 0.40390625 0.659375 0.159375 0.1609375
1 0.459375 0.33671875 0.140625 0.1578125
2 0.55078125 0.678125 0.1609375 0.16796875
2 0.75703125 0.4921875 0.1484375 0.159375
3 0.66484375 0.38671875 0.0703125 0.2171875
3 0.3453125 0.79765625 0.228125 0.11875
4 0.09453125 0.5265625 0.078125 0.19375
4 0.30859375 0.85859375 0.2015625 0.096875
8 0.4640625 0.434375 0.209375 0.06484375
8 0.61796875 0.33046875 0.06484375 0.1921875
9 0.2734375 0.62890625 0.18671875 0.06640625
9 0.4609375 0.325 0.0515625 0.18828125
10 0.56171875 0.33515625 0.1015625 0.140625
10 0.7296875 0.35625 0.10703125 0.14609375
11 0.9234375 0.634375 0.128125 0.15078125
11 0.36171875 0.51953125 0.16484375 0.075
5 0.60546875 0.925 0.16640625 0.08125
5 0.32109375 0.39765625 0.13125 0.12578125
6 0.3046875 0.19453125 0.18359375 0.07265625
6 0.91640625 0.83671875 0.1484375 0.08828125
7 0.7 0.81640625 0.06640625 0.153125
7 0.646875 0.5671875 0.16875 0.07109375
12 0.7140625 0.20546875 0.08671875 0.14296875
12 0.54140625 0.6234375 0.08671875 0.1015625
13 0.47578125 0.784375 0.140625 0.0578125
13 0.80390625 0.90078125 0.0484375 0.134375
14 0.5703125 0.51953125 0.06328125 0.11875
14 0.79296875 0.80234375 0.10703125 0.096875
15 0.7265625 0.63046875 0.128125 0.04921875
15 0.759375 0.91015625 0.05546875 0.11171875
16 0.25078125 0.3765625 0.07578125 0.0953125
16 0.89921875 0.77421875 0.12421875 0.05078125
17 0.19140625 0.50703125 0.1015625 0.07265625
17 0.64921875 0.08984375 0.08359375 0.10546875
18 0.5234375 0.54140625 0.05390625 0.078125
18 0.7453125 0.7515625 0.0796875 0.0828125
19 0.64375 0.740625 0.0609375 0.08828125
19 0.346875 0.678125 0.090625 0.059375
20 0.88125 0.6640625 0.078125 0.0609375
20 0.75390625 0.8234375 0.059375 0.06484375
21 0.6640625 0.66640625 0.08359375 0.06640625
21 0.4890625 0.52109375 0.059375 0.0609375
22 0.30859375 0.2828125 0.16875 0.096875
23 0.18046875 0.221875 0.0984375 0.05625