0 0.8 0.24296875 0.18984375 0.1765625
0 0.3953125 0.3375 0.2765625 0.11015625
1 0.740625 0.5140625 0.1921875 0.1296875
1 0.19296875 0.80234375 0.26875 0.0796875
2 0.1515625 0.4453125 0.1046875 0.19140625
2 0.6140625 0.1234375 0.1578125 0.1
3 0.26796875 0.45234375 0.21640625 0.06015625
3 0.440625 0.56953125 0.1171875 0.1578125
4 0.83203125 0.72890625 0.19765625 0.05
4 0.540625 0.6890625 0.0625 0.159375
8 0.378125 0.92109375 0.18984375 0.06171875
8 0.39609375 0.1171875 0.13359375 0.1515625
9 0.70625 0.340625 0.159375 0.09140625
9 0.2875 0.8421875 0.13515625 0.11640625
10 0.75625 0.240625 0.15546875 0.1046875
10 0.08515625 0.53984375 0.06484375 0.13515625
11 0.23046875 0.5609375 0.1453125 0.0828125
11 0.25625 0.13515625 0.125 0.10625
5 0.3625 0.534375 0.1109375 0.11015625
5 0.38671875 0.76796875 0.14765625 0.0453125
6 0.83046875 0.58671875 0.10078125 0.11171875
6 0.14140625 0.7078125 0.09296875 0.12109375
7 0.73203125 0.45390625 0.06640625 0.1234375
7 0.4078125 0.82578125 0.11328125 0.1078125
12 0.35078125 0.58203125 0.090625 0.0796875
12 0.21640625 0.83359375 0.1046875 0.053125
13 0.53359375 0.91875 0.06484375 0.096875
13 0.8859375 0.45078125 0.06640625 0.10625
14 0.15625 0.7015625 0.13515625 0.05859375
14 0.1453125 0.84140625 0.07265625 0.11484375
15 0.23046875 0.90234375 0.096875 0.05859375
15 0.59609375 0.921875 0.0765625 0.0828125
16 0.68203125 0.39609375 0.1109375 0.053125
16 0.34765625 0.73359375 0.1046875 0.05
17 0.66640625 0.82734375 0.0765625 0.0734375
17 0.60625 0.6046875 0.0609375 0.08515625
18 0.17890625 0.63671875 0.0625 0.08125
18 0.83046875 0.4921875 0.09296875 0.046875
19 0.540625 0.36015625 0.09921875 0.0484375
19 0.82421875 0.7796875 0.0765625 0.06796875
20 0.8046875 0.87265625 0.075 0.06171875
20 0.3078125 0.69375 0.0828125 0.046875
21 0.496875 0.83671875 0.05625 0.06640625
21 0.3 0.8875 0.0625 0.0515625
22 0.68515625 0.6625 0.11328125 0.11953125
23 0.77578125 0.34921875 0.06875 0.046875