0 0.40859375 0.6015625 0.12734375 0.2171875
0 0.4 0.27734375 0.1625 0.15234375
1 0.2515625 0.32109375 0.16953125 0.11328125
1 0.85703125 0.47109375 0.10078125 0.11171875
2 0.428125 0.38828125 0.08125 0.21484375
2 0.6359375 0.77734375 0.06328125 0.21875
3 0.48203125 0.07265625 0.18125 0.0875
3 0.45859375 0.9453125 0.17421875 0.090625
4 0.178125 0.65625 0.1515625 0.14375
4 0.346875 0.89375 0.04609375 0.1921875
8 0.5203125 0.83515625 0.16796875 0.06953125
8 0.9109375 0.69453125 0.07734375 0.1875
9 0.29765625 0.4140625 0.1109375 0.084375
9 0.6171875 0.63046875 0.1625 0.05859375
10 0.41015625 0.63359375 0.121875 0.07421875
10 0.51484375 0.23046875 0.10625 0.11640625
11 0.22734375 0.90546875 0.07578125 0.125
11 0.80546875 0.403125 0.04609375 0.1421875
5 0.5984375 0.42265625 0.0515625 0.1421875
5 0.2890625 0.76015625 0.084375 0.1359375
6 0.4375 0.79609375 0.10390625 0.084375
6 0.3984375 0.4546875 0.08671875 0.1328125
7 0.08515625 0.88203125 0.125 0.1
7 0.1609375 0.803125 0.1359375 0.06796875
12 0.22890625 0.48828125 0.0703125 0.11015625
12 0.59140625 0.8921875 0.10546875 0.05859375
13 0.53515625 0.90234375 0.096875 0.06796875
13 0.28046875 0.83203125 0.1125 0.0359375
14 0.58125 0.790625 0.09921875 0.040625
14 0.340625 0.88828125 0.109375 0.0453125
15 0.4921875 0.5109375 0.08984375 0.06953125
15 0.48984375 0.6015625 0.05859375 0.10234375
16 0.409375 0.73125 0.0421875 0.096875
16 0.27734375 0.784375 0.0984375 0.07265625
17 0.4046875 0.96484375 0.07734375 0.05625
17 0.47578125 0.45625 0.07265625 0.07578125
18 0.5671875 0.690625 0.04609375 0.08125
18 0.34140625 0.47265625 0.065625 0.06328125
19 0.56171875 0.34296875 0.07421875 0.0453125
19 0.28125 0.50234375 0.0375 0.07734375
20 0.1625 0.84140625 0.053125 0.0484375
20 0.60859375 0.69296875 0.0390625 0.07265625
21 0.2734375 0.86171875 0.0671875 0.0375
21 0.2296875 0.3671875 0.06328125 0.0484375
22 0.546875 0.57421875 0.08125 0.1421875
22 0.54140625 0.7265625 0.1125 0.1