0 0.346875 0.278125 0.13984375 0.3046875
0 0.7203125 0.525 0.28203125 0.171875
1 0.25859375 0.703125 0.22734375 0.23671875
1 0.62109375 0.66640625 0.30234375 0.10078125
2 0.79140625 0.47265625 0.21875 0.15078125
2 0.65546875 0.33671875 0.24453125 0.14765625
3 0.246875 0.4296875 0.11484375 0.21328125
3 0.53515625 0.30703125 0.1640625 0.1609375
4 0.56015625 0.84921875 0.1859375 0.1328125
4 0.41015625 0.20234375 0.13984375 0.20234375
8 0.27890625 0.875 0.2390625 0.07421875
8 0.5640625 0.19765625 0.22890625 0.06484375
9 0.66328125 0.12734375 0.215625 0.0859375
9 0.55234375 0.42421875 0.22578125 0.06640625
10 0.7109375 0.6828125 0.184375 0.0875
10 0.31171875 0.41015625 0.13125 0.084375
11 0.709375 0.3625 0.17421875 0.0796875
11 0.74921875 0.50078125 0.17265625 0.1109375
5 0.675 0.7703125 0.17109375 0.0546875
5 0.11953125 0.5796875 0.0515625 0.17890625
6 0.16640625 0.61640625 0.0765625 0.1171875
6 0.425 0.72578125 0.1796875 0.078125
7 0.85078125 0.67578125 0.1109375 0.1125
7 0.51796875 0.3359375 0.19140625 0.05625
12 0.5203125 0.521875 0.06640625 0.12890625
12 0.2921875 0.56171875 0.1265625 0.06796875
13 0.53984375 0.2359375 0.1234375 0.0609375
13 0.665625 0.57578125 0.0875 0.0828125
14 0.76328125 0.8390625 0.11796875 0.09609375
14 0.8890625 0.4703125 0.1125 0.09296875
15 0.8109375 0.41171875 0.11796875 0.078125
15 0.271875 0.55234375 0.1125 0.07421875
16 0.46015625 0.56875 0.06875 0.1078125
16 0.48046875 0.82890625 0.14375 0.078125
17 0.85078125 0.3296875 0.1109375 0.053125
17 0.19375 0.68203125 0.10390625 0.06953125
18 0.60390625 0.259375 0.04609375 0.0875
18 0.38984375 0.67734375 0.09921875 0.05
19 0.71171875 0.93046875 0.0765625 0.0828125
19 0.60546875 0.803125 0.09609375 0.059375
20 0.7078125 0.2390625 0.075 0.06796875
20 0.64375 0.43671875 0.04921875 0.07265625
21 0.40234375 0.59140625 0.04609375 0.07578125
21 0.6625 0.671875 0.04921875 0.06328125
22 0.55625 0.70390625 0.11484375 0.16875
23 0.2796875 0.83046875 0.04921875 0.0609375