0 0.36640625 0.34765625 0.13046875 0.07421875
0 0.67890625 0.53984375 0.0828125 0.16953125
1 0.3234375 0.3140625 0.0734375 0.19375
1 0.484375 0.53203125 0.1265625 0.10625
2 0.925 0.79609375 0.0625 0.159375
2 0.48828125 0.4140625 0.1546875 0.06875
3 0.52421875 0.61796875 0.128125 0.1046875
3 0.82578125 0.8203125 0.08125 0.14140625
4 0.3546875 0.17734375 0.14375 0.0640625
4 0.63828125 0.41796875 0.06015625 0.140625
8 0.68828125 0.85625 0.04140625 0.14140625
8 0.65 0.62734375 0.04375 0.140625
9 0.84375 0.4625 0.075 0.1171875
9 0.5109375 0.63515625 0.10703125 0.09609375
10 0.92421875 0.58671875 0.03984375 0.11640625
10 0.7296875 0.73984375 0.10546875 0.08203125
11 0.86171875 0.6296875 0.05078125 0.10703125
11 0.8140625 0.49765625 0.04921875 0.0984375
5 0.509375 0.48046875 0.11484375 0.05234375
5 0.3828125 0.40234375 0.11484375 0.0359375
6 0.46640625 0.39140625 0.05625 0.11640625
6 0.86015625 0.596875 0.08515625 0.078125
7 0.39765625 0.22578125 0.09609375 0.05078125
7 0.71171875 0.73671875 0.090625 0.0921875
12 0.9296875 0.68203125 0.0921875 0.05390625
12 0.74765625 0.9 0.090625 0.0578125
13 0.6203125 0.6765625 0.09453125 0.04453125
13 0.821875 0.5015625 0.0703125 0.075
14 0.7796875 0.7796875 0.084375 0.06015625
14 0.61796875 0.76484375 0.0734375 0.071875
15 0.0796875 0.05859375 0.04921875 0.08203125
15 0.69921875 0.40078125 0.07890625 0.05078125
16 0.3734375 0.1296875 0.08828125 0.04453125
16 0.6203125 0.40078125 0.08515625 0.03828125
17 0.4671875 0.278125 0.04375 0.0703125
17 0.5796875 0.5421875 0.04140625 0.07265625
18 0.73203125 0.68984375 0.04765625 0.05859375
18 0.72578125 0.446875 0.0625 0.0484375
19 0.79765625 0.8078125 0.05703125 0.05234375
19 0.784375 0.9578125 0.06015625 0.05625
20 0.784375 0.42734375 0.053125 0.0421875
20 0.803125 0.840625 0.04921875 0.04609375
21 0.6421875 0.7265625 0.04921875 0.0484375
21 0.83828125 0.86875 0.05625 0.04609375
22 0.70703125 0.8515625 0.1109375 0.071875
23 0.82109375 0.57109375 0.05625 0.040625