0 0.40546875 0.72734375 0.19609375 0.09375
0 0.11328125 0.725 0.05234375 0.21328125
1 0.4 0.11953125 0.16171875 0.17265625
1 0.6109375 0.346875 0.11640625 0.18828125
2 0.2265625 0.37109375 0.06640625 0.16171875
2 0.9125 0.715625 0.11171875 0.18359375
3 0.678125 0.565625 0.15390625 0.0609375
3 0.38828125 0.3796875 0.1484375 0.059375
4 0.35859375 0.78671875 0.065625 0.14921875
4 0.18203125 0.31640625 0.07421875 0.14921875
8 0.35234375 0.16640625 0.1203125 0.10390625
8 0.09375 0.25703125 0.08984375 0.11640625
9 0.1125 0.171875 0.128125 0.0578125
9 0.6625 0.259375 0.05390625 0.15078125
10 0.67890625 0.25625 0.11640625 0.0953125
10 0.4484375 0.4296875 0.10546875 0.07890625
11 0.4578125 0.490625 0.0515625 0.12734375
11 0.1984375 0.89765625 0.05859375 0.11875
5 0.12734375 0.77421875 0.10859375 0.08046875
5 0.3359375 0.6234375 0.10546875 0.05703125
6 0.3484375 0.36171875 0.0421875 0.134375
6 0.66640625 0.77734375 0.10390625 0.096875
7 0.56015625 0.33203125 0.08203125 0.1078125
7 0.75859375 0.36640625 0.1078125 0.09375
12 0.3265625 0.5125 0.09453125 0.06484375
12 0.18828125 0.2765625 0.06953125 0.0859375
13 0.31171875 0.3296875 0.084375 0.0625
13 0.359375 0.66328125 0.09375 0.0375
14 0.25390625 0.63984375 0.06953125 0.07890625
14 0.11640625 0.22734375 0.03828125 0.0953125
15 0.271875 0.81015625 0.0484375 0.0859375
15 0.17265625 0.34921875 0.07578125 0.0484375
16 0.70546875 0.08125 0.09140625 0.05703125
16 0.4828125 0.5546875 0.04453125 0.0828125
17 0.43359375 0.79375 0.05546875 0.075
17 0.27890625 0.38515625 0.0625 0.06484375
18 0.40859375 0.334375 0.0640625 0.03984375
18 0.1515625 0.409375 0.05546875 0.0578125
19 0.29765625 0.1859375 0.05390625 0.0625
19 0.51640625 0.3453125 0.0640625 0.03984375
20 0.39140625 0.5734375 0.0484375 0.05390625
20 0.321875 0.434375 0.0515625 0.04453125
21 0.1875 0.66015625 0.05234375 0.059375
21 0.50703125 0.51796875 0.0375 0.0625
22 0.72421875 0.4296875 0.0359375 0.1421875
23 0.2796875 0.75234375 0.05625 0.0390625