0 0.2953125 0.2640625 0.20078125 0.15390625
0 0.7 0.178125 0.11953125 0.13359375
1 0.7765625 0.7140625 0.1109375 0.12578125
1 0.13203125 0.6546875 0.25859375 0.065625
2 0.48515625 0.165625 0.15625 0.115625
2 0.91953125 0.48515625 0.07578125 0.2140625
3 0.46640625 0.3390625 0.078125 0.1734375
3 0.65625 0.2984375 0.16796875 0.0640625
4 0.45546875 0.46015625 0.1796875 0.0796875
4 0.27734375 0.1046875 0.1015625 0.178125
8 0.58359375 0.83046875 0.184375 0.06796875
8 0.7734375 0.36953125 0.09609375 0.08984375
9 0.72421875 0.63046875 0.07109375 0.14140625
9 0.82109375 0.53984375 0.0921875 0.1234375
10 0.79296875 0.3296875 0.1375 0.071875
10 0.9046875 0.5125 0.1 0.0796875
11 0.82734375 0.284375 0.103125 0.0796875
11 0.85625 0.48828125 0.08671875 0.11015625
5 0.29296875 0.74453125 0.1234375 0.08359375
5 0.56875 0.67265625 0.09921875 0.13203125
6 0.5515625 0.15546875 0.125 0.128125
6 0.290625 0.3015625 0.08125 0.1015625
7 0.38359375 0.79453125 0.13359375 0.05859375
7 0.6734375 0.25078125 0.1265625 0.0703125
12 0.62734375 0.11484375 0.1140625 0.065625
12 0.4984375 0.71484375 0.06328125 0.1015625
13 0.28359375 0.709375 0.08125 0.09140625
13 0.7546875 0.528125 0.05078125 0.09765625
14 0.653125 0.68359375 0.09453125 0.0640625
14 0.58125 0.69609375 0.07109375 0.0921875
15 0.35546875 0.4625 0.08125 0.06640625
15 0.46796875 0.9390625 0.059375 0.0984375
16 0.31640625 0.646875 0.09453125 0.0734375
16 0.659375 0.43046875 0.04921875 0.09453125
17 0.684375 0.60546875 0.08125 0.0421875
17 0.428125 0.7328125 0.0703125 0.06796875
18 0.53125 0.54140625 0.06328125 0.0703125
18 0.51953125 0.6671875 0.04296875 0.0625
19 0.52421875 0.38828125 0.0484375 0.0796875
19 0.6265625 0.63359375 0.07109375 0.0515625
20 0.78515625 0.6125 0.06171875 0.0421875
20 0.690625 0.56015625 0.06171875 0.04375
21 0.54296875 0.76953125 0.06171875 0.03984375
21 0.4359375 0.51640625 0.03984375 0.07578125
22 0.62890625 0.7515625 0.1015625 0.12421875
22 0.72265625 0.48046875 0.14296875 0.08359375