0 0.11171875 0.73046875 0.15546875 0.1953125
0 0.1953125 0.4015625 0.0984375 0.18671875
1 0.36640625 0.36171875 0.10859375 0.1578125
1 0.553125 0.35859375 0.0875 0.20625
2 0.2515625 0.3515625 0.07578125 0.11796875
2 0.2859375 0.16015625 0.13671875 0.0671875
3 0.87890625 0.43828125 0.07109375 0.12734375
3 0.615625 0.49140625 0.12734375 0.04453125
4 0.71484375 0.38359375 0.10234375 0.11015625
4 0.2828125 0.1359375 0.05546875 0.20625
8 0.37421875 0.59296875 0.109375 0.06484375
8 0.75859375 0.90546875 0.0875 0.13515625
9 0.6 0.29921875 0.10078125 0.0734375
9 0.07421875 0.32734375 0.0984375 0.1234375
10 0.81171875 0.44921875 0.071875 0.11796875
10 0.94140625 0.6421875 0.0875 0.1078125
11 0.665625 0.2984375 0.04296875 0.14921875
11 0.22109375 0.64375 0.0265625 0.1625
5 0.32265625 0.53046875 0.0859375 0.04140625
5 0.37734375 0.64296875 0.0828125 0.04296875
6 0.11796875 0.50703125 0.078125 0.121875
6 0.45390625 0.68515625 0.0828125 0.07890625
7 0.584375 0.35625 0.0859375 0.06171875
7 0.921875 0.659375 0.0859375 0.090625
12 0.146875 0.28515625 0.06328125 0.10078125
12 0.453125 0.46953125 0.03203125 0.1390625
13 0.28671875 0.41640625 0.0390625 0.12734375
13 0.56875 0.65703125 0.075 0.0546875
14 0.2953125 0.90078125 0.0375 0.11796875
14 0.2125 0.51875 0.07265625 0.05
15 0.77734375 0.4390625 0.0328125 0.103125
15 0.7421875 0.62890625 0.04609375 0.05
16 0.81484375 0.51171875 0.04609375 0.090625
16 0.23671875 0.44453125 0.05390625 0.05703125
17 0.5171875 0.2328125 0.0328125 0.103125
17 0.82265625 0.37265625 0.04609375 0.07734375
18 0.175 0.61640625 0.046875 0.0734375
18 0.140625 0.3640625 0.02734375 0.084375
19 0.2765625 0.54609375 0.0375 0.0703125
19 0.853125 0.46015625 0.0328125 0.07421875
20 0.6046875 0.40234375 0.03984375 0.04140625
20 0.18046875 0.75078125 0.03203125 0.06484375
21 0.59453125 0.5484375 0.025 0.07890625
21 0.040625 0.61171875 0.04921875 0.053125
22 0.32265625 0.6546875 0.0734375 0.1390625
22 0.16171875 0.4265625 0.06796875 0.09921875