0 0.38984375 0.19921875 0.16484375 0.1203125
0 0.36484375 0.365625 0.15703125 0.13125
1 0.29140625 0.51953125 0.109375 0.215625
1 0.73359375 0.60703125 0.15078125 0.1765625
2 0.8078125 0.478125 0.14609375 0.090625
2 0.45234375 0.18125 0.15859375 0.2234375
3 0.6890625 0.684375 0.20546875 0.134375
3 0.61953125 0.14609375 0.13046875 0.11171875
4 0.20859375 0.44609375 0.11875 0.2171875
4 0.52265625 0.8140625 0.18984375 0.15859375
8 0.22890625 0.31484375 0.21328125 0.06953125
8 0.85 0.61015625 0.12734375 0.121875
9 0.84453125 0.771875 0.17265625 0.140625
9 0.1421875 0.45703125 0.15234375 0.1359375
10 0.7875 0.22890625 0.18671875 0.0484375
10 0.73359375 0.42421875 0.084375 0.1765625
11 0.71015625 0.728125 0.15390625 0.11484375
11 0.42265625 0.39921875 0.17109375 0.0953125
5 0.7734375 0.3734375 0.13671875 0.11640625
5 0.33359375 0.74609375 0.17578125 0.07109375
6 0.4734375 0.496875 0.18203125 0.0890625
6 0.8375 0.32578125 0.16796875 0.05703125
7 0.50078125 0.33984375 0.15546875 0.11015625
7 0.6171875 0.565625 0.11875 0.1296875
12 0.5109375 0.425 0.075 0.10859375
12 0.853125 0.38203125 0.14296875 0.06171875
13 0.69453125 0.26875 0.14453125 0.0546875
13 0.50546875 0.2453125 0.14296875 0.04375
14 0.46484375 0.6234375 0.0984375 0.0796875
14 0.55234375 0.90078125 0.0984375 0.1296875
15 0.63671875 0.46328125 0.053125 0.1265625
15 0.715625 0.8671875 0.0859375 0.11484375
16 0.69296875 0.2046875 0.1 0.06796875
16 0.46640625 0.81328125 0.1234375 0.07578125
17 0.771875 0.1640625 0.1046875 0.06015625
17 0.89921875 0.6734375 0.0640625 0.0921875
18 0.38203125 0.66484375 0.0578125 0.084375
18 0.53046875 0.665625 0.0734375 0.0796875
19 0.38515625 0.7890625 0.0953125 0.06640625
19 0.459375 0.67890625 0.09375 0.06015625
20 0.2625 0.51796875 0.0421875 0.06796875
20 0.6125 0.24609375 0.05 0.07578125
21 0.5640625 0.81796875 0.078125 0.053125
22 0.56484375 0.23984375 0.1234375 0.1265625
23 0.6234375 0.83515625 0.071875 0.06796875