0 0.7171875 0.8890625 0.28125 0.159375
0 0.165625 0.69140625 0.146875 0.28828125
1 0.48984375 0.2859375 0.15390625 0.14453125
1 0.7203125 0.5671875 0.20078125 0.27890625
2 0.296875 0.27578125 0.14375 0.24375
2 0.8796875 0.478125 0.12109375 0.1640625
3 0.78203125 0.68203125 0.07890625 0.22578125
3 0.384375 0.10859375 0.21875 0.09375
4 0.4625 0.54609375 0.1296875 0.18359375
4 0.265625 0.90390625 0.20078125 0.06875
8 0.90078125 0.309375 0.15703125 0.1515625
8 0.85078125 0.49765625 0.178125 0.11875
9 0.69375 0.22109375 0.13125 0.12734375
9 0.80390625 0.69765625 0.18125 0.08515625
10 0.88984375 0.578125 0.11328125 0.1625
10 0.11640625 0.675 0.1421875 0.14140625
11 0.45625 0.39921875 0.1328125 0.11640625
11 0.17578125 0.1828125 0.10859375 0.18203125
5 0.20234375 0.3859375 0.07109375 0.18203125
5 0.79609375 0.3859375 0.096875 0.13984375
6 0.4453125 0.69453125 0.084375 0.16953125
6 0.4296875 0.76328125 0.134375 0.10234375
7 0.50703125 0.88984375 0.14375 0.07265625
7 0.7265625 0.73046875 0.1 0.1640625
12 0.3171875 0.60078125 0.084375 0.1484375
12 0.34375 0.33046875 0.06328125 0.1375
13 0.24296875 0.80390625 0.1265625 0.078125
13 0.4265625 0.8828125 0.05625 0.13984375
14 0.1859375 0.50078125 0.11640625 0.08671875
14 0.34609375 0.6671875 0.0484375 0.1328125
15 0.82578125 0.57890625 0.0953125 0.065625
15 0.72734375 0.48828125 0.06953125 0.10078125
16 0.67421875 0.45 0.046875 0.12578125
16 0.5203125 0.80703125 0.11171875 0.05625
17 0.64921875 0.34375 0.06796875 0.08984375
17 0.73203125 0.35546875 0.0921875 0.05625
18 0.253125 0.709375 0.06015625 0.096875
18 0.546875 0.36328125 0.06484375 0.0828125
19 0.38984375 0.61328125 0.06796875 0.08125
19 0.59453125 0.35390625 0.053125 0.08984375
20 0.584375 0.50859375 0.06484375 0.07421875
20 0.38984375 0.8515625 0.06171875 0.053125
21 0.378125 0.3484375 0.05 0.08125
21 0.5015625 0.1875 0.084375 0.053125
22 0.2875 0.52578125 0.06640625 0.19296875
23 0.54921875 0.92734375 0.07578125 0.04921875