0 0.9078125 0.6109375 0.1765625 0.12578125
0 0.65625 0.75625 0.16640625 0.1296875
1 0.63515625 0.4984375 0.14453125 0.16796875
1 0.32890625 0.578125 0.15234375 0.1359375
2 0.21015625 0.2734375 0.05234375 0.15390625
2 0.4015625 0.16328125 0.14296875 0.08984375
3 0.4390625 0.15859375 0.10390625 0.13046875
3 0.196875 0.846875 0.1484375 0.05703125
4 0.4328125 0.8421875 0.13203125 0.09921875
4 0.1890625 0.88359375 0.14296875 0.04375
8 0.3421875 0.70078125 0.07578125 0.1203125
8 0.478125 0.65078125 0.1328125 0.059375
9 0.21953125 0.41953125 0.1265625 0.05234375
9 0.44296875 0.48359375 0.05 0.1265625
10 0.32578125 0.40625 0.08828125 0.09296875
10 0.5296875 0.21796875 0.10625 0.08046875
11 0.64296875 0.815625 0.11640625 0.04375
11 0.33125 0.32734375 0.1046875 0.0671875
5 0.4953125 0.465625 0.0546875 0.115625
5 0.4796875 0.88125 0.1046875 0.078125
6 0.1 0.559375 0.1125 0.065625
6 0.1421875 0.309375 0.10234375 0.08046875
7 0.1546875 0.259375 0.10234375 0.078125
7 0.32265625 0.5703125 0.08828125 0.09296875
12 0.3578125 0.25234375 0.05078125 0.09921875
12 0.52890625 0.553125 0.07578125 0.07578125
13 0.5734375 0.50078125 0.0828125 0.07109375
13 0.59296875 0.78671875 0.096875 0.04140625
14 0.8328125 0.59609375 0.10390625 0.0375
14 0.15703125 0.359375 0.08671875 0.046875
15 0.43359375 0.32734375 0.08984375 0.05703125
15 0.49921875 0.28984375 0.08046875 0.0671875
16 0.05546875 0.93359375 0.05 0.08359375
16 0.61328125 0.7546875 0.08046875 0.03828125
17 0.8296875 0.6328125 0.07421875 0.05625
17 0.5140625 0.59921875 0.040625 0.0671875
18 0.496875 0.16640625 0.06484375 0.05703125
18 0.53671875 0.2640625 0.06484375 0.04375
19 0.3984375 0.3796875 0.06796875 0.04609375
19 0.38828125 0.64765625 0.06484375 0.03984375
20 0.61796875 0.03828125 0.0640625 0.05078125
20 0.3984375 0.4375 0.03984375 0.0546875
21 0.26640625 0.3859375 0.0578125 0.03359375
21 0.07890625 0.58828125 0.0421875 0.05703125
22 0.484375 0.22734375 0.13046875 0.053125
23 0.9296875 0.559375 0.0765625 0.04609375