0 0.3171875 0.84765625 0.203125 0.10546875
0 0.41484375 0.7609375 0.15234375 0.1734375
1 0.6484375 0.4375 0.09296875 0.20078125
1 0.79375 0.44375 0.1828125 0.0953125
2 0.72734375 0.7296875 0.19921875 0.07109375
2 0.25546875 0.69609375 0.04921875 0.18203125
3 0.14375 0.4953125 0.18046875 0.08515625
3 0.39453125 0.44453125 0.1 0.14765625
4 0.484375 0.2953125 0.125 0.1234375
4 0.16953125 0.6078125 0.15546875 0.11015625
8 0.47421875 0.584375 0.190625 0.06953125
8 0.68515625 0.7046875 0.17890625 0.04296875
9 0.215625 0.77265625 0.10625 0.13671875
9 0.4625 0.3609375 0.084375 0.13203125
10 0.903125 0.28203125 0.1265625 0.0828125
10 0.4140625 0.584375 0.125 0.0953125
11 0.3875 0.659375 0.09453125 0.0984375
11 0.4 0.2578125 0.11015625 0.08828125
5 0.840625 0.528125 0.13828125 0.09140625
5 0.28984375 0.5890625 0.0859375 0.1046875
6 0.46015625 0.4734375 0.08828125 0.10546875
6 0.48828125 0.21796875 0.046875 0.11875
7 0.12890625 0.540625 0.15 0.040625
7 0.3484375 0.928125 0.140625 0.08359375
12 0.66171875 0.78203125 0.1296875 0.04765625
12 0.4046875 0.52734375 0.103125 0.0625
13 0.784375 0.58359375 0.10625 0.07109375
13 0.57578125 0.2703125 0.11015625 0.059375
14 0.32890625 0.75546875 0.065625 0.08515625
14 0.72578125 0.3875 0.05703125 0.0984375
15 0.6453125 0.5859375 0.046875 0.08046875
15 0.28984375 0.48984375 0.11171875 0.03828125
16 0.13125 0.603125 0.07421875 0.08046875
16 0.2640625 0.3671875 0.059375 0.08125
17 0.82578125 0.29453125 0.0578125 0.08046875
17 0.54765625 0.1640625 0.05234375 0.071875
18 0.5296875 0.0359375 0.0859375 0.0484375
18 0.546875 0.221875 0.07265625 0.05078125
19 0.465625 0.659375 0.0859375 0.03515625
19 0.30625 0.70546875 0.06796875 0.059375
20 0.56015625 0.084375 0.05703125 0.05234375
20 0.9171875 0.328125 0.07265625 0.0359375
21 0.5546875 0.503125 0.05390625 0.0625
21 0.68671875 0.56171875 0.0453125 0.0640625
22 0.75625 0.64296875 0.09765625 0.11015625
22 0.61171875 0.62890625 0.046875 0.13125