0 0.8359375 0.34375 0.18359375 0.16875
0 0.64140625 0.8328125 0.13125 0.22734375
1 0.225 0.4015625 0.140625 0.18671875
1 0.18359375 0.48828125 0.140625 0.2171875
2 0.64140625 0.1171875 0.134375 0.12734375
2 0.2859375 0.20078125 0.2203125 0.046875
3 0.4765625 0.66484375 0.1171875 0.16875
3 0.25703125 0.46171875 0.2171875 0.06640625
4 0.4265625 0.1234375 0.1890625 0.071875
4 0.321875 0.28203125 0.1796875 0.1234375
8 0.2 0.5546875 0.178125 0.05546875
8 0.7171875 0.3046875 0.10546875 0.0828125
9 0.21484375 0.671875 0.13671875 0.13984375
9 0.31171875 0.18203125 0.0796875 0.159375
10 0.62890625 0.2515625 0.1484375 0.0875
10 0.1625 0.26796875 0.1640625 0.07734375
11 0.3015625 0.5359375 0.0875 0.121875
11 0.40546875 0.828125 0.084375 0.12578125
5 0.3578125 0.36484375 0.1171875 0.11640625
5 0.48046875 0.78671875 0.0625 0.13984375
6 0.1140625 0.4640625 0.1 0.1109375
6 0.4984375 0.77890625 0.140625 0.0984375
7 0.19921875 0.76484375 0.08984375 0.10390625
7 0.8890625 0.69140625 0.0859375 0.096875
12 0.79609375 0.65703125 0.1265625 0.08046875
12 0.28203125 0.08984375 0.134375 0.04296875
13 0.41484375 0.56953125 0.0640625 0.11484375
13 0.72265625 0.578125 0.1171875 0.06640625
14 0.91484375 0.48359375 0.06875 0.121875
14 0.6453125 0.55078125 0.0640625 0.11328125
15 0.47578125 0.578125 0.0609375 0.10234375
15 0.565625 0.55546875 0.05625 0.096875
16 0.3921875 0.709375 0.11328125 0.05703125
16 0.9171875 0.459375 0.11875 0.05546875
17 0.7328125 0.44296875 0.078125 0.075
17 0.528125 0.27265625 0.0640625 0.11484375
18 0.52421875 0.3890625 0.0796875 0.075
18 0.28125 0.60234375 0.08203125 0.05
19 0.5359375 0.6203125 0.071875 0.06796875
19 0.32890625 0.4078125 0.0484375 0.0734375
20 0.315625 0.76796875 0.05625 0.06953125
20 0.6484375 0.11953125 0.07421875 0.04453125
21 0.4546875 0.32265625 0.07421875 0.05390625
21 0.621875 0.5546875 0.0765625 0.0484375
22 0.7484375 0.7359375 0.11328125 0.134375
22 0.196875 0.84296875 0.109375 0.06640625