0 0.42578125 0.7828125 0.12421875 0.11015625
0 0.628125 0.4203125 0.16484375 0.06484375
1 0.5609375 0.109375 0.1125 0.13046875
1 0.2359375 0.8234375 0.14453125 0.09609375
2 0.78984375 0.16953125 0.13046875 0.08046875
2 0.503125 0.359375 0.13671875 0.06953125
3 0.35859375 0.1671875 0.059375 0.115625
3 0.63203125 0.05546875 0.11484375 0.05703125
4 0.61640625 0.22890625 0.1078125 0.07734375
4 0.6203125 0.36484375 0.11015625 0.06015625
8 0.38359375 0.8515625 0.11796875 0.06796875
8 0.95078125 0.19375 0.0515625 0.1171875
9 0.515625 0.53203125 0.04609375 0.1046875
9 0.17265625 0.95234375 0.115625 0.0546875
10 0.5203125 0.2140625 0.06875 0.078125
10 0.0828125 0.9171875 0.10078125 0.040625
11 0.91015625 0.225 0.0625 0.08984375
11 0.865625 0.2984375 0.0828125 0.07265625
5 0.3828125 0.1109375 0.03828125 0.09609375
5 0.34375 0.65390625 0.090625 0.06328125
6 0.3359375 0.5046875 0.06640625 0.0984375
6 0.36328125 0.5609375 0.04453125 0.08828125
7 0.43671875 0.1609375 0.0984375 0.0359375
7 0.7375 0.2375 0.07890625 0.075
12 0.42109375 0.5609375 0.0671875 0.0578125
12 0.4421875 0.44921875 0.046875 0.0734375
13 0.4703125 0.5296875 0.05390625 0.06484375
13 0.6421875 0.26484375 0.046875 0.06953125
14 0.39921875 0.24375 0.04296875 0.07734375
14 0.3234375 0.71796875 0.05625 0.06015625
15 0.678125 0.26015625 0.03515625 0.065625
15 0.74765625 0.428125 0.06484375 0.0453125
16 0.7875 0.32109375 0.04140625 0.07265625
16 0.55234375 0.4015625 0.05625 0.059375
17 0.753125 0.365625 0.05625 0.05234375
17 0.16953125 0.88984375 0.0515625 0.0609375
18 0.4984375 0.4625 0.05625 0.0328125
18 0.13046875 0.88984375 0.05078125 0.04765625
19 0.4390625 0.6296875 0.05390625 0.04296875
19 0.5328125 0.26171875 0.05390625 0.03515625
20 0.2671875 0.6453125 0.0515625 0.046875
20 0.38515625 0.7625 0.04609375 0.05078125
21 0.3375 0.60390625 0.03671875 0.0546875
21 0.48984375 0.66875 0.0484375 0.03515625
22 0.2515625 0.921875 0.10078125 0.046875
22 0.42734375 0.0703125 0.08203125 0.04765625