0 0.67734375 0.84453125 0.2171875 0.153125
0 0.37890625 0.75390625 0.1796875 0.1625
1 0.36484375 0.86796875 0.19140625 0.17734375
1 0.1421875 0.5921875 0.22265625 0.16796875
2 0.59453125 0.7796875 0.13359375 0.265625
2 0.39375 0.590625 0.15390625 0.17578125
3 0.51953125 0.3234375 0.18984375 0.153125
3 0.73984375 0.30078125 0.215625 0.11953125
4 0.49296875 0.24140625 0.1640625 0.16484375
4 0.66328125 0.146875 0.11484375 0.15546875
8 0.63515625 0.18203125 0.20234375 0.0765625
8 0.609375 0.54140625 0.103125 0.1890625
9 0.81796875 0.5328125 0.2 0.05234375
9 0.5171875 0.3765625 0.109375 0.08046875
10 0.35 0.63984375 0.15234375 0.084375
10 0.3265625 0.38046875 0.1109375 0.13671875
11 0.78203125 0.17265625 0.121875 0.13671875
11 0.6015625 0.5859375 0.16953125 0.065625
5 0.425 0.7171875 0.06875 0.17421875
5 0.3453125 0.378125 0.15546875 0.0578125
6 0.184375 0.3171875 0.13203125 0.125
6 0.9 0.72890625 0.15234375 0.08984375
7 0.51015625 0.10859375 0.146875 0.06328125
7 0.36875 0.3046875 0.10078125 0.1234375
12 0.825 0.68515625 0.13359375 0.05078125
12 0.56328125 0.7484375 0.13046875 0.103125
13 0.678125 0.5015625 0.109375 0.11796875
13 0.28671875 0.25078125 0.05625 0.1421875
14 0.50234375 0.4796875 0.0703125 0.125
14 0.67578125 0.771875 0.09765625 0.0859375
15 0.68046875 0.3203125 0.1109375 0.06171875
15 0.6375 0.6109375 0.08359375 0.05625
16 0.7359375 0.6953125 0.109375 0.075
16 0.740625 0.5609375 0.09765625 0.09375
17 0.35078125 0.475 0.0921875 0.04453125
17 0.309375 0.30546875 0.09453125 0.046875
18 0.24296875 0.396875 0.0890625 0.05078125
18 0.4984375 0.50625 0.075 0.078125
19 0.37734375 0.44765625 0.08359375 0.046875
19 0.5015625 0.4140625 0.071875 0.09140625
20 0.56484375 0.70859375 0.04765625 0.06015625
20 0.8453125 0.4375 0.053125 0.08203125
20 0.359375 0.50625 0.071875 0.04453125
21 0.6984375 0.3890625 0.071875 0.07109375
21 0.73125 0.63671875 0.0859375 0.046875
22 0.7015625 0.23515625 0.1625 0.08203125
23 0.28046875 0.55625 0.075 0.06953125