0 0.8390625 0.71484375 0.1109375 0.19140625
0 0.9140625 0.9234375 0.121875 0.15
1 0.44921875 0.18203125 0.1828125 0.10703125
1 0.22890625 0.23046875 0.18828125 0.09765625
2 0.18125 0.44921875 0.0984375 0.1046875
2 0.4015625 0.6484375 0.128125 0.07265625
3 0.21640625 0.62109375 0.115625 0.12109375
3 0.3921875 0.5109375 0.09375 0.0859375
4 0.47109375 0.10625 0.0890625 0.14921875
4 0.73671875 0.39765625 0.05703125 0.16171875
8 0.24296875 0.58515625 0.09140625 0.0984375
8 0.77109375 0.53203125 0.04765625 0.14921875
9 0.3734375 0.12421875 0.134375 0.07265625
9 0.52578125 0.12734375 0.046875 0.14921875
10 0.41796875 0.69375 0.06875 0.103125
10 0.96640625 0.80859375 0.0640625 0.10546875
11 0.328125 0.52890625 0.065625 0.11484375
11 0.51953125 0.6890625 0.08203125 0.1
5 0.33203125 0.3484375 0.08828125 0.1046875
5 0.4296875 0.47578125 0.08203125 0.07734375
6 0.47734375 0.27109375 0.04140625 0.1234375
6 0.68984375 0.746875 0.07890625 0.103125
7 0.125 0.5015625 0.0640625 0.1140625
7 0.646875 0.6421875 0.075 0.10078125
12 0.04921875 0.34609375 0.09453125 0.04609375
12 0.57578125 0.7 0.08125 0.046875
13 0.20625 0.3703125 0.0859375 0.046875
13 0.89765625 0.48671875 0.04921875 0.11015625
14 0.525 0.36953125 0.0828125 0.053125
14 0.40625 0.3078125 0.0875 0.0484375
15 0.56796875 0.609375 0.06171875 0.0765625
15 0.3265625 0.171875 0.0765625 0.03203125
16 0.65 0.4953125 0.06875 0.08125
16 0.4609375 0.39765625 0.0671875 0.06484375
17 0.4265625 0.54609375 0.05703125 0.05546875
17 0.415625 0.2421875 0.06171875 0.0625
18 0.5984375 0.38828125 0.05859375 0.05078125
18 0.16796875 0.79921875 0.05078125 0.053125
19 0.321875 0.5140625 0.059375 0.04609375
19 0.74296875 0.58515625 0.04765625 0.06328125
20 0.6484375 0.3671875 0.04921875 0.05078125
20 0.521875 0.70546875 0.04765625 0.06015625
21 0.5453125 0.31015625 0.03671875 0.06953125
21 0.44921875 0.6796875 0.059375 0.0375
22 0.6625 0.72265625 0.1078125 0.08125
23 0.5046875 0.34609375 0.046875 0.03046875