0 0.66328125 0.42734375 0.05 0.2328125
0 0.3203125 0.14296875 0.0734375 0.1359375
1 0.59453125 0.521875 0.071875 0.17890625
1 0.4828125 0.6984375 0.0640625 0.16875
2 0.45625 0.3140625 0.08828125 0.09140625
2 0.4453125 0.51015625 0.07890625 0.1515625
3 0.6078125 0.49921875 0.06875 0.1375
3 0.5015625 0.37890625 0.09609375 0.06953125
4 0.953125 0.48203125 0.05078125 0.16171875
4 0.67734375 0.60390625 0.06953125 0.0796875
8 0.590625 0.62109375 0.05234375 0.1015625
8 0.4171875 0.83828125 0.059375 0.1578125
9 0.65859375 0.534375 0.0703125 0.128125
9 0.38984375 0.57109375 0.0515625 0.14375
10 0.55546875 0.47109375 0.03203125 0.12421875
10 0.41015625 0.51015625 0.04765625 0.12578125
11 0.5890625 0.34375 0.06171875 0.0953125
11 0.43125 0.6 0.06875 0.09375
5 0.44921875 0.72890625 0.07109375 0.0953125
5 0.62890625 0.246875 0.03671875 0.1234375
6 0.36953125 0.10234375 0.03828125 0.1359375
6 0.746875 0.87265625 0.0875 0.0546875
7 0.48984375 0.27734375 0.06484375 0.109375
7 0.6578125 0.209375 0.05625 0.1140625
12 0.51796875 0.61484375 0.06875 0.040625
12 0.5578125 0.69140625 0.07109375 0.0609375
13 0.50546875 0.53046875 0.02578125 0.103125
13 0.55390625 0.5859375 0.02734375 0.09140625
14 0.61875 0.36640625 0.06484375 0.0546875
14 0.44296875 0.34609375 0.03984375 0.07734375
15 0.83828125 0.715625 0.06015625 0.04921875
15 0.6421875 0.31328125 0.034375 0.08515625
16 0.434375 0.940625 0.0640625 0.07265625
16 0.4234375 0.4125 0.05703125 0.0421875
17 0.53515625 0.51171875 0.02734375 0.07734375
17 0.8140625 0.8546875 0.0546875 0.04453125
18 0.4625 0.79609375 0.0390625 0.06484375
18 0.93125 0.62734375 0.02734375 0.0828125
19 0.85703125 0.66328125 0.04140625 0.06328125
19 0.046875 0.05703125 0.05 0.04609375
20 0.94375 0.5046875 0.03125 0.05859375
20 0.6015625 0.190625 0.03046875 0.05859375
21 0.59375 0.409375 0.0375 0.05078125
21 0.4859375 0.48515625 0.0359375 0.03828125
22 0.63359375 0.79453125 0.0578125 0.1234375
23 0.49140625 0.5203125 0.02578125 0.0671875