0 0.5578125 0.54140625 0.10625 0.19609375
0 0.56953125 0.58984375 0.0515625 0.17421875
1 0.07578125 0.59453125 0.06953125 0.221875
1 0.521875 0.34765625 0.16875 0.0734375
2 0.4953125 0.45703125 0.15 0.05390625
2 0.50703125 0.48046875 0.0640625 0.17890625
3 0.35625 0.6109375 0.08125 0.1375
3 0.58203125 0.19921875 0.1 0.15
4 0.13203125 0.47265625 0.08515625 0.1265625
4 0.3 0.309375 0.1203125 0.07421875
8 0.6609375 0.86484375 0.03671875 0.17109375
8 0.24453125 0.42109375 0.109375 0.09921875
9 0.26171875 0.1953125 0.10703125 0.0796875
9 0.35625 0.5796875 0.0765625 0.1140625
10 0.62109375 0.92734375 0.075 0.121875
10 0.871875 0.84921875 0.0984375 0.040625
11 0.38671875 0.24609375 0.06328125 0.11484375
11 0.46171875 0.05859375 0.08828125 0.078125
5 0.18203125 0.1625 0.04921875 0.1375
5 0.53671875 0.465625 0.053125 0.12421875
6 0.09375 0.59921875 0.0515625 0.1265625
6 0.44765625 0.52890625 0.0765625 0.09296875
7 0.5546875 0.09296875 0.06328125 0.10703125
7 0.64140625 0.3921875 0.06328125 0.12265625
12 0.09375 0.73515625 0.075 0.08203125
12 0.51328125 0.34140625 0.075 0.0703125
13 0.86328125 0.928125 0.07109375 0.05234375
13 0.56875 0.31328125 0.040625 0.11875
14 0.178125 0.4515625 0.07421875 0.07421875
14 0.29921875 0.4140625 0.06875 0.06796875
15 0.43046875 0.58984375 0.06640625 0.0578125
15 0.9609375 0.675 0.06875 0.07421875
16 0.5765625 0.44921875 0.05546875 0.08515625
16 0.26171875 0.5125 0.0546875 0.08359375
17 0.4359375 0.3109375 0.0640625 0.05234375
17 0.5484375 0.3859375 0.06015625 0.04296875
18 0.67890625 0.41328125 0.05625 0.05234375
18 0.31328125 0.48671875 0.03359375 0.07734375
19 0.609375 0.67421875 0.0484375 0.06796875
19 0.28125 0.4890625 0.0453125 0.06796875
20 0.54921875 0.6703125 0.040625 0.05234375
20 0.3 0.56953125 0.04453125 0.06171875
21 0.340625 0.45078125 0.04609375 0.0390625
21 0.17578125 0.35703125 0.04140625 0.06015625
22 0.0359375 0.67109375 0.03984375 0.14765625
23 0.85703125 0.8828125 0.05390625 0.04609375