0 0.58203125 0.9359375 0.1625 0.11796875
0 0.05703125 0.73671875 0.08046875 0.16484375
1 0.67890625 0.1890625 0.0734375 0.11796875
1 0.359375 0.55 0.11640625 0.10234375
2 0.23359375 0.4375 0.065625 0.15859375
2 0.3375 0.53828125 0.096875 0.1265625
3 0.215625 0.32734375 0.07109375 0.1453125
3 0.79375 0.6765625 0.06875 0.1234375
4 0.20703125 0.70390625 0.08984375 0.12578125
4 0.12890625 0.66171875 0.12109375 0.04375
8 0.6421875 0.175 0.0671875 0.07265625
8 0.8734375 0.56328125 0.078125 0.09609375
9 0.2265625 0.53984375 0.1046875 0.09375
9 0.79921875 0.2015625 0.06015625 0.11015625
10 0.68125 0.80703125 0.09140625 0.06796875
10 0.84140625 0.3359375 0.05 0.11484375
11 0.19296875 0.67265625 0.05703125 0.1046875
11 0.953125 0.16015625 0.090625 0.034375
5 0.7765625 0.71171875 0.075 0.07265625
5 0.84296875 0.53203125 0.06015625 0.06640625
6 0.7859375 0.61796875 0.04453125 0.096875
6 0.70703125 0.64453125 0.03203125 0.1234375
7 0.29921875 0.66875 0.0515625 0.0921875
7 0.29140625 0.57421875 0.03984375 0.109375
12 0.803125 0.465625 0.06796875 0.05625
12 0.8734375 0.50078125 0.0265625 0.09609375
13 0.8734375 0.4375 0.06640625 0.0515625
13 0.47109375 0.55859375 0.0421875 0.071875
14 0.28203125 0.7265625 0.03984375 0.0890625
14 0.853125 0.49375 0.03046875 0.05859375
15 0.83359375 0.7453125 0.05390625 0.0453125
15 0.87578125 0.046875 0.03046875 0.0828125
16 0.58515625 0.64609375 0.03046875 0.08046875
16 0.21875 0.2765625 0.06171875 0.06640625
17 0.8859375 0.79453125 0.02890625 0.08046875
17 0.86796875 0.39375 0.0390625 0.0609375
18 0.3234375 0.775 0.03828125 0.0609375
18 0.83359375 0.4125 0.03125 0.05625
19 0.72890625 0.48203125 0.03515625 0.0625
19 0.2125 0.1859375 0.05546875 0.03984375
20 0.78203125 0.69296875 0.03125 0.0515625
20 0.75234375 0.72109375 0.04375 0.03046875
21 0.75703125 0.5359375 0.03125 0.05390625
21 0.89296875 0.521875 0.025 0.05078125
22 0.82421875 0.79609375 0.06796875 0.07578125
23 0.29296875 0.79609375 0.03046875 0.04609375