0 0.15703125 0.61484375 0.1578125 0.1796875
0 0.221875 0.78828125 0.1515625 0.14609375
1 0.91640625 0.4609375 0.11875 0.2859375
1 0.44296875 0.75859375 0.125 0.21953125
2 0.45703125 0.1515625 0.10234375 0.11953125
2 0.7484375 0.4546875 0.25078125 0.14609375
3 0.328125 0.8671875 0.1109375 0.20546875
3 0.76484375 0.21953125 0.18515625 0.14609375
4 0.8046875 0.36875 0.075 0.21640625
4 0.65234375 0.21640625 0.1171875 0.165625
8 0.58671875 0.678125 0.21015625 0.071875
8 0.8140625 0.771875 0.128125 0.090625
9 0.5578125 0.31484375 0.1234375 0.0859375
9 0.54296875 0.4609375 0.18359375 0.0828125
10 0.51640625 0.653125 0.0890625 0.15859375
10 0.6578125 0.50703125 0.06171875 0.15234375
11 0.64140625 0.53984375 0.1703125 0.084375
11 0.24609375 0.70078125 0.09765625 0.178125
5 0.21875 0.63203125 0.13984375 0.1734375
5 0.3078125 0.240625 0.1125 0.13828125
6 0.709375 0.7234375 0.1640625 0.1109375
6 0.44609375 0.28203125 0.10078125 0.13515625
7 0.53046875 0.1671875 0.14453125 0.1109375
7 0.0625 0.73203125 0.06484375 0.1796875
12 0.86484375 0.70078125 0.1296875 0.0796875
12 0.878125 0.49609375 0.0875 0.1015625
13 0.74375 0.6171875 0.05546875 0.14296875
13 0.48671875 0.30078125 0.09453125 0.1046875
14 0.60390625 0.81953125 0.09140625 0.12890625
14 0.4859375 0.42734375 0.09296875 0.13359375
15 0.3921875 0.421875 0.10546875 0.09375
15 0.41328125 0.64765625 0.0875 0.08125
16 0.6359375 0.4109375 0.10859375 0.05234375
16 0.71875 0.2828125 0.071875 0.11796875
17 0.2203125 0.47890625 0.05546875 0.1015625
17 0.32734375 0.6453125 0.06484375 0.1015625
18 0.76328125 0.73125 0.0859375 0.05703125
18 0.7859375 0.61640625 0.04375 0.0875
19 0.871875 0.578125 0.071875 0.08125
19 0.70625 0.49453125 0.04375 0.0859375
20 0.4 0.57421875 0.0421875 0.06640625
20 0.90234375 0.61796875 0.06328125 0.05546875
21 0.5671875 0.6015625 0.06640625 0.075
21 0.30234375 0.3890625 0.06640625 0.096875
22 0.5796875 0.08203125 0.14921875 0.1125
22 0.58984375 0.2328125 0.13984375 0.08125