0 0.6703125 0.8453125 0.23984375 0.078125
0 0.28203125 0.56875 0.165625 0.1578125
1 0.1546875 0.79609375 0.20625 0.07421875
1 0.59609375 0.6640625 0.221875 0.0625
2 0.04921875 0.4671875 0.08828125 0.146875
2 0.15703125 0.4671875 0.190625 0.0640625
3 0.2046875 0.67890625 0.1625 0.10546875
3 0.6625 0.94140625 0.1671875 0.08046875
4 0.6453125 0.0484375 0.17265625 0.08984375
4 0.61796875 0.8890625 0.1671875 0.08203125
8 0.90234375 0.7296875 0.17109375 0.053125
8 0.24765625 0.51484375 0.14609375 0.11875
9 0.44375 0.93828125 0.1640625 0.04296875
9 0.23125 0.3125 0.0953125 0.109375
10 0.4796875 0.6265625 0.1375 0.05859375
10 0.18203125 0.6875 0.07734375 0.1015625
11 0.5875 0.7921875 0.14140625 0.05625
11 0.540625 0.509375 0.11796875 0.07578125
5 0.71484375 0.59609375 0.0578125 0.11171875
5 0.16875 0.45234375 0.06875 0.1078125
6 0.63046875 0.70546875 0.12890625 0.078125
6 0.38984375 0.83984375 0.084375 0.09609375
7 0.565625 0.59375 0.10390625 0.09140625
7 0.209375 0.16875 0.15 0.0453125
12 0.6515625 0.40859375 0.1078125 0.05703125
12 0.73671875 0.68828125 0.11484375 0.040625
13 0.2484375 0.2265625 0.10234375 0.0703125
13 0.6203125 0.55234375 0.08671875 0.06796875
14 0.1515625 0.38671875 0.109375 0.05703125
14 0.8078125 0.27890625 0.1125 0.04921875
15 0.3875 0.5765625 0.096875 0.040625
15 0.6890625 0.53046875 0.07265625 0.071875
16 0.35390625 0.8109375 0.0796875 0.06796875
16 0.475 0.78671875 0.08984375 0.06796875
17 0.4921875 0.87734375 0.06328125 0.06796875
17 0.425 0.53515625 0.053125 0.06015625
18 0.34140625 0.9078125 0.0796875 0.05234375
18 0.41015625 0.76640625 0.0828125 0.0375
19 0.18359375 0.228125 0.07421875 0.05859375
19 0.471875 0.575 0.0796875 0.04296875
20 0.43984375 0.73125 0.07578125 0.040625
20 0.3765625 0.5265625 0.06171875 0.0453125
21 0.16484375 0.834375 0.06171875 0.0546875
21 0.63203125 0.50703125 0.07265625 0.040625
22 0.12109375 0.55546875 0.09375 0.1078125
22 0.27578125 0.809375 0.09375 0.103125