0 0.74296875 0.284375 0.2296875 0.12265625
0 0.20703125 0.578125 0.20546875 0.115625
1 0.70703125 0.6359375 0.15703125 0.1640625
1 0.65703125 0.90078125 0.18046875 0.18046875
2 0.921875 0.51171875 0.06953125 0.17578125
2 0.41171875 0.70703125 0.11640625 0.1
3 0.51484375 0.24921875 0.18046875 0.103125
3 0.49296875 0.8609375 0.1515625 0.12890625
4 0.6 0.4515625 0.1765625 0.046875
4 0.6796875 0.37890625 0.12421875 0.14453125
8 0.8109375 0.84140625 0.1640625 0.08046875
8 0.5640625 0.11640625 0.11484375 0.14453125
9 0.62578125 0.52578125 0.1625 0.046875
9 0.47734375 0.865625 0.1640625 0.1015625
10 0.2734375 0.2421875 0.13828125 0.08359375
10 0.734375 0.70703125 0.13125 0.08203125
11 0.7546875 0.4140625 0.05625 0.115625
11 0.30390625 0.37265625 0.12734375 0.07734375
5 0.80703125 0.41953125 0.08359375 0.1140625
5 0.109375 0.496875 0.14921875 0.04375
6 0.8921875 0.6859375 0.13125 0.08828125
6 0.30546875 0.31328125 0.1328125 0.07734375
7 0.43359375 0.2125 0.13515625 0.07890625
7 0.4578125 0.61171875 0.1328125 0.06640625
12 0.6 0.48046875 0.1078125 0.053125
12 0.81640625 0.7734375 0.10234375 0.07421875
13 0.32421875 0.27578125 0.09453125 0.08671875
13 0.35 0.7296875 0.13515625 0.0609375
14 0.69375 0.584375 0.08359375 0.08515625
14 0.6828125 0.62734375 0.109375 0.04375
15 0.44296875 0.48671875 0.0875 0.08359375
15 0.47109375 0.78359375 0.05625 0.08671875
16 0.5296875 0.62734375 0.10234375 0.04375
16 0.60625 0.809375 0.0765625 0.08984375
17 0.49296875 0.3078125 0.08203125 0.0640625
17 0.23984375 0.659375 0.078125 0.06796875
18 0.59375 0.40703125 0.065625 0.06640625
18 0.725 0.76484375 0.06171875 0.06953125
19 0.62421875 0.59140625 0.07109375 0.05625
19 0.80546875 0.59921875 0.08359375 0.0421875
20 0.35234375 0.45 0.06015625 0.05
20 0.7796875 0.646875 0.0546875 0.04375
21 0.3578125 0.3265625 0.075 0.03984375
21 0.18828125 0.425 0.06015625 0.06640625
22 0.3921875 0.5390625 0.12578125 0.103125
23 0.32421875 0.57421875 0.06171875 0.065625