0 0.19609375 0.65703125 0.20078125 0.23671875
0 0.4765625 0.2265625 0.0984375 0.3546875
1 0.3484375 0.6546875 0.2375 0.08515625
1 0.7125 0.16328125 0.1859375 0.175
2 0.72421875 0.7234375 0.15234375 0.1984375
2 0.85 0.4515625 0.1421875 0.23671875
3 0.54140625 0.6609375 0.1640625 0.15859375
3 0.84140625 0.18359375 0.115625 0.24375
4 0.59609375 0.228125 0.08671875 0.2390625
4 0.90859375 0.59140625 0.071875 0.26015625
8 0.7578125 0.65234375 0.15546875 0.15625
8 0.39609375 0.48125 0.15546875 0.0875
9 0.478125 0.1890625 0.1390625 0.1609375
9 0.1859375 0.28515625 0.08359375 0.21484375
10 0.7015625 0.2875 0.096875 0.16796875
10 0.15078125 0.8140625 0.10078125 0.19140625
11 0.4453125 0.29453125 0.12734375 0.13984375
11 0.65234375 0.3875 0.115625 0.10390625
5 0.2046875 0.49296875 0.1203125 0.16328125
5 0.72890625 0.17578125 0.07734375 0.19140625
6 0.2921875 0.1453125 0.07890625 0.17265625
6 0.528125 0.34140625 0.075 0.18203125
7 0.384375 0.90546875 0.11875 0.13203125
7 0.16796875 0.396875 0.115625 0.13203125
12 0.56875 0.3625 0.05546875 0.14921875
12 0.3328125 0.71171875 0.10234375 0.08515625
13 0.7 0.44453125 0.10390625 0.09453125
13 0.83046875 0.221875 0.096875 0.1421875
14 0.35546875 0.2390625 0.0671875 0.1421875
14 0.4265625 0.765625 0.0953125 0.12734375
15 0.275 0.90859375 0.06328125 0.13984375
15 0.26953125 0.771875 0.08671875 0.1296875
16 0.41328125 0.12734375 0.07890625 0.10859375
16 0.396875 0.7578125 0.07734375 0.1296875
17 0.628125 0.55 0.08359375 0.078125
17 0.0734375 0.7390625 0.0703125 0.115625
18 0.7625 0.30390625 0.046875 0.1015625
18 0.32421875 0.19609375 0.0515625 0.09921875
19 0.3765625 0.59921875 0.0671875 0.0828125
19 0.55859375 0.57890625 0.0484375 0.10390625
20 0.478125 0.5859375 0.0484375 0.08984375
20 0.4046875 0.53515625 0.0484375 0.0828125
21 0.3828125 0.30390625 0.06171875 0.0640625
21 0.70625 0.37578125 0.05859375 0.06640625
22 0.3359375 0.34140625 0.10234375 0.134375
22 0.1609375 0.32421875 0.1375 0.10859375