0 0.2390625 0.665625 0.23515625 0.15546875
0 0.63125 0.2234375 0.259375 0.14453125
1 0.3703125 0.37734375 0.121875 0.24765625
1 0.09453125 0.71171875 0.08671875 0.27734375
2 0.39375 0.78671875 0.12734375 0.2015625
2 0.7984375 0.46328125 0.1875 0.12421875
3 0.6609375 0.803125 0.190625 0.06875
3 0.22890625 0.31640625 0.16796875 0.15546875
4 0.6359375 0.190625 0.1625 0.15859375
4 0.6265625 0.37890625 0.1078125 0.18125
8 0.22578125 0.7921875 0.1375 0.16484375
8 0.22890625 0.90859375 0.16796875 0.1609375
9 0.24140625 0.7375 0.121875 0.1328125
9 0.303125 0.5234375 0.12578125 0.15546875
10 0.159375 0.65 0.0703125 0.16796875
10 0.4546875 0.8375 0.1078125 0.12578125
11 0.17578125 0.27265625 0.06875 0.153125
11 0.58046875 0.6015625 0.065625 0.15
5 0.871875 0.65234375 0.1328125 0.1109375
5 0.553125 0.125 0.11640625 0.1125
6 0.20859375 0.39453125 0.1375 0.10546875
6 0.62890625 0.72109375 0.11640625 0.1
7 0.259375 0.603125 0.09921875 0.1125
7 0.740625 0.615625 0.06328125 0.1515625
12 0.37421875 0.16015625 0.10625 0.10546875
12 0.8265625 0.51328125 0.109375 0.09765625
13 0.3328125 0.28203125 0.07578125 0.1125
13 0.31953125 0.3859375 0.10234375 0.0890625
14 0.721875 0.51328125 0.06875 0.109375
14 0.4296875 0.165625 0.0953125 0.11640625
15 0.55390625 0.7015625 0.0515625 0.11640625
15 0.65625 0.77578125 0.10390625 0.05
16 0.57265625 0.41015625 0.09921875 0.06640625
16 0.22109375 0.5265625 0.109375 0.06640625
17 0.05625 0.61484375 0.08828125 0.09453125
17 0.653125 0.2828125 0.08984375 0.08125
18 0.35859375 0.9328125 0.0671875 0.09453125
18 0.6 0.4828125 0.08984375 0.0515625
19 0.4671875 0.56015625 0.0546875 0.1
19 0.5125 0.48828125 0.053125 0.0890625
20 0.715625 0.3796875 0.0703125 0.05703125
20 0.62109375 0.53671875 0.06875 0.0609375
21 0.534375 0.58125 0.06171875 0.06875
21 0.4953125 0.64765625 0.0796875 0.05703125
22 0.83359375 0.5859375 0.1484375 0.1
22 0.85546875 0.34765625 0.1375 0.08125