0 0.41796875 0.42265625 0.1359375 0.20859375
0 0.8796875 0.46015625 0.0859375 0.20859375
1 0.61484375 0.8984375 0.2109375 0.1859375
1 0.1546875 0.5890625 0.15234375 0.203125
2 0.603125 0.109375 0.14765625 0.165625
2 0.246875 0.4140625 0.1546875 0.14453125
3 0.328125 0.34765625 0.1359375 0.16640625
3 0.80078125 0.16640625 0.18046875 0.0921875
4 0.63515625 0.2671875 0.0703125 0.17265625
4 0.53828125 0.2140625 0.11796875 0.15703125
8 0.528125 0.52109375 0.12890625 0.11484375
8 0.7953125 0.6265625 0.14765625 0.14453125
9 0.146875 0.49765625 0.153125 0.10234375
9 0.915625 0.375 0.08359375 0.11875
10 0.459375 0.32734375 0.071875 0.12734375
10 0.759375 0.61796875 0.1015625 0.1328125
11 0.90390625 0.46328125 0.1375 0.10625
11 0.51875 0.86875 0.09296875 0.09921875
5 0.75859375 0.10859375 0.103125 0.125
5 0.87890625 0.65078125 0.15625 0.04609375
6 0.69296875 0.60390625 0.06875 0.1453125
6 0.859375 0.17109375 0.1203125 0.10078125
7 0.1609375 0.375 0.04609375 0.18046875
7 0.5671875 0.41171875 0.04765625 0.15703125
12 0.84296875 0.30703125 0.08203125 0.1234375
12 0.82109375 0.3796875 0.053125 0.11796875
13 0.39375 0.2703125 0.11875 0.0703125
13 0.71640625 0.36796875 0.08203125 0.1078125
14 0.7375 0.30390625 0.13203125 0.05859375
14 0.521875 0.76875 0.06484375 0.11484375
15 0.6625 0.09296875 0.09921875 0.0578125
15 0.34375 0.3078125 0.11875 0.07421875
16 0.41328125 0.91953125 0.140625 0.04609375
16 0.56171875 0.2625 0.053125 0.11328125
17 0.8453125 0.6828125 0.09453125 0.04375
17 0.08671875 0.66171875 0.04765625 0.096875
18 0.66484375 0.35078125 0.04453125 0.0796875
18 0.4125 0.53046875 0.0875 0.04765625
19 0.32265625 0.54921875 0.08046875 0.05859375
19 0.43515625 0.5640625 0.08203125 0.03515625
20 0.75 0.553125 0.05859375 0.04765625
20 0.4984375 0.20390625 0.06171875 0.03515625
21 0.0421875 0.37578125 0.05 0.07734375
21 0.790625 0.4046875 0.065625 0.0390625
22 0.525 0.365625 0.0859375 0.11796875
23 0.67578125 0.21015625 0.04609375 0.053125