0 0.91328125 0.18125 0.08359375 0.1390625
0 0.36171875 0.44375 0.0890625 0.071875
1 0.3390625 0.52421875 0.0890625 0.13359375
1 0.33984375 0.41640625 0.08046875 0.11328125
2 0.934375 0.503125 0.11875 0.0625
2 0.68046875 0.703125 0.0390625 0.16015625
3 0.5140625 0.06328125 0.04453125 0.1265625
3 0.73125 0.28515625 0.07265625 0.08671875
4 0.92734375 0.2734375 0.09296875 0.05625
4 0.5921875 0.13203125 0.08984375 0.0625
8 0.22890625 0.5734375 0.05625 0.128125
8 0.584375 0.3265625 0.05 0.11171875
9 0.37109375 0.3765625 0.0578125 0.12109375
9 0.77421875 0.10625 0.065625 0.109375
10 0.48828125 0.70625 0.0390625 0.11796875
10 0.559375 0.9203125 0.0546875 0.0890625
11 0.24140625 0.72578125 0.065625 0.096875
11 0.8828125 0.24453125 0.040625 0.1046875
5 0.87421875 0.82265625 0.06875 0.10625
5 0.1265625 0.4109375 0.0671875 0.109375
6 0.2109375 0.81484375 0.075 0.08203125
6 0.50234375 0.10703125 0.04453125 0.0890625
7 0.44609375 0.903125 0.06171875 0.103125
7 0.12578125 0.08046875 0.06015625 0.0921875
12 0.075 0.0765625 0.06875 0.03671875
12 0.4671875 0.32578125 0.03828125 0.09921875
13 0.29375 0.49375 0.0484375 0.08828125
13 0.4046875 0.63203125 0.0390625 0.09140625
14 0.45390625 0.78984375 0.03984375 0.09609375
14 0.12890625 0.16875 0.05546875 0.04921875
15 0.79375 0.63203125 0.03359375 0.0796875
15 0.0921875 0.13046875 0.0640625 0.03984375
16 0.57734375 0.259375 0.04921875 0.059375
16 0.70078125 0.62890625 0.0453125 0.0796875
17 0.65546875 0.64296875 0.02734375 0.0765625
17 0.3703125 0.52421875 0.03359375 0.07109375
18 0.7484375 0.58984375 0.05625 0.034375
18 0.26640625 0.9484375 0.028125 0.07734375
19 0.36484375 0.6515625 0.040625 0.059375
19 0.72890625 0.24921875 0.0296875 0.06015625
20 0.58359375 0.63046875 0.034375 0.0625
20 0.78515625 0.4328125 0.025 0.059375
21 0.6078125 0.590625 0.04375 0.03984375
21 0.23046875 0.66875 0.03671875 0.05625
22 0.1234375 0.61796875 0.0703125 0.08125
23 0.23125 0.85078125 0.0296875 0.05859375