0 0.43203125 0.62734375 0.12578125 0.084375
0 0.08515625 0.90390625 0.1203125 0.16328125
1 0.5078125 0.503125 0.1546875 0.05703125
1 0.61640625 0.4 0.08359375 0.13515625
2 0.3609375 0.75078125 0.0828125 0.13203125
2 0.3609375 0.94609375 0.1234375 0.0953125
3 0.27421875 0.178125 0.0953125 0.07265625
3 0.88125 0.028125 0.1296875 0.04296875
4 0.65 0.17265625 0.0453125 0.12890625
4 0.8140625 0.36640625 0.11484375 0.09140625
8 0.47734375 0.603125 0.08515625 0.08671875
8 0.72421875 0.309375 0.05 0.1234375
9 0.40234375 0.7171875 0.084375 0.0828125
9 0.50078125 0.41875 0.07421875 0.09296875
10 0.51953125 0.603125 0.065625 0.0875
10 0.07734375 0.75703125 0.071875 0.1
11 0.7828125 0.29765625 0.04921875 0.071875
11 0.8234375 0.21640625 0.02890625 0.103125
5 0.08125 0.88671875 0.10390625 0.04921875
5 0.6984375 0.159375 0.03203125 0.10390625
6 0.68515625 0.23671875 0.075 0.084375
6 0.81640625 0.3828125 0.04296875 0.10859375
7 0.93359375 0.1015625 0.06640625 0.09765625
7 0.80390625 0.378125 0.08828125 0.0625
12 0.2765625 0.13046875 0.06328125 0.0640625
12 0.46171875 0.43046875 0.0765625 0.03515625
13 0.58515625 0.66328125 0.05078125 0.08125
13 0.77734375 0.728125 0.0578125 0.0875
14 0.665625 0.13046875 0.04296875 0.07421875
14 0.57109375 0.34375 0.06875 0.0515625
15 0.825 0.3015625 0.03046875 0.06875
15 0.45546875 0.725 0.03359375 0.07421875
16 0.68984375 0.08125 0.05859375 0.046875
16 0.7703125 0.3328125 0.06796875 0.03984375
17 0.68359375 0.515625 0.05 0.06015625
17 0.290625 0.2203125 0.06015625 0.03359375
18 0.484375 0.12421875 0.0421875 0.0578125
18 0.56484375 0.42890625 0.04921875 0.0453125
19 0.503125 0.753125 0.05390625 0.034375
19 0.5578125 0.63828125 0.0515625 0.04375
20 0.5328125 0.3265625 0.04296875 0.03125
20 0.509375 0.72109375 0.04765625 0.040625
20 0.64296875 0.55625 0.03671875 0.03828125
21 0.57734375 0.59296875 0.0453125 0.04609375
21 0.615625 0.3796875 0.0453125 0.03203125
22 0.3296875 0.37890625 0.05859375 0.10390625
23 0.571875 0.36875 0.046875 0.03828125