0 0.08359375 0.57734375 0.16328125 0.1046875
0 0.6453125 0.2171875 0.17265625 0.10546875
1 0.48515625 0.95625 0.16953125 0.08046875
1 0.32734375 0.17421875 0.046875 0.17109375
2 0.25078125 0.61484375 0.0984375 0.121875
2 0.3296875 0.06015625 0.14140625 0.0515625
3 0.253125 0.36953125 0.06171875 0.1328125
3 0.22734375 0.70234375 0.06171875 0.13125
4 0.02421875 0.6640625 0.046875 0.13359375
4 0.6390625 0.63984375 0.0703125 0.115625
8 0.15546875 0.821875 0.08046875 0.1203125
8 0.2890625 0.1390625 0.07421875 0.11484375
9 0.853125 0.8546875 0.06796875 0.09765625
9 0.46640625 0.5546875 0.0515625 0.115625
10 0.36484375 0.14375 0.04296875 0.10078125
10 0.16484375 0.7203125 0.065625 0.09140625
11 0.3671875 0.56484375 0.040625 0.09921875
11 0.83828125 0.8875 0.05625 0.08359375
5 0.85234375 0.3796875 0.0984375 0.06484375
5 0.19765625 0.64453125 0.0609375 0.08828125
6 0.4140625 0.628125 0.05859375 0.0984375
6 0.125 0.3390625 0.0578125 0.08984375
7 0.41328125 0.5421875 0.0765625 0.08203125
7 0.85546875 0.784375 0.04921875 0.0921875
12 0.08125 0.82109375 0.0421875 0.09140625
12 0.0578125 0.8796875 0.03515625 0.08359375
13 0.09140625 0.69609375 0.034375 0.08203125
13 0.41015625 0.828125 0.053125 0.08671875
14 0.41171875 0.040625 0.03125 0.08046875
14 0.428125 0.490625 0.0765625 0.04375
15 0.49453125 0.3453125 0.05625 0.07109375
15 0.0875 0.7546875 0.071875 0.0328125
16 0.2015625 0.9640625 0.07734375 0.05
16 0.46015625 0.04375 0.0734375 0.059375
17 0.059375 0.7046875 0.034375 0.0609375
17 0.09765625 0.61640625 0.0578125 0.046875
18 0.08359375 0.63984375 0.0546875 0.0390625
18 0.728125 0.696875 0.0421875 0.06484375
19 0.18359375 0.5828125 0.0546875 0.04765625
19 0.96328125 0.50390625 0.06171875 0.04140625
20 0.12109375 0.66015625 0.03515625 0.05
21 0.4828125 0.48359375 0.0484375 0.0453125
21 0.10703125 0.79140625 0.0453125 0.03828125
22 0.81796875 0.1875 0.103125 0.0578125
23 0.80703125 0.52109375 0.0515625 0.040625