0 0.5953125 0.4875 0.3 0.103125
0 0.4421875 0.73515625 0.19453125 0.24453125
1 0.8703125 0.284375 0.1640625 0.18828125
1 0.21328125 0.38359375 0.21875 0.16328125
2 0.70390625 0.59296875 0.13515625 0.11328125
2 0.82734375 0.1640625 0.17421875 0.11328125
3 0.18828125 0.25546875 0.19609375 0.1578125
3 0.396875 0.76640625 0.1078125 0.18125
4 0.8296875 0.0921875 0.0921875 0.1484375
4 0.09375 0.390625 0.1125 0.19453125
8 0.50390625 0.34140625 0.12109375 0.1234375
8 0.8390625 0.26953125 0.23046875 0.06484375
9 0.16953125 0.68359375 0.0703125 0.1734375
9 0.58125 0.15078125 0.11796875 0.1546875
10 0.52421875 0.2390625 0.17421875 0.0484375
10 0.715625 0.1359375 0.1140625 0.14609375
11 0.29765625 0.63125 0.1140625 0.13125
11 0.1515625 0.86953125 0.0578125 0.1578125
5 0.45625 0.5953125 0.12421875 0.10625
5 0.13203125 0.5578125 0.165625 0.06171875
6 0.28515625 0.72890625 0.14296875 0.0703125
6 0.45078125 0.6390625 0.146875 0.096875
7 0.10546875 0.5015625 0.1703125 0.0546875
7 0.290625 0.7890625 0.15546875 0.103125
12 0.2171875 0.91640625 0.09765625 0.11171875
12 0.41484375 0.50625 0.078125 0.10859375
13 0.6921875 0.0984375 0.0703125 0.11171875
13 0.6 0.2875 0.13125 0.053125
14 0.20703125 0.3453125 0.10390625 0.09609375
14 0.3 0.8046875 0.04765625 0.11953125
15 0.24609375 0.66640625 0.11953125 0.0484375
15 0.26328125 0.49375 0.090625 0.08515625
16 0.7046875 0.2515625 0.06796875 0.1
16 0.603125 0.35390625 0.1078125 0.08671875
17 0.32109375 0.55 0.075 0.08359375
17 0.503125 0.103125 0.08515625 0.0796875
18 0.621875 0.44140625 0.06640625 0.075
18 0.70703125 0.33046875 0.09765625 0.06328125
19 0.88671875 0.44921875 0.1078125 0.05625
19 0.3375 0.38046875 0.0546875 0.08359375
20 0.4453125 0.115625 0.06796875 0.075
20 0.553125 0.10859375 0.06796875 0.06015625
21 0.3734375 0.5203125 0.071875 0.06953125
21 0.54921875 0.44765625 0.0921875 0.04453125
22 0.5390625 0.175 0.184375 0.05625
23 0.64296875 0.15625 0.04453125 0.06484375