0 0.58671875 0.86640625 0.11875 0.2265625
0 0.38046875 0.184375 0.1 0.196875
1 0.35859375 0.22265625 0.23125 0.05625
1 0.7859375 0.70546875 0.190625 0.10390625
2 0.35 0.46796875 0.08984375 0.184375
2 0.23046875 0.228125 0.1109375 0.1953125
3 0.50546875 0.69296875 0.196875 0.06640625
3 0.61953125 0.475 0.14921875 0.10859375
4 0.7390625 0.7765625 0.14296875 0.1421875
4 0.36484375 0.2796875 0.08828125 0.15234375
8 0.134375 0.32890625 0.05234375 0.1640625
8 0.52109375 0.6515625 0.04765625 0.17265625
9 0.225 0.1796875 0.16328125 0.07578125
9 0.5078125 0.33828125 0.16328125 0.04453125
10 0.42265625 0.50703125 0.1171875 0.10390625
10 0.28359375 0.09375 0.1140625 0.11640625
11 0.65390625 0.39296875 0.1109375 0.08203125
11 0.2140625 0.34609375 0.115625 0.06796875
5 0.4390625 0.575 0.10703125 0.1140625
5 0.7359375 0.54765625 0.08671875 0.1140625
6 0.50390625 0.5390625 0.0625 0.11640625
6 0.2046875 0.234375 0.1375 0.0421875
7 0.303125 0.44453125 0.05234375 0.11640625
7 0.515625 0.44921875 0.0921875 0.1140625
12 0.584375 0.5546875 0.10234375 0.0765625
12 0.2015625 0.334375 0.09140625 0.0859375
13 0.109375 0.14609375 0.1140625 0.06015625
13 0.946875 0.77421875 0.0765625 0.0984375
14 0.45703125 0.41015625 0.1109375 0.04609375
14 0.378125 0.50625 0.0765625 0.0765625
15 0.44140625 0.63671875 0.0765625 0.07890625
15 0.25859375 0.5015625 0.0578125 0.08203125
16 0.46328125 0.74921875 0.0734375 0.084375
16 0.665625 0.571875 0.053125 0.08984375
17 0.82734375 0.77421875 0.08515625 0.05
17 0.6015625 0.44140625 0.04765625 0.0765625
18 0.30703125 0.29140625 0.059375 0.06640625
18 0.3484375 0.171875 0.075 0.04453125
19 0.7015625 0.47578125 0.05078125 0.071875
19 0.61875 0.5828125 0.06640625 0.0578125
20 0.3703125 0.4703125 0.04921875 0.05
20 0.4234375 0.278125 0.04921875 0.034375
21 0.259375 0.4375 0.0734375 0.03828125
21 0.46796875 0.2859375 0.06328125 0.04453125
22 0.86484375 0.64453125 0.16875 0.04375
23 0.8296875 0.6078125 0.06953125 0.0578125