0 0.87890625 0.61171875 0.075 0.16484375
0 0.565625 0.55234375 0.07421875 0.07109375
1 0.740625 0.61640625 0.078125 0.140625
1 0.56328125 0.50625 0.13046875 0.05625
2 0.6359375 0.3625 0.10625 0.05234375
2 0.93671875 0.5234375 0.05703125 0.1375
3 0.678125 0.47265625 0.03671875 0.1453125
3 0.0328125 0.13984375 0.05703125 0.15
4 0.63046875 0.42578125 0.0890625 0.05859375
4 0.9703125 0.590625 0.05078125 0.1453125
8 0.83203125 0.571875 0.040625 0.140625
8 0.49609375 0.89765625 0.06328125 0.1203125
9 0.665625 0.3953125 0.0921875 0.03515625
9 0.959375 0.57421875 0.0390625 0.12578125
10 0.74921875 0.54296875 0.07421875 0.06953125
10 0.7796875 0.59765625 0.075 0.0671875
11 0.93828125 0.46484375 0.03671875 0.10703125
11 0.6234375 0.46484375 0.05546875 0.0609375
5 0.85625 0.396875 0.078125 0.04375
5 0.1109375 0.06640625 0.0578125 0.10546875
6 0.8171875 0.48671875 0.071875 0.040625
6 0.7578125 0.4609375 0.06328125 0.0890625
7 0.83359375 0.93359375 0.078125 0.065625
7 0.0421875 0.44140625 0.0578125 0.10546875
12 0.7296875 0.4484375 0.05234375 0.084375
12 0.86484375 0.51015625 0.028125 0.08828125
13 0.89140625 0.5921875 0.0515625 0.0625
13 0.26015625 0.2296875 0.0453125 0.08671875
14 0.75703125 0.37421875 0.06328125 0.05234375
14 0.896875 0.51484375 0.03671875 0.078125
15 0.65390625 0.5 0.040625 0.0734375
15 0.88671875 0.42890625 0.0546875 0.0421875
16 0.5296875 0.56171875 0.04609375 0.06953125
16 0.571875 0.78046875 0.053125 0.0609375
17 0.83984375 0.44375 0.040625 0.053125
17 0.22421875 0.5265625 0.03359375 0.07734375
18 0.88984375 0.4734375 0.03125 0.059375
18 0.9328125 0.51484375 0.02109375 0.06328125
19 0.6140625 0.56171875 0.03515625 0.0625
19 0.9609375 0.46796875 0.02890625 0.06484375
20 0.06328125 0.43984375 0.0328125 0.04453125
20 0.28359375 0.246875 0.03203125 0.046875
21 0.234375 0.7234375 0.03671875 0.05625
21 0.29921875 0.2078125 0.0390625 0.046875
22 0.43671875 0.52890625 0.0765625 0.090625
23 0.33359375 0.7609375 0.03125 0.0734375