0 0.2921875 0.61484375 0.0796875 0.2765625
0 0.1 0.5140625 0.15546875 0.190625
1 0.34375 0.15546875 0.1796875 0.17109375
1 0.70390625 0.4625 0.05859375 0.2921875
2 0.5921875 0.20390625 0.17109375 0.1421875
2 0.49609375 0.5140625 0.1390625 0.17109375
3 0.58203125 0.7453125 0.13984375 0.1375
3 0.87734375 0.5875 0.1390625 0.16015625
4 0.0984375 0.7171875 0.153125 0.1359375
4 0.77734375 0.31796875 0.09453125 0.190625
8 0.46171875 0.7515625 0.0984375 0.1875
8 0.178125 0.23203125 0.1359375 0.13046875
9 0.34765625 0.759375 0.13515625 0.1
9 0.58984375 0.79453125 0.0484375 0.18125
10 0.6109375 0.54765625 0.11015625 0.12890625
10 0.52734375 0.36015625 0.07578125 0.1484375
11 0.67265625 0.815625 0.07890625 0.1484375
11 0.12265625 0.59375 0.0796875 0.16640625
5 0.39453125 0.49140625 0.06640625 0.1484375
5 0.51328125 0.81796875 0.065625 0.146875
6 0.25234375 0.86953125 0.0578125 0.15859375
6 0.7484375 0.8390625 0.07578125 0.15703125
7 0.840625 0.22109375 0.065625 0.16484375
7 0.70546875 0.4078125 0.13359375 0.06015625
12 0.8234375 0.45859375 0.0703125 0.11953125
12 0.45234375 0.59375 0.06171875 0.11796875
13 0.3734375 0.78671875 0.090625 0.07109375
13 0.7203125 0.209375 0.06953125 0.11484375
14 0.33203125 0.60078125 0.090625 0.08046875
14 0.18046875 0.39921875 0.1046875 0.0515625
15 0.68828125 0.88828125 0.04453125 0.11328125
15 0.78203125 0.69140625 0.090625 0.06484375
16 0.9015625 0.14140625 0.0484375 0.11171875
16 0.33984375 0.31953125 0.05625 0.11640625
17 0.9015625 0.371875 0.05625 0.1
17 0.76171875 0.93203125 0.0625 0.090625
18 0.54296875 0.8421875 0.0546875 0.07578125
18 0.73203125 0.5875 0.05 0.0890625
19 0.684375 0.15 0.0578125 0.06796875
19 0.64921875 0.69453125 0.04453125 0.0875
20 0.60546875 0.33203125 0.05859375 0.07265625
20 0.659375 0.51875 0.0421875 0.06484375
21 0.2484375 0.70859375 0.0390625 0.07265625
21 0.74375 0.45859375 0.05390625 0.06171875
22 0.221875 0.33515625 0.13984375 0.05625
22 0.1984375 0.70546875 0.0828125 0.146875