0 0.23125 0.32421875 0.184375 0.221875
0 0.86796875 0.31015625 0.22578125 0.1234375
1 0.72734375 0.134375 0.15078125 0.13359375
1 0.55390625 0.40625 0.0984375 0.240625
2 0.5171875 0.73125 0.1453125 0.14921875
2 0.2734375 0.2078125 0.1984375 0.0984375
3 0.22421875 0.1875 0.140625 0.1390625
3 0.53515625 0.7390625 0.17109375 0.07421875
4 0.75625 0.54453125 0.1625 0.0640625
4 0.55859375 0.43984375 0.1546875 0.0984375
8 0.24453125 0.6328125 0.13515625 0.125
8 0.6921875 0.62890625 0.1546875 0.1
9 0.4234375 0.83515625 0.121875 0.13046875
9 0.4390625 0.240625 0.11015625 0.1015625
10 0.4953125 0.28515625 0.075 0.13046875
10 0.72734375 0.34609375 0.08671875 0.11015625
11 0.5015625 0.20078125 0.115625 0.04921875
11 0.65 0.59609375 0.1171875 0.0625
5 0.4375 0.36875 0.075 0.10859375
5 0.3046875 0.75625 0.1171875 0.121875
6 0.78515625 0.53984375 0.1 0.1046875
6 0.49296875 0.4484375 0.0984375 0.0984375
7 0.37265625 0.271875 0.06640625 0.13359375
7 0.5921875 0.3578125 0.10859375 0.05546875
12 0.63984375 0.178125 0.0453125 0.11328125
12 0.59375 0.09375 0.05078125 0.10625
13 0.346875 0.36015625 0.08515625 0.1015625
13 0.78515625 0.40390625 0.09296875 0.05546875
14 0.27421875 0.4453125 0.0984375 0.04375
14 0.6859375 0.22421875 0.0828125 0.05234375
15 0.77578125 0.26640625 0.0765625 0.0796875
15 0.575 0.2953125 0.078125 0.0625
16 0.7375 0.44765625 0.0953125 0.04921875
16 0.3078125 0.265625 0.05078125 0.09140625
17 0.07734375 0.21015625 0.07109375 0.08828125
17 0.73125 0.1 0.0796875 0.0578125
18 0.56875 0.584375 0.07109375 0.065625
18 0.6828125 0.27734375 0.0640625 0.0640625
19 0.4546875 0.4296875 0.0625 0.0609375
19 0.384375 0.51015625 0.0578125 0.07578125
20 0.29453125 0.50078125 0.04375 0.07109375
20 0.63046875 0.4515625 0.0546875 0.0578125
21 0.33125 0.64375 0.0453125 0.07578125
21 0.4953125 0.621875 0.0453125 0.07265625
22 0.45 0.89453125 0.11484375 0.103125
22 0.61015625 0.090625 0.115625 0.103125