0 0.65390625 0.38203125 0.1890625 0.1796875
0 0.77734375 0.5 0.16171875 0.1796875
1 0.57734375 0.25625 0.14921875 0.24921875
1 0.18203125 0.48515625 0.25 0.06484375
2 0.34765625 0.2953125 0.13515625 0.1953125
2 0.34921875 0.7921875 0.184375 0.11484375
3 0.68203125 0.71171875 0.16484375 0.090625
3 0.340625 0.49375 0.128125 0.21640625
4 0.83671875 0.25 0.125 0.2015625
4 0.55234375 0.6296875 0.16484375 0.0984375
8 0.27109375 0.41953125 0.15078125 0.1046875
8 0.540625 0.55859375 0.04375 0.1859375
9 0.13515625 0.6375 0.096875 0.1625
9 0.278125 0.515625 0.08828125 0.1734375
10 0.20546875 0.86640625 0.1375 0.0890625
10 0.45625 0.36640625 0.10546875 0.0875
11 0.47421875 0.509375 0.11328125 0.071875
11 0.8953125 0.5359375 0.09765625 0.1015625
5 0.6953125 0.8625 0.13515625 0.084375
5 0.4796875 0.809375 0.08359375 0.14140625
6 0.51953125 0.8921875 0.08984375 0.13203125
6 0.30859375 0.22265625 0.0453125 0.15703125
7 0.67890625 0.24921875 0.090625 0.13515625
7 0.37421875 0.675 0.0640625 0.13671875
12 0.634375 0.53515625 0.0953125 0.090625
12 0.375 0.58125 0.065625 0.11796875
13 0.7984375 0.3625 0.065625 0.12578125
13 0.225 0.39453125 0.04375 0.11640625
14 0.52734375 0.26484375 0.08984375 0.1
14 0.49609375 0.7953125 0.096875 0.084375
15 0.24921875 0.6390625 0.0609375 0.0890625
15 0.6296875 0.7578125 0.0921875 0.06328125
16 0.853125 0.753125 0.08671875 0.08125
16 0.65 0.14921875 0.08125 0.0953125
17 0.465625 0.71171875 0.0765625 0.071875
17 0.57421875 0.50078125 0.03984375 0.0859375
18 0.5390625 0.084375 0.05859375 0.0890625
18 0.8921875 0.3984375 0.0765625 0.08125
19 0.13515625 0.75546875 0.0625 0.0828125
19 0.91171875 0.70078125 0.08203125 0.05546875
20 0.38046875 0.35546875 0.065625 0.05078125
20 0.33203125 0.6921875 0.059375 0.04765625
21 0.43984375 0.55546875 0.05234375 0.06640625
21 0.33203125 0.59609375 0.05078125 0.06171875
22 0.21484375 0.60546875 0.08515625 0.12265625
22 0.39453125 0.16328125 0.140625 0.084375