0 0.41015625 0.21484375 0.12265625 0.2484375
0 0.23828125 0.7109375 0.20859375 0.12578125
1 0.75078125 0.590625 0.10859375 0.20703125
1 0.8609375 0.2984375 0.1390625 0.1390625
2 0.65078125 0.17265625 0.1390625 0.1140625
2 0.49921875 0.72265625 0.0796875 0.24140625
3 0.91328125 0.51640625 0.16484375 0.1359375
3 0.57734375 0.934375 0.24453125 0.07265625
4 0.79453125 0.7234375 0.11484375 0.18359375
4 0.31796875 0.315625 0.06484375 0.2234375
8 0.909375 0.37734375 0.10859375 0.09140625
8 0.2453125 0.778125 0.11640625 0.17421875
9 0.29921875 0.27421875 0.19921875 0.06328125
9 0.8875 0.6375 0.125 0.17421875
10 0.6890625 0.0734375 0.1296875 0.1046875
10 0.7 0.2046875 0.15546875 0.10234375
11 0.48671875 0.44765625 0.07578125 0.1140625
11 0.80703125 0.44921875 0.11015625 0.1109375
5 0.06015625 0.634375 0.09375 0.16875
5 0.815625 0.78046875 0.07890625 0.1671875
6 0.6671875 0.33203125 0.11328125 0.09921875
6 0.20078125 0.55859375 0.1359375 0.14609375
7 0.22734375 0.5421875 0.128125 0.14375
7 0.38984375 0.18359375 0.06015625 0.15078125
12 0.79453125 0.3125 0.11484375 0.0875
12 0.33671875 0.540625 0.10859375 0.0578125
13 0.5890625 0.678125 0.06640625 0.12578125
13 0.29140625 0.35859375 0.1390625 0.0609375
14 0.440625 0.95625 0.14375 0.0484375
14 0.59921875 0.81171875 0.05 0.1140625
15 0.49921875 0.57734375 0.0859375 0.0578125
15 0.76015625 0.70546875 0.10859375 0.04765625
16 0.6421875 0.21640625 0.11171875 0.0578125
16 0.86875 0.60859375 0.06640625 0.12265625
17 0.6078125 0.30390625 0.0953125 0.06640625
17 0.6921875 0.7515625 0.06328125 0.09453125
18 0.5734375 0.23125 0.0796875 0.04296875
18 0.85234375 0.52890625 0.0828125 0.0546875
19 0.51484375 0.7390625 0.09375 0.0609375
19 0.60625 0.796875 0.0921875 0.0578125
20 0.25546875 0.49375 0.0484375 0.07421875
20 0.59765625 0.58046875 0.06796875 0.04296875
21 0.66953125 0.4203125 0.0546875 0.07109375
21 0.63203125 0.66015625 0.05625 0.0546875
22 0.465625 0.73359375 0.14921875 0.1328125
23 0.72109375 0.13046875 0.0796875 0.04140625