0 0.8109375 0.38125 0.11953125 0.14375
0 0.27421875 0.79140625 0.11328125 0.25390625
1 0.6859375 0.4234375 0.165625 0.23046875
1 0.446875 0.85 0.2671875 0.11328125
2 0.4234375 0.7171875 0.2078125 0.0953125
2 0.63515625 0.63515625 0.2078125 0.071875
3 0.7484375 0.2625 0.21484375 0.1
3 0.44375 0.821875 0.1265625 0.18671875
4 0.1875 0.4453125 0.14921875 0.1671875
4 0.52109375 0.88671875 0.1609375 0.12734375
8 0.0875 0.359375 0.1328125 0.18203125
8 0.77734375 0.1328125 0.1671875 0.1109375
9 0.42421875 0.23984375 0.1078125 0.15859375
9 0.278125 0.2296875 0.1953125 0.0765625
10 0.30234375 0.3421875 0.103125 0.15390625
10 0.36171875 0.38125 0.0734375 0.14765625
11 0.3140625 0.93671875 0.1359375 0.0671875
11 0.346875 0.7796875 0.15546875 0.04765625
5 0.90546875 0.44765625 0.12265625 0.1328125
5 0.503125 0.15078125 0.13125 0.08515625
6 0.3890625 0.43515625 0.1328125 0.12109375
6 0.5078125 0.1828125 0.059375 0.165625
7 0.578125 0.55078125 0.08359375 0.1421875
7 0.40234375 0.10703125 0.15546875 0.08671875
12 0.65234375 0.14375 0.11171875 0.09140625
12 0.66484375 0.5734375 0.1265625 0.08671875
13 0.7078125 0.11875 0.065625 0.1328125
13 0.6765625 0.58203125 0.11640625 0.09296875
14 0.7640625 0.43671875 0.0921875 0.1046875
14 0.6015625 0.29765625 0.07578125 0.11484375
15 0.284375 0.44921875 0.0703125 0.1
15 0.51015625 0.48515625 0.059375 0.10625
16 0.3625 0.6578125 0.0984375 0.06875
16 0.64765625 0.0765625 0.05546875 0.11484375
17 0.37265625 0.53125 0.0671875 0.08984375
17 0.47109375 0.57421875 0.08984375 0.065625
18 0.709375 0.47890625 0.0640625 0.08359375
18 0.57734375 0.1796875 0.05234375 0.08828125
19 0.521875 0.3734375 0.0671875 0.08515625
19 0.55625 0.5875 0.08359375 0.04921875
20 0.2265625 0.3109375 0.08515625 0.04609375
20 0.6875 0.33125 0.0703125 0.05078125
21 0.91328125 0.34921875 0.065625 0.0734375
21 0.36484375 0.85859375 0.05390625 0.0703125
22 0.5125 0.665625 0.15234375 0.08671875
23 0.396875 0.3328125 0.07890625 0.0375