0 0.74921875 0.390625 0.05078125 0.11328125
0 0.39140625 0.62578125 0.096875 0.040625
1 0.2953125 0.37578125 0.0578125 0.096875
1 0.40859375 0.5171875 0.0875 0.04296875
2 0.41953125 0.7453125 0.0515625 0.0921875
2 0.6171875 0.8734375 0.071875 0.0484375
3 0.565625 0.34296875 0.06875 0.0328125
3 0.578125 0.26875 0.07265625 0.046875
4 0.39296875 0.46953125 0.05546875 0.06953125
4 0.8640625 0.43984375 0.06875 0.0578125
8 0.7625 0.52265625 0.04765625 0.0796875
8 0.49765625 0.315625 0.06796875 0.03203125
9 0.90703125 0.13359375 0.05078125 0.07109375
9 0.025 0.62734375 0.04140625 0.07734375
10 0.51875 0.45234375 0.0546875 0.03984375
10 0.90078125 0.584375 0.059375 0.04296875
11 0.4375 0.89375 0.05625 0.0359375
11 0.46328125 0.75703125 0.04375 0.06171875
5 0.1125 0.58125 0.04765625 0.06171875
5 0.62421875 0.45859375 0.046875 0.0578125
6 0.13203125 0.4421875 0.04609375 0.0640625
6 0.65546875 0.56484375 0.04453125 0.06328125
7 0.2125 0.4109375 0.0546875 0.03515625
7 0.7 0.775 0.05078125 0.05859375
12 0.56953125 0.309375 0.046875 0.028125
12 0.25625 0.36796875 0.04375 0.03515625
13 0.26484375 0.98125 0.0421875 0.0359375
13 0.68125 0.4828125 0.04296875 0.0515625
14 0.83203125 0.82890625 0.0265625 0.0578125
14 0.68125 0.45859375 0.03828125 0.02421875
15 0.9796875 0.253125 0.0375 0.0578125
15 0.1875 0.54375 0.0375 0.0296875
16 0.72578125 0.525 0.0296875 0.05390625
16 0.44296875 0.3453125 0.04296875 0.034375
17 0.21484375 0.5453125 0.03125 0.04375
17 0.715625 0.08359375 0.0359375 0.05
18 0.73984375 0.075 0.0234375 0.05078125
18 0.484375 0.64140625 0.0296875 0.046875
19 0.66875 0.6984375 0.034375 0.03515625
19 0.5453125 0.52421875 0.0328125 0.0296875
20 0.809375 0.09296875 0.03515625 0.03203125
20 0.5078125 0.49375 0.03046875 0.03203125
21 0.71640625 0.8546875 0.0265625 0.0453125
21 0.2171875 0.371875 0.03125 0.034375
22 0.6125 0.51640625 0.05703125 0.040625
22 0.6203125 0.2359375 0.059375 0.04296875