0 0.0671875 0.115625 0.07890625 0.1734375
0 0.41796875 0.75703125 0.0796875 0.18671875
1 0.1078125 0.2765625 0.134375 0.11015625
1 0.871875 0.384375 0.10078125 0.13671875
2 0.509375 0.734375 0.0390625 0.15625
2 0.721875 0.56015625 0.13515625 0.06875
3 0.68203125 0.275 0.090625 0.11484375
3 0.7203125 0.578125 0.0734375 0.12734375
4 0.5875 0.74296875 0.09921875 0.07734375
4 0.30625 0.69609375 0.11171875 0.0703125
8 0.47578125 0.72421875 0.1171875 0.05546875
8 0.75234375 0.51875 0.11640625 0.04765625
9 0.52734375 0.84609375 0.11171875 0.0703125
9 0.40546875 0.6390625 0.103125 0.075
10 0.58125 0.7609375 0.096875 0.05
10 0.1046875 0.0859375 0.0765625 0.08671875
11 0.1796875 0.19375 0.03125 0.11328125
11 0.7890625 0.56171875 0.0640625 0.08828125
5 0.38515625 0.81640625 0.08515625 0.06875
5 0.1 0.34296875 0.0578125 0.10625
6 0.203125 0.30859375 0.07421875 0.0640625
6 0.4125 0.80859375 0.06953125 0.103125
7 0.221875 0.20703125 0.059375 0.0859375
7 0.83203125 0.57578125 0.090625 0.0859375
12 0.7484375 0.72109375 0.07890625 0.06484375
12 0.71015625 0.484375 0.08125 0.03671875
13 0.1296875 0.20625 0.04609375 0.090625
13 0.25703125 0.33828125 0.07578125 0.03671875
14 0.45234375 0.684375 0.0546875 0.0796875
14 0.33046875 0.8140625 0.0734375 0.0640625
15 0.11484375 0.24453125 0.046875 0.06953125
15 0.6140625 0.8171875 0.04375 0.0703125
16 0.7828125 0.49921875 0.07421875 0.04140625
16 0.3859375 0.6875 0.06953125 0.028125
17 0.8390625 0.8484375 0.05078125 0.06640625
17 0.159375 0.04140625 0.04375 0.0703125
18 0.83046875 0.80546875 0.04453125 0.06015625
18 0.17890625 0.32421875 0.046875 0.04609375
19 0.90078125 0.73984375 0.0609375 0.05
19 0.0890625 0.29296875 0.05234375 0.03125
20 0.63984375 0.9625 0.059375 0.0359375
20 0.74296875 0.4546875 0.03125 0.05234375
21 0.90546875 0.50625 0.0390625 0.0671875
21 0.06328125 0.3421875 0.03125 0.06015625
22 0.9765625 0.6984375 0.03828125 0.1296875
22 0.68359375 0.62265625 0.07421875 0.06640625