0 0.37578125 0.20234375 0.096875 0.1984375
0 0.125 0.41171875 0.09375 0.134375
1 0.5421875 0.2671875 0.16484375 0.08046875
1 0.56953125 0.50390625 0.159375 0.10859375
2 0.56484375 0.21484375 0.0328125 0.17578125
2 0.4125 0.53984375 0.06640625 0.15625
3 0.33359375 0.60546875 0.0921875 0.07890625
3 0.57109375 0.32421875 0.09765625 0.13359375
4 0.3140625 0.56953125 0.1171875 0.09375
4 0.46953125 0.1609375 0.1265625 0.04765625
8 0.18125 0.30390625 0.0921875 0.1203125
8 0.23515625 0.33359375 0.12265625 0.05
9 0.70859375 0.2328125 0.0921875 0.10859375
9 0.27421875 0.228125 0.11640625 0.0546875
10 0.29921875 0.4 0.09375 0.0625
10 0.25546875 0.56015625 0.0984375 0.0734375
11 0.24375 0.3984375 0.0734375 0.0921875
11 0.13203125 0.2015625 0.08828125 0.0671875
5 0.04453125 0.19765625 0.075 0.10390625
5 0.30078125 0.31953125 0.08359375 0.0765625
6 0.1375 0.159375 0.09765625 0.07109375
6 0.4265625 0.103125 0.10234375 0.078125
7 0.61484375 0.5671875 0.07578125 0.0921875
7 0.53203125 0.06640625 0.04765625 0.11015625
12 0.540625 0.60625 0.08046875 0.03515625
12 0.953125 0.90625 0.07578125 0.06875
13 0.08359375 0.278125 0.0578125 0.0859375
13 0.534375 0.30390625 0.05546875 0.06171875
14 0.30625 0.45546875 0.071875 0.0640625
14 0.121875 0.2734375 0.04296875 0.0875
15 0.146875 0.50390625 0.0515625 0.071875
15 0.35703125 0.24375 0.03046875 0.0765625
16 0.32421875 0.50859375 0.06484375 0.0484375
16 0.48828125 0.3859375 0.0375 0.07421875
17 0.26484375 0.471875 0.0359375 0.06953125
17 0.25546875 0.5140625 0.0515625 0.06171875
18 0.5046875 0.64453125 0.05703125 0.03671875
18 0.19140625 0.50625 0.0546875 0.0328125
19 0.16796875 0.35 0.03359375 0.06171875
19 0.57578125 0.42734375 0.04765625 0.0578125
20 0.6265625 0.296875 0.0390625 0.04765625
20 0.5984375 0.32421875 0.03046875 0.05234375
21 0.4640625 0.62265625 0.0515625 0.03515625
21 0.48046875 0.3296875 0.0484375 0.03515625
22 0.53046875 0.2015625 0.10546875 0.05078125
23 0.88828125 0.9515625 0.05703125 0.06171875