0 0.41640625 0.2234375 0.17109375 0.15234375
0 0.1734375 0.353125 0.10546875 0.18359375
1 0.50234375 0.14765625 0.13359375 0.15859375
1 0.8515625 0.4765625 0.08046875 0.19140625
2 0.928125 0.4609375 0.084375 0.1328125
2 0.15078125 0.575 0.06953125 0.15234375
3 0.43359375 0.059375 0.1453125 0.10625
3 0.49375 0.91328125 0.0640625 0.14140625
4 0.70234375 0.49453125 0.0640625 0.1328125
4 0.8953125 0.38359375 0.0578125 0.13984375
8 0.2625 0.3875 0.10546875 0.121875
8 0.83203125 0.72109375 0.10390625 0.1109375
9 0.66171875 0.284375 0.0640625 0.134375
9 0.69921875 0.09453125 0.13203125 0.07734375
10 0.7265625 0.30859375 0.07109375 0.115625
10 0.57265625 0.5734375 0.04609375 0.1140625
11 0.753125 0.41953125 0.07734375 0.109375
11 0.578125 0.87734375 0.11015625 0.07421875
5 0.81953125 0.63515625 0.0578125 0.1078125
5 0.75 0.63828125 0.10390625 0.0890625
6 0.47265625 0.32734375 0.11328125 0.05546875
6 0.734375 0.17890625 0.11015625 0.08203125
7 0.5125 0.403125 0.0890625 0.103125
7 0.62421875 0.56015625 0.0984375 0.08046875
12 0.253125 0.62734375 0.0640625 0.0953125
12 0.353125 0.8140625 0.07890625 0.09375
13 0.6453125 0.65 0.09375 0.07265625
13 0.37578125 0.67265625 0.0921875 0.06171875
14 0.659375 0.378125 0.0859375 0.06796875
14 0.57265625 0.19609375 0.0640625 0.09375
15 0.165625 0.7203125 0.07578125 0.06796875
15 0.3546875 0.57421875 0.08203125 0.08046875
16 0.05859375 0.409375 0.084375 0.084375
16 0.40390625 0.75390625 0.05625 0.084375
17 0.540625 0.7 0.06796875 0.07734375
17 0.33671875 0.36015625 0.0609375 0.07421875
18 0.48828125 0.83515625 0.06953125 0.06328125
18 0.5375 0.76015625 0.06796875 0.05234375
19 0.2796875 0.8484375 0.059375 0.06484375
19 0.40078125 0.55390625 0.0671875 0.04921875
20 0.7109375 0.709375 0.0609375 0.05859375
20 0.5078125 0.24375 0.05234375 0.06328125
21 0.5546875 0.421875 0.0546875 0.05703125
21 0.08046875 0.603125 0.05625 0.07109375
22 0.76484375 0.625 0.07265625 0.121875
23 0.509375 0.49140625 0.053125 0.07578125
23 0.3453125 0.515625 0.04921875 0.05234375