0 0.75390625 0.728125 0.10703125 0.0984375
0 0.359375 0.2078125 0.12265625 0.1609375
1 0.63125 0.04921875 0.084375 0.0859375
1 0.4515625 0.16640625 0.0828125 0.1640625
2 0.11640625 0.07265625 0.1515625 0.0828125
2 0.46328125 0.125 0.18046875 0.046875
3 0.3171875 0.7671875 0.12109375 0.07421875
3 0.415625 0.2515625 0.06953125 0.08125
4 0.45625 0.3953125 0.12421875 0.0734375
4 0.6890625 0.66484375 0.05234375 0.13046875
8 0.5015625 0.7171875 0.13828125 0.090625
8 0.39296875 0.5875 0.115625 0.090625
9 0.2 0.63671875 0.07890625 0.08125
9 0.3359375 0.12734375 0.0765625 0.11484375
10 0.49609375 0.77109375 0.1359375 0.05
10 0.4796875 0.31484375 0.1078125 0.0546875
11 0.3015625 0.95625 0.1765625 0.03515625
11 0.359375 0.2234375 0.07265625 0.075
5 0.37109375 0.35625 0.0859375 0.08359375
5 0.70078125 0.7640625 0.09765625 0.0796875
6 0.4953125 0.38125 0.0921875 0.0734375
6 0.709375 0.52421875 0.11171875 0.0546875
7 0.7671875 0.61328125 0.12265625 0.04375
7 0.5828125 0.5796875 0.0515625 0.08984375
12 0.7234375 0.5640625 0.05 0.06875
12 0.4390625 0.64921875 0.090625 0.06484375
13 0.50078125 0.4375 0.0921875 0.046875
13 0.484375 0.55859375 0.07265625 0.0640625
14 0.6828125 0.56328125 0.05 0.08359375
14 0.928125 0.86640625 0.09609375 0.05234375
15 0.51015625 0.08828125 0.090625 0.04921875
15 0.59375 0.11875 0.0859375 0.0515625
16 0.45078125 0.52109375 0.06875 0.0578125
16 0.41796875 0.17890625 0.08828125 0.03125
17 0.43359375 0.421875 0.06328125 0.05
17 0.53125 0.56328125 0.0484375 0.05625
18 0.4375 0.48515625 0.04453125 0.0578125
18 0.55234375 0.5796875 0.0484375 0.0515625
19 0.340625 0.553125 0.07265625 0.040625
19 0.49765625 0.28671875 0.05234375 0.0453125
20 0.553125 0.64140625 0.05546875 0.0421875
20 0.38515625 0.52109375 0.0515625 0.040625
21 0.48125 0.109375 0.05703125 0.03671875
21 0.48515625 0.5046875 0.0484375 0.0484375
22 0.421875 0.5984375 0.12109375 0.05234375
23 0.52734375 0.1625 0.0421875 0.040625