0 0.7265625 0.5984375 0.10234375 0.2265625
0 0.24765625 0.6515625 0.2 0.08125
1 0.19375 0.35390625 0.09609375 0.2296875
1 0.1609375 0.79140625 0.0546875 0.25390625
2 0.5703125 0.4375 0.13671875 0.13828125
2 0.44921875 0.24609375 0.06171875 0.1984375
3 0.51328125 0.40625 0.12109375 0.121875
3 0.3296875 0.1375 0.1109375 0.16484375
4 0.1828125 0.78828125 0.12265625 0.1234375
4 0.34765625 0.39765625 0.05078125 0.17890625
8 0.17578125 0.54921875 0.134375 0.13046875
8 0.61171875 0.56953125 0.07578125 0.17109375
9 0.73046875 0.85390625 0.053125 0.1578125
9 0.82265625 0.88125 0.12265625 0.09453125
10 0.8859375 0.47734375 0.06328125 0.14296875
10 0.4 0.72578125 0.05703125 0.1453125
11 0.675 0.671875 0.1140625 0.0796875
11 0.07890625 0.51171875 0.08203125 0.10390625
5 0.4984375 0.7421875 0.05078125 0.14140625
5 0.09765625 0.63125 0.0671875 0.1484375
6 0.80625 0.39140625 0.0859375 0.121875
6 0.3375 0.54453125 0.065625 0.13828125
7 0.7328125 0.37265625 0.07734375 0.12734375
7 0.20078125 0.29609375 0.10859375 0.10390625
12 0.40625 0.36953125 0.08203125 0.08125
12 0.5875 0.4453125 0.065625 0.09921875
13 0.665625 0.6109375 0.07421875 0.09140625
13 0.55625 0.803125 0.0453125 0.1234375
14 0.6484375 0.86875 0.08125 0.09296875
14 0.50390625 0.30703125 0.05703125 0.09921875
15 0.9390625 0.5625 0.08203125 0.0796875
15 0.2390625 0.7546875 0.04296875 0.09609375
16 0.56640625 0.2890625 0.078125 0.0703125
16 0.12109375 0.43828125 0.065625 0.071875
17 0.6078125 0.7828125 0.03671875 0.08984375
17 0.79921875 0.58046875 0.05078125 0.0859375
18 0.31015625 0.73828125 0.0390625 0.0859375
18 0.27421875 0.70625 0.040625 0.0765625
19 0.11171875 0.80234375 0.04140625 0.0828125
19 0.6640625 0.7296875 0.0515625 0.075
20 0.54453125 0.21328125 0.04765625 0.06171875
20 0.475 0.3734375 0.05078125 0.05078125
21 0.70234375 0.58984375 0.0390625 0.06875
21 0.4578125 0.6203125 0.0578125 0.05234375
22 0.54453125 0.63046875 0.071875 0.13671875