0 0.50546875 0.1015625 0.2859375 0.13515625
0 0.73828125 0.33984375 0.16875 0.1140625
1 0.1875 0.2734375 0.2171875 0.10703125
1 0.2796875 0.4515625 0.16015625 0.0953125
2 0.41875 0.2421875 0.13359375 0.11953125
2 0.5875 0.71640625 0.19765625 0.10703125
3 0.6125 0.5796875 0.20078125 0.0671875
3 0.065625 0.44765625 0.05703125 0.21796875
4 0.5421875 0.2140625 0.06484375 0.21484375
4 0.65859375 0.134375 0.090625 0.20625
8 0.81171875 0.553125 0.1453125 0.15625
8 0.5515625 0.21640625 0.2140625 0.0796875
9 0.59296875 0.8109375 0.1953125 0.059375
9 0.48046875 0.15625 0.11328125 0.08515625
10 0.68984375 0.30546875 0.08671875 0.1703125
10 0.240625 0.440625 0.046875 0.175
11 0.39140625 0.07578125 0.1609375 0.0671875
11 0.61796875 0.8984375 0.13359375 0.1265625
5 0.4375 0.728125 0.165625 0.0515625
5 0.15078125 0.28203125 0.08828125 0.15078125
6 0.74375 0.625 0.15390625 0.078125
6 0.215625 0.6109375 0.14921875 0.11796875
7 0.8078125 0.29765625 0.15546875 0.1078125
7 0.18203125 0.35390625 0.146875 0.11953125
12 0.63671875 0.49921875 0.05546875 0.12265625
12 0.1578125 0.465625 0.121875 0.0640625
13 0.565625 0.32734375 0.125 0.07421875
13 0.74375 0.41640625 0.09375 0.096875
14 0.70625 0.6703125 0.0921875 0.08125
14 0.21796875 0.625 0.08046875 0.10078125
15 0.5515625 0.26484375 0.10234375 0.04296875
15 0.42890625 0.71015625 0.075 0.10078125
16 0.925 0.57421875 0.1140625 0.05859375
16 0.221875 0.5046875 0.075 0.08515625
17 0.51640625 0.44765625 0.08515625 0.05546875
17 0.190625 0.34609375 0.05 0.10078125
18 0.4328125 0.55546875 0.0765625 0.06953125
18 0.8796875 0.46484375 0.046875 0.08515625
19 0.815625 0.42109375 0.07890625 0.05390625
19 0.76875 0.62265625 0.071875 0.0765625
20 0.71015625 0.4421875 0.065625 0.0625
20 0.54765625 0.5453125 0.06328125 0.05
21 0.1859375 0.54296875 0.0765625 0.05546875
21 0.30703125 0.609375 0.06875 0.05859375
22 0.3703125 0.825 0.06875 0.1765625
23 0.29296875 0.69609375 0.08203125 0.05234375