0 0.09609375 0.2625 0.08671875 0.15234375
0 0.1796875 0.23359375 0.0734375 0.171875
1 0.0375 0.284375 0.05234375 0.178125
1 0.515625 0.24140625 0.1 0.12421875
2 0.39296875 0.4453125 0.09140625 0.08984375
2 0.65078125 0.3921875 0.09140625 0.10625
3 0.06875 0.4265625 0.084375 0.1015625
3 0.45078125 0.5328125 0.05390625 0.1296875
4 0.4875 0.3109375 0.0921875 0.07578125
4 0.403125 0.290625 0.078125 0.0796875
8 0.39453125 0.4 0.078125 0.07734375
8 0.19375 0.92421875 0.034375 0.13125
9 0.18046875 0.9140625 0.0921875 0.0421875
9 0.05390625 0.53671875 0.0484375 0.13203125
10 0.2125 0.2546875 0.071875 0.04375
10 0.53515625 0.14296875 0.07265625 0.08203125
11 0.875 0.225 0.0296875 0.11171875
11 0.96328125 0.603125 0.0484375 0.10625
5 0.21328125 0.56015625 0.06953125 0.05234375
5 0.2421875 0.42578125 0.04609375 0.1015625
6 0.35703125 0.2453125 0.07109375 0.06796875
6 0.1546875 0.22734375 0.0390625 0.09765625
7 0.92421875 0.21171875 0.065625 0.0859375
7 0.21328125 0.39453125 0.04921875 0.0625
12 0.7015625 0.26875 0.053125 0.071875
12 0.5890625 0.43046875 0.04453125 0.078125
13 0.659375 0.48125 0.06015625 0.046875
13 0.12421875 0.15859375 0.06015625 0.059375
14 0.39921875 0.57109375 0.05859375 0.05703125
14 0.4671875 0.72578125 0.04765625 0.0671875
15 0.609375 0.49609375 0.040625 0.07265625
15 0.16875 0.09375 0.06015625 0.04140625
16 0.065625 0.23125 0.03359375 0.08515625
16 0.75 0.1015625 0.03984375 0.07265625
17 0.415625 0.2609375 0.03359375 0.06796875
17 0.89609375 0.2875 0.046875 0.0421875
18 0.584375 0.5046875 0.028125 0.0546875
18 0.303125 0.3703125 0.0390625 0.06015625
19 0.9171875 0.1640625 0.04296875 0.0421875
19 0.178125 0.171875 0.03203125 0.0625
20 0.6828125 0.31953125 0.03203125 0.04453125
20 0.52109375 0.2 0.034375 0.046875
21 0.86015625 0.03046875 0.034375 0.0546875
21 0.49140625 0.6765625 0.0265625 0.04375
22 0.2828125 0.59921875 0.075 0.0640625
22 0.4671875 0.43828125 0.07421875 0.08359375