0 0.35 0.52734375 0.11796875 0.23046875
0 0.57578125 0.35390625 0.16171875 0.18515625
1 0.53046875 0.20390625 0.11640625 0.1390625
1 0.6734375 0.71640625 0.0734375 0.1375
2 0.2734375 0.68671875 0.1265625 0.11796875
2 0.896875 0.24140625 0.153125 0.153125
3 0.271875 0.5984375 0.1609375 0.10546875
3 0.71171875 0.34140625 0.159375 0.0640625
4 0.771875 0.61015625 0.05546875 0.18125
4 0.1671875 0.94140625 0.16953125 0.07890625
8 0.76640625 0.34609375 0.13828125 0.09375
8 0.4515625 0.13046875 0.1046875 0.1765625
9 0.2953125 0.521875 0.13046875 0.109375
9 0.45078125 0.5921875 0.0859375 0.115625
10 0.65390625 0.2953125 0.1328125 0.05390625
10 0.28203125 0.56953125 0.065625 0.1546875
11 0.871875 0.62734375 0.121875 0.07734375
11 0.54921875 0.30703125 0.121875 0.0625
5 0.63203125 0.43984375 0.0453125 0.14453125
5 0.58203125 0.3703125 0.08203125 0.12421875
6 0.834375 0.2453125 0.078125 0.13125
6 0.85625 0.42578125 0.07734375 0.10078125
7 0.4328125 0.72265625 0.0984375 0.13125
7 0.79453125 0.2421875 0.0671875 0.13984375
12 0.6453125 0.634375 0.078125 0.09765625
12 0.7453125 0.528125 0.0515625 0.11796875
13 0.86640625 0.6875 0.08984375 0.10546875
13 0.14609375 0.63828125 0.06953125 0.09921875
14 0.540625 0.74921875 0.09609375 0.05234375
14 0.63203125 0.5859375 0.1046875 0.0484375
15 0.0546875 0.86171875 0.09609375 0.05078125
15 0.7078125 0.571875 0.040625 0.10078125
16 0.76484375 0.41484375 0.05546875 0.10234375
16 0.7296875 0.71875 0.06171875 0.0890625
17 0.390625 0.45859375 0.075 0.07265625
17 0.471875 0.66640625 0.0671875 0.0859375
18 0.8796875 0.26015625 0.05546875 0.084375
18 0.6015625 0.54609375 0.07578125 0.0609375
19 0.5921875 0.7 0.065625 0.06875
19 0.06484375 0.90390625 0.078125 0.05546875
20 0.14296875 0.70078125 0.065625 0.046875
20 0.68203125 0.52421875 0.03671875 0.0640625
21 0.60703125 0.63828125 0.0546875 0.0609375
21 0.56171875 0.61484375 0.0515625 0.0703125
22 0.421875 0.51640625 0.09140625 0.13984375
23 0.74140625 0.2609375 0.06171875 0.0640625