0 0.19921875 0.40546875 0.1078125 0.090625
0 0.0671875 0.24765625 0.09453125 0.215625
1 0.1015625 0.2609375 0.0984375 0.1984375
1 0.38984375 0.23828125 0.07578125 0.23046875
2 0.19375 0.528125 0.05546875 0.146875
2 0.375 0.5265625 0.02421875 0.24765625
3 0.41484375 0.4015625 0.071875 0.13125
3 0.11015625 0.2578125 0.0546875 0.2046875
4 0.22578125 0.52578125 0.03828125 0.228125
4 0.25 0.25625 0.03125 0.22421875
8 0.38203125 0.1046875 0.06328125 0.17421875
8 0.296875 0.20703125 0.04609375 0.19375
9 0.30234375 0.4 0.0671875 0.1015625
9 0.175 0.2421875 0.05859375 0.13984375
10 0.4109375 0.4828125 0.0578125 0.11171875
10 0.2578125 0.52265625 0.0359375 0.13984375
11 0.64296875 0.8390625 0.03984375 0.1921875
11 0.14375 0.2984375 0.05234375 0.12265625
5 0.2625 0.24453125 0.06328125 0.0671875
5 0.31875 0.56015625 0.034375 0.17265625
6 0.83359375 0.73359375 0.05859375 0.1484375
6 0.55625 0.5234375 0.06640625 0.0859375
7 0.24609375 0.09140625 0.0578125 0.09296875
7 0.15859375 0.0703125 0.06328125 0.10546875
12 0.44140625 0.26484375 0.04609375 0.103125
12 0.39453125 0.60546875 0.05703125 0.05625
13 0.71015625 0.61328125 0.05078125 0.0671875
13 0.3234375 0.43203125 0.046875 0.096875
14 0.1140625 0.12734375 0.046875 0.05625
14 0.35 0.6 0.046875 0.0671875
15 0.0875 0.4015625 0.046875 0.084375
15 0.884375 0.28671875 0.04609375 0.1078125
16 0.4640625 0.35234375 0.0390625 0.10546875
16 0.1625 0.28046875 0.04453125 0.06484375
17 0.17421875 0.45234375 0.0375 0.09453125
17 0.3171875 0.5234375 0.03828125 0.06875
18 0.2734375 0.52890625 0.03515625 0.0796875
18 0.36015625 0.51328125 0.021875 0.09453125
19 0.28671875 0.571875 0.0328125 0.07109375
19 0.971875 0.3640625 0.03359375 0.11640625
20 0.87734375 0.36640625 0.021875 0.08203125
20 0.94921875 0.67421875 0.02421875 0.08203125
21 0.2328125 0.3484375 0.03359375 0.05390625
21 0.1609375 0.23515625 0.03203125 0.0734375
22 0.4578125 0.56796875 0.0609375 0.12265625
22 0.83828125 0.40078125 0.065625 0.1078125