0 0.6015625 0.69140625 0.3078125 0.2140625
0 0.1484375 0.23125 0.203125 0.2390625
1 0.21171875 0.2953125 0.203125 0.25078125
1 0.57421875 0.88828125 0.2390625 0.12890625
2 0.68671875 0.54140625 0.2859375 0.09453125
2 0.3578125 0.53359375 0.15390625 0.2140625
3 0.44921875 0.6875 0.1234375 0.203125
3 0.22578125 0.51171875 0.13984375 0.2046875
4 0.4953125 0.165625 0.2265625 0.12265625
4 0.8015625 0.28359375 0.2265625 0.10390625
8 0.17109375 0.50625 0.20078125 0.14609375
8 0.58359375 0.73671875 0.18828125 0.1890625
9 0.75390625 0.1640625 0.16640625 0.12578125
9 0.60078125 0.3390625 0.14296875 0.153125
10 0.478125 0.28828125 0.18125 0.09453125
10 0.86484375 0.396875 0.19375 0.10390625
11 0.409375 0.0875 0.1015625 0.15625
11 0.828125 0.4578125 0.08359375 0.1625
5 0.3078125 0.32578125 0.18125 0.08828125
5 0.62890625 0.8171875 0.1125 0.1734375
6 0.78203125 0.696875 0.14296875 0.12734375
6 0.25703125 0.44140625 0.16328125 0.11484375
7 0.6828125 0.5109375 0.0546875 0.171875
7 0.453125 0.509375 0.07265625 0.178125
12 0.56328125 0.44765625 0.09765625 0.11484375
12 0.43359375 0.5359375 0.13203125 0.10234375
13 0.78984375 0.8 0.1453125 0.11015625
13 0.82421875 0.7234375 0.1234375 0.10546875
14 0.165625 0.6359375 0.13203125 0.09453125
14 0.28203125 0.65703125 0.12109375 0.10078125
15 0.66328125 0.3453125 0.1125 0.08984375
15 0.8125 0.34921875 0.146875 0.046875
16 0.5921875 0.18984375 0.11953125 0.08671875
16 0.3296875 0.15703125 0.1046875 0.09609375
17 0.77421875 0.14765625 0.10703125 0.07578125
17 0.653125 0.40625 0.09609375 0.08515625
18 0.49765625 0.38515625 0.06015625 0.09296875
18 0.42109375 0.65859375 0.08125 0.08203125
19 0.4 0.38984375 0.10859375 0.0453125
19 0.55234375 0.58359375 0.0578125 0.08984375
20 0.725 0.41015625 0.05078125 0.07421875
20 0.78203125 0.62734375 0.078125 0.06171875
21 0.17265625 0.4546875 0.08515625 0.06171875
21 0.59609375 0.62421875 0.06484375 0.07109375
22 0.1671875 0.2234375 0.146875 0.1546875
23 0.8078125 0.3125 0.07578125 0.0390625