0 0.415625 0.2125 0.18515625 0.19921875
0 0.684375 0.34765625 0.1578125 0.1390625
1 0.55859375 0.846875 0.15078125 0.18984375
1 0.5140625 0.778125 0.253125 0.08984375
2 0.8046875 0.4 0.09296875 0.2140625
2 0.3578125 0.5921875 0.2171875 0.08671875
3 0.359375 0.40625 0.1109375 0.184375
3 0.50234375 0.1140625 0.18671875 0.10703125
4 0.8921875 0.425 0.1078125 0.14296875
4 0.64296875 0.48125 0.1796875 0.13125
8 0.6984375 0.559375 0.121875 0.12578125
8 0.1671875 0.38359375 0.07578125 0.1953125
9 0.565625 0.29765625 0.09296875 0.1671875
9 0.71484375 0.34609375 0.0828125 0.17265625
10 0.8375 0.6125 0.1421875 0.0828125
10 0.55546875 0.15234375 0.13125 0.07890625
11 0.140625 0.7046875 0.134375 0.10546875
11 0.2421875 0.765625 0.12578125 0.1
5 0.22890625 0.4734375 0.0625 0.1578125
5 0.3984375 0.40625 0.146875 0.06796875
6 0.39921875 0.84296875 0.14921875 0.07734375
6 0.50859375 0.30703125 0.13125 0.0734375
7 0.4578125 0.10078125 0.12890625 0.09609375
7 0.4734375 0.58359375 0.13125 0.1
12 0.64453125 0.7125 0.121875 0.05234375
12 0.3015625 0.6484375 0.0578125 0.1203125
13 0.4265625 0.66484375 0.0953125 0.1
13 0.87421875 0.68046875 0.08984375 0.109375
14 0.42109375 0.2859375 0.10625 0.0828125
14 0.3015625 0.1859375 0.10390625 0.05234375
15 0.5625 0.62109375 0.059375 0.1109375
15 0.7546875 0.7546875 0.06640625 0.1109375
16 0.4265625 0.4859375 0.08046875 0.0921875
16 0.60078125 0.4984375 0.11640625 0.075
17 0.62734375 0.6203125 0.08046875 0.08671875
17 0.38203125 0.7046875 0.09296875 0.0640625
18 0.3359375 0.2859375 0.0828125 0.06015625
18 0.35078125 0.61953125 0.04140625 0.0734375
19 0.30234375 0.38828125 0.0734375 0.07734375
19 0.29921875 0.4984375 0.0734375 0.08671875
20 0.4640625 0.740625 0.05234375 0.07109375
20 0.5125 0.20078125 0.06640625 0.06796875
21 0.23046875 0.6375 0.0625 0.075
21 0.578125 0.41640625 0.06484375 0.065625
22 0.090625 0.6046875 0.16015625 0.10703125
23 0.29921875 0.234375 0.05546875 0.084375