0 0.92578125 0.30234375 0.04375 0.16796875
0 0.58203125 0.25703125 0.11796875 0.06640625
1 0.5515625 0.7015625 0.03984375 0.14296875
1 0.534375 0.27265625 0.08359375 0.11640625
2 0.51953125 0.87578125 0.0671875 0.10703125
2 0.10078125 0.60859375 0.0703125 0.07421875
3 0.915625 0.88828125 0.07578125 0.09609375
3 0.0453125 0.5953125 0.0484375 0.084375
4 0.58828125 0.16328125 0.07890625 0.09375
4 0.22890625 0.57265625 0.03125 0.11640625
8 0.328125 0.77578125 0.0375 0.10703125
8 0.72734375 0.78828125 0.0734375 0.06953125
9 0.328125 0.23203125 0.0546875 0.0875
9 0.66875 0.66640625 0.04296875 0.09921875
10 0.63125 0.10234375 0.0515625 0.06953125
10 0.77421875 0.48828125 0.06875 0.05625
11 0.65625 0.59296875 0.03046875 0.09765625
11 0.10703125 0.5734375 0.0265625 0.09296875
5 0.30390625 0.21171875 0.040625 0.0875
5 0.51171875 0.42890625 0.04453125 0.090625
6 0.865625 0.66484375 0.05078125 0.07890625
6 0.7640625 0.61171875 0.05859375 0.078125
7 0.4234375 0.54296875 0.04609375 0.08828125
7 0.30234375 0.66875 0.04375 0.08359375
12 0.940625 0.48515625 0.0546875 0.034375
12 0.73671875 0.7484375 0.0546875 0.04921875
13 0.95703125 0.46484375 0.05234375 0.053125
13 0.78203125 0.30078125 0.03125 0.07578125
14 0.62109375 0.45078125 0.046875 0.07109375
14 0.79921875 0.88125 0.034375 0.07265625
15 0.9625 0.20859375 0.04921875 0.04296875
15 0.425 0.08203125 0.0328125 0.071875
16 0.94921875 0.2765625 0.040625 0.05078125
16 0.66171875 0.87734375 0.053125 0.034375
17 0.853125 0.21796875 0.0390625 0.059375
17 0.96953125 0.4375 0.0328125 0.05859375
18 0.30078125 0.471875 0.028125 0.05390625
18 0.51015625 0.8609375 0.03046875 0.046875
19 0.78125 0.4625 0.04296875 0.03515625
19 0.6109375 0.89609375 0.03828125 0.04453125
20 0.8703125 0.615625 0.02578125 0.04375
20 0.6546875 0.31640625 0.028125 0.04921875
21 0.240625 0.49453125 0.0265625 0.05859375
21 0.5375 0.028125 0.03125 0.05
22 0.90078125 0.75703125 0.065625 0.07734375
23 0.34609375 0.92109375 0.03828125 0.03359375