0 0.51171875 0.3875 0.0984375 0.23046875
0 0.2140625 0.3 0.20859375 0.1046875
1 0.53671875 0.8328125 0.09453125 0.29140625
1 0.475 0.66015625 0.15390625 0.15078125
2 0.41875 0.36796875 0.046875 0.303125
2 0.46875 0.43359375 0.17109375 0.12890625
3 0.55703125 0.2765625 0.08515625 0.24296875
3 0.325 0.65625 0.065625 0.240625
4 0.33828125 0.28359375 0.07578125 0.25703125
4 0.36640625 0.3703125 0.03828125 0.25
8 0.2328125 0.41875 0.12734375 0.1046875
8 0.19921875 0.58515625 0.11484375 0.10703125
9 0.22734375 0.24375 0.04921875 0.23515625
9 0.359375 0.13203125 0.13203125 0.0703125
10 0.0609375 0.72578125 0.078125 0.175
10 0.45390625 0.9078125 0.11796875 0.07265625
11 0.1359375 0.6203125 0.0328125 0.18671875
11 0.46328125 0.184375 0.08359375 0.16015625
5 0.1875 0.63203125 0.0421875 0.20625
5 0.13125 0.7484375 0.08671875 0.1140625
6 0.4859375 0.47578125 0.05078125 0.1890625
6 0.4984375 0.6203125 0.1109375 0.08515625
7 0.63203125 0.428125 0.0890625 0.153125
7 0.2953125 0.6296875 0.065625 0.18671875
12 0.16171875 0.42578125 0.0546875 0.1625
12 0.34765625 0.8796875 0.08359375 0.1234375
13 0.06328125 0.5859375 0.06015625 0.1484375
13 0.27265625 0.85546875 0.0765625 0.13828125
14 0.53671875 0.55546875 0.07578125 0.096875
14 0.190625 0.83359375 0.03828125 0.17734375
15 0.60078125 0.28046875 0.046875 0.12890625
15 0.36796875 0.0390625 0.090625 0.07734375
16 0.0328125 0.7515625 0.05234375 0.09921875
16 0.26015625 0.6078125 0.06484375 0.08984375
17 0.10546875 0.56953125 0.03828125 0.1234375
17 0.28984375 0.303125 0.053125 0.11171875
18 0.26484375 0.4953125 0.0578125 0.0828125
18 0.43203125 0.8484375 0.0546875 0.08046875
19 0.2546875 0.2125 0.04765625 0.09921875
19 0.25625 0.68671875 0.0328125 0.1015625
20 0.09375 0.45546875 0.05625 0.08515625
20 0.21171875 0.825 0.02890625 0.096875
21 0.49765625 0.24140625 0.05234375 0.0703125
21 0.08125 0.83046875 0.05625 0.06796875
22 0.2296875 0.87890625 0.07265625 0.1890625
22 0.3828125 0.86796875 0.07109375 0.196875