0 0.778125 0.53984375 0.2375 0.1328125
0 0.75234375 0.415625 0.15234375 0.215625
1 0.63203125 0.11875 0.08203125 0.190625
1 0.74296875 0.4015625 0.0921875 0.18671875
2 0.93125 0.4765625 0.109375 0.12421875
2 0.51328125 0.17890625 0.06875 0.165625
3 0.88046875 0.3484375 0.11796875 0.121875
3 0.41484375 0.41484375 0.16328125 0.071875
4 0.815625 0.4703125 0.16015625 0.0578125
4 0.54921875 0.52734375 0.04765625 0.15
8 0.125 0.92578125 0.16171875 0.0921875
8 0.64765625 0.50078125 0.09296875 0.12578125
9 0.634375 0.503125 0.1359375 0.07109375
9 0.65546875 0.23203125 0.0796875 0.10625
10 0.7109375 0.19296875 0.1265625 0.0734375
10 0.4140625 0.18203125 0.07421875 0.1078125
11 0.53203125 0.40078125 0.10703125 0.06953125
11 0.44453125 0.1546875 0.06875 0.09375
5 0.71328125 0.2890625 0.0796875 0.1015625
5 0.46796875 0.25703125 0.10703125 0.08046875
6 0.81015625 0.6734375 0.1 0.10625
6 0.82890625 0.5421875 0.0671875 0.10390625
7 0.83359375 0.6828125 0.1140625 0.08515625
7 0.52421875 0.09140625 0.12109375 0.06484375
12 0.54765625 0.084375 0.06171875 0.08046875
12 0.4609375 0.2109375 0.09609375 0.03203125
13 0.6 0.31796875 0.103125 0.05703125
13 0.4859375 0.3609375 0.09765625 0.05234375
14 0.7265625 0.565625 0.0703125 0.078125
14 0.55859375 0.14296875 0.08515625 0.0453125
15 0.784375 0.18984375 0.0875 0.04140625
15 0.3984375 0.253125 0.0453125 0.08046875
16 0.61015625 0.109375 0.06328125 0.06484375
16 0.48203125 0.321875 0.059375 0.06171875
17 0.5890625 0.26484375 0.04765625 0.06875
17 0.84609375 0.3859375 0.046875 0.06875
18 0.71796875 0.21953125 0.05625 0.0484375
18 0.49140625 0.28828125 0.0421875 0.06015625
19 0.42421875 0.33828125 0.07109375 0.04765625
19 0.6203125 0.23046875 0.03828125 0.05546875
20 0.625 0.440625 0.06484375 0.040625
20 0.78046875 0.41640625 0.04140625 0.05234375
21 0.434375 0.30390625 0.06171875 0.040625
21 0.7359375 0.6375 0.05078125 0.0546875
22 0.9046875 0.5859375 0.14140625 0.06640625
23 0.5609375 0.4265625 0.06015625 0.04140625