0 0.19140625 0.540625 0.275 0.12578125
0 0.465625 0.37890625 0.28203125 0.1546875
1 0.80859375 0.49453125 0.11640625 0.32265625
1 0.48125 0.74140625 0.2265625 0.2109375
2 0.56640625 0.85703125 0.09296875 0.2359375
2 0.55390625 0.21953125 0.19921875 0.090625
3 0.75859375 0.75625 0.17578125 0.12734375
3 0.79921875 0.6296875 0.1453125 0.2109375
4 0.36875 0.1875 0.19765625 0.12734375
4 0.51875 0.38125 0.0640625 0.21640625
8 0.20390625 0.55546875 0.07578125 0.228125
8 0.6609375 0.6546875 0.1296875 0.19921875
9 0.115625 0.4140625 0.09609375 0.17421875
9 0.25 0.1125 0.1890625 0.0734375
10 0.25390625 0.4546875 0.06953125 0.1703125
10 0.44765625 0.509375 0.11171875 0.090625
11 0.5953125 0.52421875 0.103125 0.13125
11 0.70546875 0.4296875 0.0625 0.178125
5 0.25234375 0.30625 0.1296875 0.10625
5 0.6421875 0.7125 0.07421875 0.1453125
6 0.7828125 0.68046875 0.10625 0.16640625
6 0.64140625 0.3328125 0.08984375 0.14296875
7 0.74296875 0.821875 0.125 0.096875
7 0.68828125 0.69765625 0.1 0.15703125
12 0.53125 0.8328125 0.05546875 0.1296875
12 0.42265625 0.446875 0.1078125 0.08125
13 0.475 0.6625 0.125 0.0796875
13 0.32734375 0.4203125 0.09453125 0.0984375
14 0.2078125 0.2140625 0.0640625 0.10625
14 0.62109375 0.3484375 0.11015625 0.09296875
15 0.490625 0.59765625 0.1 0.065625
15 0.42578125 0.22421875 0.1015625 0.096875
16 0.32578125 0.65 0.0875 0.10078125
16 0.49296875 0.3265625 0.09765625 0.07734375
17 0.325 0.490625 0.08984375 0.06015625
17 0.14375 0.3203125 0.04375 0.11015625
18 0.58203125 0.28359375 0.0796875 0.06015625
18 0.659375 0.43515625 0.0625 0.0734375
19 0.6734375 0.58203125 0.07578125 0.0578125
19 0.38125 0.5703125 0.059375 0.0890625
20 0.35234375 0.23125 0.06953125 0.05625
20 0.40625 0.69765625 0.059375 0.08671875
21 0.87109375 0.759375 0.04921875 0.08671875
21 0.13125 0.4296875 0.0796875 0.065625
22 0.25625 0.70703125 0.146875 0.0796875
22 0.90234375 0.69140625 0.0640625 0.19921875