0 0.05390625 0.41171875 0.103125 0.29609375
0 0.24765625 0.88984375 0.115625 0.15234375
1 0.37109375 0.4390625 0.0625 0.21015625
1 0.51484375 0.41328125 0.1234375 0.11796875
2 0.3140625 0.2921875 0.046875 0.24375
2 0.3328125 0.425 0.04375 0.28203125
3 0.4578125 0.284375 0.1046875 0.0921875
3 0.11875 0.4921875 0.034375 0.26796875
4 0.415625 0.740625 0.0765625 0.18984375
4 0.30390625 0.746875 0.05703125 0.22578125
8 0.121875 0.121875 0.078125 0.215625
8 0.9265625 0.4109375 0.07734375 0.1859375
9 0.23515625 0.58984375 0.034375 0.2203125
9 0.22109375 0.6921875 0.04453125 0.215625
10 0.2953125 0.62578125 0.0375 0.16796875
10 0.340625 0.378125 0.025 0.184375
11 0.4625 0.79296875 0.03046875 0.18203125
11 0.165625 0.7078125 0.0328125 0.17578125
5 0.375 0.34765625 0.06796875 0.14375
5 0.18671875 0.3609375 0.0453125 0.17421875
6 0.6734375 0.39765625 0.034375 0.16796875
6 0.30546875 0.50390625 0.06796875 0.1203125
7 0.725 0.3703125 0.03203125 0.13203125
7 0.25 0.11015625 0.0359375 0.2
12 0.546875 0.55625 0.04453125 0.12421875
12 0.09140625 0.79296875 0.0640625 0.078125
13 0.24765625 0.14296875 0.05625 0.11015625
13 0.17265625 0.68828125 0.04921875 0.10390625
14 0.2015625 0.8109375 0.04140625 0.1296875
14 0.1671875 0.82421875 0.06015625 0.1078125
15 0.25859375 0.31875 0.053125 0.0703125
15 0.97109375 0.2953125 0.05625 0.08984375
16 0.08515625 0.5390625 0.05 0.0859375
16 0.1625 0.153125 0.02890625 0.13828125
17 0.35625 0.24375 0.04609375 0.05625
17 0.403125 0.85 0.0234375 0.115625
18 0.1640625 0.59375 0.04296875 0.06015625
18 0.23984375 0.40703125 0.02890625 0.10625
19 0.1875 0.27578125 0.0328125 0.09609375
19 0.28828125 0.13671875 0.04140625 0.06171875
20 0.3859375 0.14375 0.0375 0.05625
20 0.4734375 0.52421875 0.03203125 0.0796875
21 0.13515625 0.509375 0.02265625 0.08984375
21 0.08828125 0.5890625 0.025 0.09375
22 0.4890625 0.59375 0.04609375 0.14765625
22 0.14921875 0.43984375 0.0921875 0.071875