0 0.30078125 0.190625 0.25546875 0.1859375
0 0.325 0.19140625 0.13671875 0.228125
1 0.509375 0.1609375 0.2453125 0.12109375
1 0.68828125 0.7734375 0.246875 0.10390625
2 0.59375 0.3359375 0.08046875 0.23125
2 0.54140625 0.8765625 0.21953125 0.12265625
3 0.7765625 0.4078125 0.20234375 0.0703125
3 0.503125 0.51796875 0.171875 0.09921875
4 0.328125 0.3359375 0.165625 0.10390625
4 0.7875 0.5421875 0.1265625 0.17109375
8 0.346875 0.08046875 0.1703125 0.090625
8 0.22265625 0.2046875 0.1046875 0.16796875
9 0.35703125 0.56953125 0.07578125 0.1765625
9 0.4796875 0.27109375 0.07421875 0.1828125
10 0.06953125 0.196875 0.08515625 0.14609375
10 0.09765625 0.37578125 0.0515625 0.1609375
11 0.88203125 0.78671875 0.1203125 0.09375
11 0.5890625 0.378125 0.13828125 0.071875
5 0.51796875 0.45 0.08828125 0.14453125
5 0.7359375 0.3078125 0.08515625 0.15234375
6 0.5984375 0.7359375 0.121875 0.12265625
6 0.803125 0.56953125 0.15546875 0.071875
7 0.78046875 0.6359375 0.14765625 0.0703125
7 0.4203125 0.7359375 0.07734375 0.14609375
12 0.39140625 0.45625 0.109375 0.046875
12 0.375 0.55546875 0.09765625 0.0640625
13 0.51640625 0.7875 0.08203125 0.1125
13 0.56484375 0.23984375 0.0515625 0.1171875
14 0.84140625 0.503125 0.09296875 0.09765625
14 0.48359375 0.54140625 0.1078125 0.065625
15 0.37109375 0.37734375 0.0640625 0.10078125
15 0.38984375 0.61484375 0.07734375 0.0484375
16 0.6171875 0.6203125 0.1046875 0.0890625
16 0.43125 0.3875 0.071875 0.09765625
17 0.10703125 0.6015625 0.08515625 0.07890625
17 0.13984375 0.225 0.0546875 0.0875
18 0.6234375 0.49921875 0.059375 0.0859375
18 0.3109375 0.584375 0.07578125 0.05546875
19 0.9078125 0.37578125 0.08515625 0.0640625
19 0.58203125 0.35546875 0.07578125 0.046875
20 0.1265625 0.29609375 0.0453125 0.06875
20 0.18671875 0.16796875 0.059375 0.04375
21 0.6875 0.51484375 0.07578125 0.0671875
21 0.47421875 0.45 0.07578125 0.046875
22 0.14296875 0.41015625 0.0640625 0.14921875
22 0.778125 0.7984375 0.09296875 0.08359375