0 0.665625 0.5375 0.290625 0.07890625
0 0.48359375 0.2515625 0.2890625 0.0875
1 0.340625 0.11796875 0.196875 0.16171875
1 0.890625 0.36015625 0.1625 0.1140625
2 0.73203125 0.7578125 0.1265625 0.16875
2 0.62890625 0.5171875 0.1328125 0.203125
3 0.42578125 0.646875 0.1421875 0.15703125
3 0.065625 0.665625 0.13125 0.1109375
4 0.49453125 0.309375 0.2109375 0.10234375
4 0.44296875 0.23125 0.2109375 0.12734375
8 0.20703125 0.60078125 0.2015625 0.065625
8 0.171875 0.68671875 0.1 0.12734375
9 0.25 0.40546875 0.134375 0.153125
9 0.33828125 0.803125 0.1640625 0.1171875
10 0.56484375 0.8015625 0.0703125 0.178125
10 0.859375 0.5828125 0.171875 0.13671875
11 0.80703125 0.75390625 0.0859375 0.16015625
11 0.38125 0.1984375 0.153125 0.1171875
5 0.5984375 0.3640625 0.146875 0.10234375
5 0.125 0.93359375 0.14375 0.06640625
6 0.38671875 0.52734375 0.0890625 0.15
6 0.26796875 0.54921875 0.1671875 0.059375
7 0.66484375 0.60703125 0.0921875 0.16015625
7 0.19296875 0.82890625 0.1546875 0.09375
12 0.50390625 0.43515625 0.1296875 0.06640625
12 0.74921875 0.64375 0.1328125 0.07421875
13 0.203125 0.2359375 0.075 0.13359375
13 0.28359375 0.1671875 0.0796875 0.1171875
14 0.49375 0.5109375 0.065625 0.1140625
14 0.275 0.75546875 0.134375 0.08046875
15 0.4515625 0.61640625 0.05625 0.1140625
15 0.80859375 0.5 0.1234375 0.08046875
16 0.265625 0.29296875 0.11875 0.0515625
16 0.32265625 0.690625 0.0953125 0.0875
17 0.2640625 0.6671875 0.05 0.09921875
17 0.175 0.865625 0.06875 0.084375
18 0.7171875 0.8484375 0.103125 0.053125
18 0.5609375 0.58515625 0.05 0.0875
19 0.31328125 0.40078125 0.0734375 0.08046875
19 0.2265625 0.875 0.078125 0.06953125
20 0.46015625 0.1875 0.0609375 0.06640625
20 0.20703125 0.2203125 0.1046875 0.0546875
21 0.3859375 0.41875 0.084375 0.053125
21 0.225 0.6984375 0.040625 0.07578125
22 0.38359375 0.51171875 0.1859375 0.053125
23 0.3125 0.77578125 0.075 0.053125