0 0.8546875 0.375 0.09609375 0.18359375
0 0.8515625 0.18359375 0.13203125 0.178125
1 0.7671875 0.371875 0.11171875 0.140625
1 0.3375 0.2203125 0.040625 0.23046875
2 0.69609375 0.2359375 0.14921875 0.090625
2 0.359375 0.14453125 0.1671875 0.0390625
3 0.6421875 0.1796875 0.14296875 0.0515625
3 0.22265625 0.72734375 0.05703125 0.12578125
4 0.4328125 0.46171875 0.1265625 0.07265625
4 0.76796875 0.4421875 0.06171875 0.1453125
8 0.0640625 0.3671875 0.0953125 0.15
8 0.73515625 0.53671875 0.071875 0.1453125
9 0.35390625 0.1328125 0.05546875 0.140625
9 0.71171875 0.37734375 0.05546875 0.12109375
10 0.54296875 0.2734375 0.09609375 0.09921875
10 0.7328125 0.578125 0.09296875 0.0953125
11 0.49765625 0.19296875 0.10390625 0.071875
11 0.76171875 0.653125 0.078125 0.10703125
5 0.775 0.15078125 0.0375 0.11875
5 0.8140625 0.82890625 0.06796875 0.1171875
6 0.5234375 0.690625 0.0515625 0.1078125
6 0.79453125 0.5421875 0.06015625 0.1171875
7 0.5875 0.0765625 0.08671875 0.0921875
7 0.60546875 0.2078125 0.0453125 0.11796875
12 0.5515625 0.71171875 0.0328125 0.0984375
12 0.4375 0.959375 0.0875 0.06640625
13 0.67109375 0.40078125 0.07421875 0.06796875
13 0.74296875 0.06953125 0.07734375 0.06640625
14 0.659375 0.665625 0.04921875 0.09609375
14 0.4203125 0.39765625 0.05625 0.065625
15 0.625 0.72109375 0.0703125 0.03515625
15 0.69296875 0.1109375 0.07421875 0.05859375
16 0.30703125 0.46171875 0.071875 0.06640625
16 0.7609375 0.36328125 0.0546875 0.06953125
17 0.66015625 0.475 0.034375 0.078125
17 0.4296875 0.71015625 0.040625 0.0765625
18 0.62109375 0.75 0.059375 0.04296875
18 0.81328125 0.36640625 0.040625 0.06640625
19 0.7203125 0.09921875 0.059375 0.03984375
19 0.59375 0.6796875 0.0578125 0.0390625
20 0.75234375 0.15 0.04296875 0.03203125
20 0.96328125 0.90703125 0.05 0.03671875
21 0.71015625 0.43203125 0.03515625 0.06015625
21 0.48046875 0.4234375 0.0484375 0.053125
22 0.80703125 0.07265625 0.08828125 0.10703125
23 0.60625 0.825 0.03125 0.05625