0 0.09609375 0.82421875 0.05859375 0.1421875
0 0.19765625 0.2484375 0.08125 0.1171875
1 0.2625 0.8359375 0.1203125 0.059375
1 0.49765625 0.37421875 0.06796875 0.13359375
2 0.57734375 0.24140625 0.0796875 0.09609375
2 0.59375 0.353125 0.08046875 0.10234375
3 0.46171875 0.84140625 0.096875 0.0421875
3 0.665625 0.12734375 0.06796875 0.1015625
4 0.42578125 0.9171875 0.07734375 0.090625
4 0.1953125 0.30703125 0.09140625 0.06640625
8 0.465625 0.56015625 0.0921875 0.06484375
8 0.27109375 0.9 0.0921875 0.06015625
9 0.60390625 0.92265625 0.08984375 0.05859375
9 0.2734375 0.91640625 0.046875 0.09921875
10 0.55078125 0.35625 0.053125 0.084375
10 0.18359375 0.27109375 0.06171875 0.07265625
11 0.44921875 0.92578125 0.06484375 0.07265625
11 0.44609375 0.13984375 0.06796875 0.07109375
5 0.5015625 0.3875 0.06953125 0.06328125
5 0.690625 0.11953125 0.05546875 0.0765625
6 0.79765625 0.35390625 0.0359375 0.084375
6 0.94375 0.06640625 0.06328125 0.065625
7 0.1265625 0.84375 0.06953125 0.07578125
7 0.0625 0.88203125 0.07265625 0.07578125
12 0.75390625 0.22109375 0.05703125 0.05625
12 0.49453125 0.4515625 0.06953125 0.0484375
13 0.5203125 0.7546875 0.03125 0.07109375
13 0.228125 0.92734375 0.046875 0.06875
14 0.425 0.03515625 0.034375 0.0703125
14 0.1703125 0.75859375 0.0625 0.05
15 0.6671875 0.56328125 0.04765625 0.0546875
15 0.89140625 0.2390625 0.05390625 0.0515625
16 0.55625 0.7171875 0.05546875 0.0484375
16 0.61875 0.1171875 0.0421875 0.059375
17 0.85234375 0.48125 0.05234375 0.046875
17 0.6078125 0.878125 0.04921875 0.03515625
18 0.56796875 0.2859375 0.0359375 0.04609375
18 0.590625 0.29765625 0.04375 0.0421875
19 0.48671875 0.725 0.0453125 0.04921875
19 0.41640625 0.859375 0.0359375 0.04296875
20 0.61953125 0.16484375 0.0296875 0.0421875
20 0.11328125 0.9 0.03125 0.04375
21 0.38359375 0.0515625 0.0359375 0.04609375
21 0.86875 0.13671875 0.03828125 0.04140625
22 0.7109375 0.5765625 0.05234375 0.08828125
22 0.2609375 0.140625 0.0734375 0.04921875