0 0.40625 0.80703125 0.16796875 0.18671875
0 0.5609375 0.49453125 0.12109375 0.18125
1 0.40703125 0.225 0.19296875 0.11953125
1 0.3125 0.3125 0.315625 0.08125
2 0.55625 0.87109375 0.16640625 0.2140625
2 0.45625 0.86015625 0.11484375 0.1484375
3 0.6359375 0.3875 0.103125 0.23515625
3 0.31796875 0.55625 0.12421875 0.23515625
4 0.1359375 0.278125 0.1296875 0.215625
4 0.91328125 0.43359375 0.0828125 0.240625
8 0.81875 0.3703125 0.109375 0.15390625
8 0.48984375 0.5828125 0.17578125 0.1609375
9 0.4125 0.584375 0.14765625 0.1828125
9 0.75234375 0.8234375 0.1 0.20859375
10 0.73828125 0.33671875 0.075 0.159375
10 0.75390625 0.56484375 0.0828125 0.1703125
11 0.76796875 0.68203125 0.14453125 0.11796875
11 0.3046875 0.4109375 0.12421875 0.14140625
5 0.140625 0.5796875 0.09140625 0.115625
5 0.1875 0.28046875 0.14296875 0.134375
6 0.29375 0.30625 0.09296875 0.16328125
6 0.21328125 0.31796875 0.13125 0.1359375
7 0.27109375 0.7828125 0.053125 0.18125
7 0.4796875 0.546875 0.09296875 0.1234375
12 0.3203125 0.09453125 0.13984375 0.0578125
12 0.44375 0.1453125 0.13984375 0.0546875
13 0.76796875 0.403125 0.12109375 0.11015625
13 0.67890625 0.8578125 0.12109375 0.0703125
14 0.70859375 0.5671875 0.084375 0.08671875
14 0.3359375 0.4671875 0.12265625 0.0546875
15 0.25 0.40703125 0.09765625 0.0703125
15 0.41953125 0.48203125 0.08828125 0.0796875
16 0.2375 0.5640625 0.05 0.13203125
16 0.1609375 0.48984375 0.06953125 0.08515625
17 0.325 0.7734375 0.078125 0.08671875
17 0.32734375 0.55859375 0.1 0.05234375
18 0.65390625 0.609375 0.075 0.0703125
18 0.3890625 0.61875 0.05625 0.08515625
19 0.3671875 0.29453125 0.08671875 0.05234375
19 0.6921875 0.73125 0.06796875 0.0921875
20 0.55859375 0.69375 0.06796875 0.07578125
20 0.50546875 0.1984375 0.08828125 0.05625
21 0.65703125 0.7078125 0.08125 0.04921875
21 0.390625 0.409375 0.04296875 0.090625
22 0.07421875 0.47578125 0.09453125 0.15390625
22 0.46328125 0.44921875 0.06015625 0.16640625