0 0.246875 0.39296875 0.20546875 0.21328125
0 0.64296875 0.753125 0.103125 0.1421875
1 0.70703125 0.65234375 0.12890625 0.20546875
1 0.47421875 0.62265625 0.12265625 0.17421875
2 0.446875 0.8 0.165625 0.109375
2 0.6359375 0.0984375 0.2515625 0.06796875
3 0.64296875 0.62421875 0.20546875 0.109375
3 0.796875 0.22265625 0.0984375 0.1953125
4 0.63203125 0.52578125 0.1734375 0.12265625
4 0.5734375 0.92421875 0.1734375 0.1078125
8 0.2640625 0.5296875 0.171875 0.12109375
8 0.828125 0.3453125 0.0984375 0.146875
9 0.078125 0.403125 0.1046875 0.15859375
9 0.62109375 0.19609375 0.14140625 0.15703125
10 0.46484375 0.3828125 0.14765625 0.0890625
10 0.3359375 0.7234375 0.08125 0.10625
11 0.2296875 0.58671875 0.1640625 0.08046875
11 0.503125 0.31484375 0.1640625 0.0578125
5 0.16796875 0.40625 0.1609375 0.11640625
5 0.55546875 0.4140625 0.14765625 0.10078125
6 0.87421875 0.659375 0.13046875 0.12109375
6 0.80625 0.578125 0.1625 0.06328125
7 0.2015625 0.20546875 0.13984375 0.140625
7 0.41953125 0.76953125 0.06640625 0.140625
12 0.8828125 0.33671875 0.12890625 0.06015625
12 0.38046875 0.4875 0.12265625 0.0890625
13 0.74453125 0.63125 0.090625 0.09921875
13 0.49609375 0.09609375 0.0734375 0.1234375
14 0.8546875 0.4734375 0.11640625 0.0890625
14 0.24375 0.1046875 0.13203125 0.090625
15 0.7765625 0.490625 0.1125 0.04921875
15 0.40078125 0.09609375 0.14921875 0.06328125
16 0.4296875 0.52578125 0.075 0.10234375
16 0.303125 0.68046875 0.096875 0.08671875
17 0.62109375 0.30859375 0.05546875 0.09609375
17 0.49140625 0.8578125 0.1015625 0.04296875
18 0.53984375 0.515625 0.078125 0.0703125
18 0.38125 0.6765625 0.06015625 0.07734375
19 0.4609375 0.44921875 0.0765625 0.06640625
19 0.496875 0.51328125 0.06171875 0.075
20 0.4828125 0.35703125 0.06484375 0.06015625
20 0.7546875 0.36875 0.075 0.05625
21 0.73359375 0.31796875 0.084375 0.06328125
21 0.55546875 0.38046875 0.04609375 0.0734375
22 0.76171875 0.42890625 0.1109375 0.08046875
22 0.878125 0.24765625 0.0875 0.1640625