0 0.6109375 0.93203125 0.2390625 0.1328125
0 0.6953125 0.34609375 0.09140625 0.28671875
1 0.6296875 0.24765625 0.12421875 0.1421875
1 0.465625 0.3140625 0.25703125 0.090625
2 0.22734375 0.109375 0.1984375 0.115625
2 0.49140625 0.415625 0.11796875 0.11328125
3 0.28671875 0.21328125 0.15859375 0.115625
3 0.6984375 0.46875 0.10625 0.21015625
4 0.4390625 0.2109375 0.14140625 0.13515625
4 0.60546875 0.203125 0.18515625 0.11171875
8 0.759375 0.8890625 0.16171875 0.12265625
8 0.54453125 0.15625 0.115625 0.11875
9 0.1765625 0.53203125 0.153125 0.12734375
9 0.146875 0.15625 0.121875 0.0828125
10 0.225 0.39765625 0.1046875 0.140625
10 0.571875 0.48359375 0.15546875 0.040625
11 0.32109375 0.44921875 0.1375 0.09609375
11 0.746875 0.51015625 0.04921875 0.15546875
5 0.16875 0.36484375 0.07265625 0.13671875
5 0.30234375 0.33984375 0.04453125 0.15234375
6 0.3921875 0.31953125 0.1109375 0.1078125
6 0.115625 0.221875 0.078125 0.1015625
7 0.3984375 0.3828125 0.128125 0.065625
7 0.59296875 0.865625 0.0890625 0.12890625
12 0.06953125 0.03515625 0.13671875 0.05390625
12 0.3328125 0.57734375 0.04921875 0.14453125
13 0.609375 0.79765625 0.06171875 0.10390625
13 0.6890625 0.7921875 0.090625 0.11015625
14 0.16875 0.24921875 0.046875 0.1328125
14 0.6828125 0.7890625 0.09296875 0.109375
15 0.753125 0.11484375 0.078125 0.10546875
15 0.54921875 0.7421875 0.0703125 0.1
16 0.50703125 0.1625 0.11484375 0.040625
16 0.63203125 0.22265625 0.1078125 0.05625
17 0.5953125 0.52265625 0.084375 0.0578125
17 0.93203125 0.18125 0.10390625 0.0578125
18 0.68125 0.31171875 0.03828125 0.08125
18 0.6875 0.65703125 0.0625 0.08515625
19 0.5890625 0.56875 0.08203125 0.040625
19 0.575 0.41875 0.0578125 0.0765625
20 0.61484375 0.71171875 0.0484375 0.065625
20 0.4953125 0.75 0.0578125 0.0734375
21 0.25625 0.26953125 0.06796875 0.05234375
21 0.09140625 0.084375 0.0703125 0.05
22 0.22578125 0.08125 0.04375 0.16171875
23 0.07734375 0.26484375 0.04140625 0.08984375