0 0.4875 0.5125 0.18359375 0.0703125
0 0.4984375 0.47421875 0.1453125 0.07421875
1 0.20625 0.31484375 0.18515625 0.04296875
1 0.70625 0.4015625 0.075 0.125
2 0.7125 0.78515625 0.1546875 0.0296875
2 0.48984375 0.3203125 0.14296875 0.040625
3 0.209375 0.04609375 0.14296875 0.06640625
3 0.409375 0.42109375 0.140625 0.0265625
4 0.61953125 0.3875 0.1046875 0.08359375
4 0.2203125 0.4734375 0.0546875 0.09609375
8 0.29765625 0.58828125 0.1265625 0.0546875
8 0.81015625 0.5578125 0.11953125 0.0578125
9 0.903125 0.4875 0.09453125 0.07421875
9 0.6765625 0.665625 0.11875 0.0359375
10 0.08046875 0.3671875 0.05859375 0.084375
10 0.66875 0.32578125 0.0421875 0.0859375
11 0.35078125 0.46640625 0.0640625 0.0765625
11 0.56796875 0.4515625 0.06640625 0.0671875
5 0.60625 0.425 0.08671875 0.05390625
5 0.628125 0.50078125 0.03671875 0.0859375
6 0.77890625 0.15546875 0.07265625 0.07890625
6 0.45703125 0.64453125 0.06484375 0.07734375
7 0.809375 0.625 0.090625 0.06640625
7 0.559375 0.61171875 0.090625 0.05625
12 0.75859375 0.3921875 0.0890625 0.025
12 0.46328125 0.52890625 0.0765625 0.03046875
13 0.19609375 0.271875 0.078125 0.0484375
13 0.546875 0.665625 0.08515625 0.02890625
14 0.396875 0.34609375 0.05625 0.0578125
14 0.5 0.5671875 0.08125 0.03359375
15 0.725 0.421875 0.05703125 0.05078125
15 0.75859375 0.65546875 0.07890625 0.028125
16 0.5953125 0.634375 0.0703125 0.028125
16 0.7484375 0.534375 0.075 0.0359375
17 0.78046875 0.725 0.0609375 0.040625
17 0.359375 0.68515625 0.0359375 0.0546875
18 0.73125 0.70703125 0.0484375 0.046875
18 0.54296875 0.346875 0.0625 0.0296875
19 0.75234375 0.628125 0.05390625 0.03828125
19 0.3796875 0.5265625 0.05234375 0.04453125
20 0.540625 0.5875 0.04375 0.0359375
20 0.3671875 0.39375 0.040625 0.03671875
21 0.5953125 0.71484375 0.0359375 0.04765625
21 0.83828125 0.42890625 0.0625 0.03203125
22 0.69296875 0.63125 0.08671875 0.05390625
22 0.85 0.94140625 0.05234375 0.09140625