0 0.60234375 0.5859375 0.14375 0.15078125
0 0.3609375 0.68671875 0.090625 0.18125
1 0.21640625 0.05 0.1109375 0.1
1 0.10546875 0.19765625 0.0609375 0.1640625
2 0.3171875 0.4421875 0.08125 0.1609375
2 0.35859375 0.15390625 0.09609375 0.171875
3 0.059375 0.22421875 0.0765625 0.134375
3 0.70234375 0.71015625 0.11953125 0.1421875
4 0.19453125 0.44140625 0.071875 0.11875
4 0.459375 0.7703125 0.090625 0.11875
8 0.18203125 0.2828125 0.0375 0.13828125
8 0.2765625 0.4625 0.13515625 0.03828125
9 0.39765625 0.2421875 0.0796875 0.1328125
9 0.91328125 0.74375 0.0734375 0.1015625
10 0.6125 0.46015625 0.07890625 0.11796875
10 0.2796875 0.08359375 0.053125 0.08359375
11 0.7265625 0.49140625 0.0640625 0.115625
11 0.6453125 0.55859375 0.09609375 0.07265625
5 0.75625 0.425 0.0609375 0.11796875
5 0.14140625 0.23984375 0.02890625 0.1125
6 0.38984375 0.253125 0.1015625 0.075
6 0.19296875 0.33984375 0.0875 0.07734375
7 0.4078125 0.34375 0.1171875 0.04921875
7 0.734375 0.77734375 0.05546875 0.12421875
12 0.60546875 0.6046875 0.08359375 0.04765625
12 0.86640625 0.41015625 0.03125 0.12578125
13 0.80078125 0.73515625 0.071875 0.0828125
13 0.16015625 0.3859375 0.0515625 0.05859375
14 0.71484375 0.6859375 0.1015625 0.0515625
14 0.80625 0.65 0.04609375 0.06171875
15 0.334375 0.53046875 0.0703125 0.03984375
15 0.33671875 0.72421875 0.08203125 0.04296875
16 0.234375 0.15234375 0.06953125 0.05859375
16 0.89375 0.66328125 0.05625 0.08125
17 0.31953125 0.41640625 0.06953125 0.0359375
17 0.52265625 0.5984375 0.04375 0.06796875
18 0.6640625 0.303125 0.05625 0.05859375
18 0.73984375 0.92890625 0.03203125 0.071875
19 0.28359375 0.13125 0.06328125 0.02734375
19 0.25625 0.42734375 0.0515625 0.03828125
20 0.9640625 0.421875 0.05234375 0.05859375
20 0.32890625 0.15 0.04765625 0.04296875
21 0.775 0.9734375 0.05859375 0.03515625
21 0.7765625 0.67734375 0.05625 0.0328125
22 0.37109375 0.81171875 0.1015625 0.07890625
23 0.171875 0.4375 0.04296875 0.0328125