0 0.80390625 0.19609375 0.34453125 0.1140625
0 0.31484375 0.36640625 0.25078125 0.10625
1 0.15390625 0.33515625 0.2046875 0.1296875
1 0.27421875 0.69375 0.26484375 0.16796875
2 0.70546875 0.2796875 0.26171875 0.1140625
2 0.53203125 0.440625 0.1765625 0.19609375
3 0.21015625 0.2046875 0.165625 0.18984375
3 0.11640625 0.121875 0.1359375 0.20078125
4 0.3609375 0.78125 0.26875 0.08828125
4 0.77265625 0.38046875 0.09375 0.16796875
8 0.171875 0.23515625 0.25625 0.05390625
8 0.6140625 0.4984375 0.16015625 0.1015625
9 0.22890625 0.56953125 0.20078125 0.07421875
9 0.12578125 0.24921875 0.07578125 0.18046875
10 0.5109375 0.62421875 0.11953125 0.16171875
10 0.35390625 0.72734375 0.1734375 0.09375
11 0.44453125 0.43359375 0.1859375 0.06796875
11 0.12890625 0.1734375 0.21328125 0.04140625
5 0.35234375 0.6390625 0.0828125 0.1359375
5 0.52109375 0.69296875 0.05859375 0.1515625
6 0.94375 0.43828125 0.07578125 0.16328125
6 0.640625 0.64609375 0.12890625 0.15859375
7 0.31484375 0.47109375 0.08828125 0.1375
7 0.3953125 0.82109375 0.19375 0.05546875
12 0.6421875 0.50390625 0.11953125 0.09140625
12 0.28359375 0.3453125 0.11796875 0.08046875
13 0.54765625 0.65703125 0.13828125 0.07734375
13 0.4171875 0.6140625 0.05703125 0.0953125
14 0.390625 0.34296875 0.09609375 0.1015625
14 0.53515625 0.4765625 0.09375 0.1015625
15 0.865625 0.45390625 0.07734375 0.1140625
15 0.05703125 0.6015625 0.05859375 0.1234375
16 0.23671875 0.4921875 0.11640625 0.06796875
16 0.6796875 0.41875 0.11015625 0.07890625
17 0.5734375 0.596875 0.11640625 0.04296875
17 0.10625 0.70859375 0.10859375 0.07421875
18 0.20234375 0.11171875 0.06640625 0.07265625
18 0.09921875 0.64453125 0.04765625 0.09375
19 0.13203125 0.94375 0.09375 0.07890625
19 0.70703125 0.68515625 0.084375 0.05234375
20 0.15 0.8046875 0.08671875 0.04765625
20 0.75078125 0.5609375 0.09375 0.04140625
21 0.09765625 0.49296875 0.06640625 0.08515625
21 0.56796875 0.69375 0.06484375 0.06640625
22 0.38984375 0.18046875 0.16015625 0.1421875
22 0.68125 0.4578125 0.15859375 0.05703125