0 0.315625 0.36171875 0.05234375 0.31015625
0 0.62734375 0.72734375 0.15234375 0.23359375
1 0.703125 0.30625 0.1828125 0.109375
1 0.2421875 0.5 0.1265625 0.2671875
2 0.6296875 0.5734375 0.15390625 0.07421875
2 0.48984375 0.11796875 0.1578125 0.0875
3 0.66875 0.6890625 0.0828125 0.196875
3 0.61015625 0.76328125 0.0765625 0.21640625
4 0.55390625 0.12734375 0.1234375 0.134375
4 0.41328125 0.2953125 0.1 0.165625
8 0.58515625 0.7453125 0.1484375 0.06796875
8 0.75078125 0.33828125 0.13046875 0.1265625
9 0.17109375 0.7046875 0.11328125 0.16171875
9 0.17734375 0.83203125 0.1421875 0.08984375
10 0.81171875 0.40625 0.11328125 0.0953125
10 0.37890625 0.7171875 0.115625 0.08203125
11 0.59375 0.4015625 0.08828125 0.109375
11 0.59375 0.2296875 0.08984375 0.12109375
5 0.28359375 0.3140625 0.11484375 0.0546875
5 0.425 0.8515625 0.11875 0.05859375
6 0.8734375 0.3078125 0.115625 0.09375
6 0.08515625 0.13515625 0.04609375 0.1734375
7 0.3546875 0.7828125 0.11171875 0.0796875
7 0.57265625 0.646875 0.0921875 0.10546875
12 0.51875 0.3203125 0.0671875 0.11875
12 0.39140625 0.1859375 0.08828125 0.05625
13 0.16484375 0.396875 0.08828125 0.0953125
13 0.42734375 0.2921875 0.08125 0.0546875
14 0.71875 0.7828125 0.07890625 0.103125
14 0.48671875 0.60625 0.07890625 0.06640625
15 0.790625 0.61015625 0.04453125 0.109375
15 0.35390625 0.409375 0.05546875 0.1015625
16 0.746875 0.47890625 0.08046875 0.05234375
16 0.78203125 0.525 0.06953125 0.09921875
17 0.62265625 0.46875 0.0421875 0.09921875
17 0.71796875 0.25625 0.06953125 0.06015625
18 0.2875 0.50078125 0.03515625 0.09765625
18 0.19375 0.4953125 0.07109375 0.078125
19 0.93125 0.36328125 0.06484375 0.05625
19 0.40546875 0.5015625 0.05 0.05625
20 0.57734375 0.2921875 0.05546875 0.0546875
20 0.809375 0.2296875 0.05234375 0.0625
21 0.67265625 0.484375 0.05 0.071875
21 0.409375 0.38671875 0.04453125 0.08359375
22 0.13671875 0.57734375 0.09765625 0.15625
23 0.90859375 0.40703125 0.0515625 0.06640625