0 0.90625 0.77421875 0.1609375 0.10390625
0 0.675 0.19296875 0.04609375 0.20078125
1 0.55390625 0.30546875 0.1203125 0.1625
1 0.67421875 0.228125 0.17890625 0.0984375
2 0.80234375 0.48359375 0.125 0.1421875
2 0.8796875 0.35546875 0.15390625 0.1109375
3 0.6421875 0.42734375 0.05625 0.14921875
3 0.4453125 0.265625 0.08671875 0.146875
4 0.76171875 0.08203125 0.11875 0.1125
4 0.56328125 0.66015625 0.0609375 0.1421875
8 0.4734375 0.65234375 0.11015625 0.10078125
8 0.62265625 0.62734375 0.0609375 0.125
9 0.81328125 0.21640625 0.1234375 0.08515625
9 0.69921875 0.6078125 0.09453125 0.12109375
10 0.37109375 0.48359375 0.07109375 0.1109375
10 0.09375 0.46171875 0.1171875 0.10703125
11 0.5640625 0.1328125 0.1171875 0.06953125
11 0.709375 0.3546875 0.08671875 0.10703125
5 0.253125 0.58203125 0.096875 0.08828125
5 0.89296875 0.359375 0.05546875 0.12109375
6 0.8125 0.7234375 0.084375 0.10703125
6 0.49140625 0.34140625 0.059375 0.1078125
7 0.55859375 0.421875 0.05546875 0.109375
7 0.76015625 0.6703125 0.11875 0.0625
12 0.7546875 0.734375 0.078125 0.08359375
12 0.50234375 0.4171875 0.08671875 0.04375
13 0.36640625 0.35390625 0.04765625 0.09921875
13 0.51015625 0.90859375 0.0828125 0.08125
14 0.84375 0.14921875 0.07421875 0.096875
14 0.3359375 0.890625 0.0828125 0.0515625
15 0.74296875 0.1703125 0.04375 0.0828125
15 0.5046875 0.7359375 0.05078125 0.078125
16 0.65625 0.93671875 0.04375 0.0921875
16 0.63828125 0.51953125 0.06953125 0.0640625
17 0.4390625 0.475 0.06796875 0.059375
17 0.61484375 0.93828125 0.05078125 0.078125
18 0.31640625 0.2828125 0.078125 0.05703125
18 0.66875 0.6953125 0.0609375 0.0625
19 0.35703125 0.68671875 0.0578125 0.0515625
19 0.76015625 0.6546875 0.059375 0.0796875
20 0.62421875 0.55859375 0.0578125 0.03828125
20 0.4203125 0.359375 0.05078125 0.05546875
21 0.2828125 0.678125 0.06640625 0.04375
21 0.5046875 0.4578125 0.05625 0.0453125
22 0.440625 0.884375 0.103125 0.08359375
22 0.42890625 0.27734375 0.1265625 0.05390625