0 0.53359375 0.22109375 0.1 0.11015625
0 0.1984375 0.45078125 0.14296875 0.20234375
1 0.3875 0.8859375 0.1765625 0.16015625
1 0.2 0.34453125 0.146875 0.1828125
2 0.3 0.146875 0.1453125 0.15390625
2 0.65859375 0.49609375 0.11015625 0.17890625
3 0.1734375 0.24765625 0.10625 0.16796875
3 0.44453125 0.67578125 0.121875 0.15703125
4 0.6828125 0.18984375 0.08203125 0.16484375
4 0.87265625 0.34453125 0.13203125 0.13671875
8 0.3375 0.24609375 0.07890625 0.14765625
8 0.7578125 0.290625 0.121875 0.09453125
9 0.56640625 0.65390625 0.1234375 0.11875
9 0.69609375 0.54921875 0.1359375 0.0953125
10 0.25078125 0.6625 0.11015625 0.0765625
10 0.6546875 0.49296875 0.08046875 0.1078125
11 0.3828125 0.10625 0.078125 0.125
11 0.73828125 0.58984375 0.13515625 0.07421875
5 0.31328125 0.7 0.1078125 0.1015625
5 0.56328125 0.3171875 0.13203125 0.0578125
6 0.421875 0.5390625 0.11796875 0.10546875
6 0.42734375 0.69140625 0.128125 0.0578125
7 0.628125 0.721875 0.12421875 0.0984375
7 0.7484375 0.41015625 0.05703125 0.128125
12 0.27890625 0.521875 0.11171875 0.0578125
12 0.490625 0.63984375 0.10234375 0.0765625
13 0.09453125 0.49296875 0.09609375 0.0765625
13 0.51484375 0.80078125 0.10859375 0.046875
14 0.5328125 0.540625 0.09453125 0.0546875
14 0.43671875 0.7515625 0.09609375 0.07734375
15 0.584375 0.51328125 0.07890625 0.05546875
15 0.4203125 0.8359375 0.07265625 0.08359375
16 0.4015625 0.48828125 0.06640625 0.07890625
16 0.4703125 0.41640625 0.08203125 0.07265625
17 0.41484375 0.39140625 0.078125 0.065625
17 0.528125 0.7125 0.0703125 0.06875
18 0.56484375 0.490625 0.07109375 0.04375
18 0.35703125 0.5171875 0.07109375 0.05
19 0.4671875 0.54765625 0.04296875 0.06875
19 0.85703125 0.44453125 0.059375 0.07734375
20 0.5921875 0.1328125 0.06328125 0.05234375
20 0.4390625 0.5796875 0.03984375 0.05078125
21 0.90234375 0.425 0.05703125 0.06328125
21 0.2859375 0.6859375 0.06640625 0.05703125
22 0.46015625 0.30234375 0.0515625 0.1296875
23 0.465625 0.8203125 0.0703125 0.05234375