0 0.44453125 0.56484375 0.21484375 0.1703125
0 0.79765625 0.7734375 0.1203125 0.21640625
1 0.27421875 0.58359375 0.16484375 0.17421875
1 0.23359375 0.559375 0.203125 0.13203125
2 0.5140625 0.14765625 0.14765625 0.2078125
2 0.865625 0.65 0.07265625 0.20234375
3 0.490625 0.63515625 0.0921875 0.1890625
3 0.30625 0.1859375 0.18359375 0.17265625
4 0.32578125 0.4734375 0.1609375 0.15390625
4 0.32265625 0.175 0.0859375 0.1875
8 0.44765625 0.21015625 0.08203125 0.17734375
8 0.4234375 0.51171875 0.06875 0.1890625
9 0.22890625 0.225 0.19375 0.08125
9 0.134375 0.1703125 0.18359375 0.11484375
10 0.1484375 0.65234375 0.128125 0.13828125
10 0.60234375 0.7390625 0.1703125 0.08984375
11 0.721875 0.8109375 0.134375 0.11484375
11 0.92734375 0.63515625 0.08046875 0.1484375
5 0.64140625 0.42265625 0.1453125 0.11171875
5 0.7234375 0.43125 0.10546875 0.14375
6 0.5546875 0.3578125 0.08203125 0.13203125
6 0.50703125 0.753125 0.159375 0.0671875
7 0.6390625 0.284375 0.1203125 0.1296875
7 0.478125 0.87734375 0.14375 0.1203125
12 0.32890625 0.365625 0.09765625 0.10625
12 0.4984375 0.7984375 0.13828125 0.05234375
13 0.5046875 0.365625 0.075 0.103125
13 0.37578125 0.37421875 0.06484375 0.103125
14 0.759375 0.46875 0.059375 0.11328125
14 0.10625 0.2890625 0.1015625 0.11171875
15 0.60546875 0.259375 0.08828125 0.09296875
15 0.63515625 0.74296875 0.07890625 0.09453125
16 0.79765625 0.5234375 0.09375 0.0875
16 0.45234375 0.3765625 0.09609375 0.08125
17 0.3828125 0.29375 0.0921875 0.0671875
17 0.16640625 0.84140625 0.084375 0.09140625
18 0.50390625 0.45546875 0.07265625 0.0796875
18 0.19453125 0.45859375 0.075 0.08984375
19 0.54609375 0.12109375 0.084375 0.05234375
19 0.60625 0.13984375 0.075 0.08125
20 0.725 0.6359375 0.08203125 0.065625
20 0.51953125 0.04921875 0.06484375 0.0640625
21 0.509375 0.21875 0.06484375 0.07578125
21 0.19765625 0.39296875 0.07265625 0.065625
22 0.628125 0.52109375 0.1 0.146875
23 0.73203125 0.51484375 0.04609375 0.0671875