0 0.74453125 0.184375 0.31875 0.0484375
0 0.4640625 0.66328125 0.359375 0.04921875
1 0.25859375 0.48046875 0.10078125 0.18203125
1 0.5265625 0.28203125 0.09453125 0.19453125
2 0.6515625 0.86015625 0.196875 0.075
2 0.63203125 0.65390625 0.125 0.1140625
3 0.6765625 0.10234375 0.06484375 0.15
3 0.509375 0.403125 0.1125 0.15
4 0.63359375 0.78203125 0.2328125 0.0453125
4 0.59375 0.93828125 0.1140625 0.0703125
8 0.48359375 0.7421875 0.18359375 0.0515625
8 0.75625 0.884375 0.10390625 0.10234375
9 0.5234375 0.24921875 0.18515625 0.05078125
9 0.7 0.503125 0.0890625 0.1171875
10 0.634375 0.828125 0.10078125 0.08515625
10 0.428125 0.8296875 0.121875 0.05390625
11 0.72578125 0.7296875 0.1546875 0.0453125
11 0.7578125 0.121875 0.1625 0.06796875
5 0.4546875 0.3484375 0.13828125 0.07265625
5 0.715625 0.29453125 0.09453125 0.09765625
6 0.76875 0.61328125 0.05546875 0.1109375
6 0.36640625 0.7203125 0.1609375 0.04140625
7 0.4546875 0.5890625 0.1546875 0.0625
7 0.37421875 0.3953125 0.10390625 0.10390625
12 0.425 0.7734375 0.121875 0.05390625
12 0.428125 0.46171875 0.09609375 0.07109375
13 0.621875 0.628125 0.04375 0.07734375
13 0.5125 0.45703125 0.1109375 0.0609375
14 0.50390625 0.8046875 0.0875 0.0703125
14 0.71640625 0.6734375 0.040625 0.084375
15 0.71796875 0.38046875 0.11875 0.0453125
15 0.38125 0.65390625 0.046875 0.07734375
16 0.90546875 0.72734375 0.1140625 0.03359375
16 0.353125 0.7046875 0.0484375 0.075
17 0.5109375 0.69375 0.0875 0.046875
17 0.09609375 0.37421875 0.05546875 0.07265625
18 0.2390625 0.71171875 0.06484375 0.0625
18 0.22578125 0.4671875 0.05546875 0.05859375
19 0.4 0.896875 0.0484375 0.0609375
19 0.63515625 0.3671875 0.05390625 0.053125
20 0.30390625 0.57578125 0.075 0.0390625
20 0.69921875 0.8125 0.06171875 0.0453125
20 0.403125 0.68125 0.0453125 0.03828125
21 0.334375 0.7515625 0.06640625 0.02890625
21 0.30234375 0.6171875 0.0421875 0.0515625
22 0.31796875 0.4546875 0.06328125 0.11953125
23 0.55390625 0.6109375 0.040625 0.04375