0 0.35 0.77109375 0.12734375 0.14609375
0 0.30625 0.3140625 0.1234375 0.14296875
1 0.43125 0.94375 0.15078125 0.1015625
1 0.43671875 0.74453125 0.14296875 0.09375
2 0.52109375 0.09921875 0.12734375 0.08359375
2 0.64296875 0.54375 0.071875 0.1296875
3 0.43125 0.1328125 0.1109375 0.0875
3 0.5953125 0.30859375 0.10390625 0.06875
4 0.35625 0.23125 0.0921875 0.090625
4 0.49609375 0.41875 0.071875 0.1140625
8 0.9234375 0.54375 0.1265625 0.04765625
8 0.265625 0.33125 0.1140625 0.07265625
9 0.06875 0.41875 0.06015625 0.1203125
9 0.5875 0.128125 0.11484375 0.05234375
10 0.5421875 0.31328125 0.0765625 0.07578125
10 0.71953125 0.521875 0.04140625 0.10078125
11 0.69921875 0.43203125 0.08515625 0.071875
11 0.63046875 0.475 0.0828125 0.06484375
5 0.57265625 0.4484375 0.08125 0.071875
5 0.678125 0.6078125 0.075 0.08359375
6 0.39453125 0.34296875 0.090625 0.0390625
6 0.3328125 0.4734375 0.08203125 0.08359375
7 0.24609375 0.41640625 0.078125 0.07578125
7 0.19140625 0.1765625 0.0421875 0.10078125
12 0.40625 0.6875 0.0796875 0.0390625
12 0.4140625 0.17578125 0.071875 0.059375
13 0.25078125 0.20078125 0.0640625 0.06953125
13 0.28515625 0.525 0.08125 0.0359375
14 0.4796875 0.08203125 0.0671875 0.05625
14 0.35 0.0671875 0.078125 0.03515625
15 0.26953125 0.47109375 0.04140625 0.06875
15 0.59609375 0.165625 0.0609375 0.05625
16 0.39453125 0.9515625 0.0671875 0.0453125
16 0.76484375 0.7890625 0.0375 0.07109375
17 0.58203125 0.19140625 0.05390625 0.0546875
17 0.3203125 0.38046875 0.04140625 0.0609375
18 0.4765625 0.03828125 0.0421875 0.05234375
18 0.4515625 0.35546875 0.05078125 0.04453125
19 0.59375 0.57578125 0.04140625 0.0546875
19 0.29609375 0.2453125 0.040625 0.05234375
20 0.27734375 0.15546875 0.04140625 0.04921875
20 0.46875 0.2171875 0.0453125 0.03359375
21 0.7109375 0.38203125 0.0375 0.0515625
21 0.22578125 0.27578125 0.0375 0.0515625
22 0.48125 0.29296875 0.0703125 0.08828125
23 0.52265625 0.1359375 0.02890625 0.04140625