0 0.6265625 0.33671875 0.1625 0.08671875
0 0.2 0.44296875 0.16171875 0.0984375
1 0.52421875 0.41796875 0.10703125 0.090625
1 0.41953125 0.484375 0.14453125 0.09453125
2 0.36953125 0.13671875 0.04453125 0.1640625
2 0.41640625 0.203125 0.05 0.153125
3 0.484375 0.553125 0.1265625 0.06796875
3 0.1828125 0.33515625 0.05546875 0.1375
4 0.33671875 0.540625 0.0953125 0.109375
4 0.08359375 0.29453125 0.11875 0.08671875
8 0.3921875 0.103125 0.12578125 0.03984375
8 0.48359375 0.30703125 0.05703125 0.1140625
9 0.15 0.17890625 0.09765625 0.09921875
9 0.4453125 0.4796875 0.071875 0.11640625
10 0.47578125 0.27421875 0.0703125 0.10546875
10 0.24375 0.52265625 0.05390625 0.11328125
11 0.0953125 0.28046875 0.053125 0.11640625
11 0.34609375 0.28828125 0.08828125 0.0546875
5 0.36953125 0.33125 0.08046875 0.05625
5 0.17890625 0.42265625 0.06171875 0.10078125
6 0.1734375 0.0625 0.0953125 0.05078125
6 0.596875 0.35390625 0.07109375 0.1046875
7 0.24296875 0.28046875 0.0625 0.1046875
7 0.30625 0.53515625 0.07890625 0.0921875
12 0.8421875 0.465625 0.090625 0.04453125
12 0.6203125 0.42734375 0.07578125 0.05703125
13 0.87109375 0.9734375 0.08203125 0.04375
13 0.2984375 0.334375 0.07578125 0.03984375
14 0.95078125 0.8921875 0.08046875 0.0609375
14 0.11796875 0.06015625 0.08515625 0.0609375
15 0.28515625 0.21171875 0.040625 0.08046875
15 0.31015625 0.0671875 0.06484375 0.046875
16 0.3390625 0.23125 0.04921875 0.07734375
16 0.53046875 0.45625 0.0328125 0.0890625
17 0.9203125 0.94375 0.06171875 0.06328125
17 0.5203125 0.51875 0.05859375 0.040625
18 0.27578125 0.48203125 0.05859375 0.0421875
18 0.3734375 0.41640625 0.05859375 0.0375
19 0.2765625 0.115625 0.0359375 0.0671875
19 0.353125 0.47421875 0.0390625 0.05703125
20 0.396875 0.37265625 0.0375 0.05703125
20 0.2140625 0.3453125 0.03046875 0.05
21 0.3140625 0.1546875 0.0328125 0.05859375
21 0.88046875 0.940625 0.0390625 0.05859375
22 0.18359375 0.1171875 0.0796875 0.065625
22 0.39609375 0.1765625 0.11171875 0.06484375