0 0.21875 0.79765625 0.20078125 0.1390625
0 0.3375 0.23515625 0.24609375 0.15703125
1 0.8390625 0.42890625 0.1671875 0.19375
1 0.43984375 0.17578125 0.28671875 0.1234375
2 0.81953125 0.63203125 0.15390625 0.1140625
2 0.62421875 0.16171875 0.165625 0.10390625
3 0.49375 0.209375 0.22890625 0.1234375
3 0.2921875 0.5109375 0.215625 0.13125
4 0.65234375 0.5171875 0.209375 0.1140625
4 0.54453125 0.69921875 0.2203125 0.071875
8 0.215625 0.434375 0.2234375 0.0765625
8 0.12890625 0.4796875 0.14765625 0.16328125
9 0.4125 0.85703125 0.11484375 0.0765625
9 0.55078125 0.18203125 0.15859375 0.178125
10 0.68984375 0.0953125 0.19609375 0.10859375
10 0.57734375 0.775 0.06484375 0.16328125
11 0.74375 0.5875 0.1234375 0.08671875
11 0.22578125 0.590625 0.15703125 0.09609375
5 0.36484375 0.4203125 0.15859375 0.065625
5 0.5609375 0.78515625 0.16171875 0.09453125
6 0.19765625 0.31796875 0.06796875 0.171875
6 0.6171875 0.31875 0.14921875 0.140625
7 0.48671875 0.3546875 0.1796875 0.09921875
7 0.58984375 0.79453125 0.10078125 0.14921875
12 0.48515625 0.58203125 0.11171875 0.11875
12 0.39375 0.28125 0.1328125 0.05
13 0.93515625 0.34375 0.0484375 0.15390625
13 0.36328125 0.32421875 0.1328125 0.04140625
14 0.59921875 0.48828125 0.1375 0.08046875
14 0.646875 0.36875 0.1203125 0.121875
15 0.7328125 0.37890625 0.08125 0.10234375
15 0.47890625 0.4203125 0.11171875 0.09296875
16 0.62890625 0.425 0.11015625 0.07890625
16 0.52578125 0.92890625 0.11796875 0.0625
17 0.09375 0.48671875 0.10390625 0.065625
17 0.6796875 0.63828125 0.0796875 0.075
18 0.45390625 0.828125 0.096875 0.059375
18 0.221875 0.80546875 0.084375 0.06875
19 0.3328125 0.378125 0.0953125 0.0515625
19 0.6484375 0.59140625 0.09375 0.04609375
20 0.703125 0.30390625 0.090625 0.04140625
20 0.459375 0.77109375 0.04375 0.0765625
21 0.5296875 0.846875 0.0453125 0.075
21 0.30703125 0.6328125 0.07265625 0.0671875
22 0.21171875 0.63359375 0.19296875 0.071875
22 0.67578125 0.75 0.1234375 0.0734375