0 0.5015625 0.4484375 0.23984375 0.09140625
0 0.503125 0.25703125 0.18046875 0.1359375
1 0.72734375 0.415625 0.2625 0.0953125
1 0.371875 0.58046875 0.10390625 0.2140625
2 0.3375 0.41015625 0.11015625 0.10625
2 0.50390625 0.7375 0.09453125 0.10234375
3 0.54296875 0.7328125 0.20078125 0.07265625
3 0.2171875 0.49453125 0.14921875 0.08125
4 0.5 0.05390625 0.14921875 0.07578125
4 0.74921875 0.61875 0.0515625 0.17265625
8 0.42421875 0.83515625 0.19765625 0.06875
8 0.42734375 0.82578125 0.17265625 0.1390625
9 0.2859375 0.653125 0.05 0.1578125
9 0.69609375 0.540625 0.0453125 0.1640625
10 0.621875 0.6125 0.14453125 0.09296875
10 0.3421875 0.06640625 0.13515625 0.10234375
11 0.80390625 0.19453125 0.11640625 0.10390625
11 0.61953125 0.36328125 0.16796875 0.04453125
5 0.12265625 0.6140625 0.12265625 0.0796875
5 0.28359375 0.9328125 0.16484375 0.07578125
6 0.7515625 0.2953125 0.09609375 0.11875
6 0.37421875 0.50078125 0.15234375 0.06875
7 0.815625 0.434375 0.14609375 0.06875
7 0.4296875 0.40390625 0.0703125 0.128125
12 0.67734375 0.13046875 0.08671875 0.115625
12 0.23671875 0.725 0.05625 0.10234375
13 0.64375 0.3359375 0.040625 0.10625
13 0.4875 0.496875 0.0421875 0.10390625
14 0.7453125 0.403125 0.11328125 0.0671875
14 0.3625 0.5953125 0.08515625 0.0859375
15 0.6140625 0.30390625 0.0625 0.0953125
15 0.625 0.403125 0.10703125 0.04609375
16 0.80625 0.31796875 0.09296875 0.06484375
16 0.51875 0.21796875 0.10546875 0.06484375
17 0.92734375 0.42890625 0.0609375 0.0765625
17 0.6625 0.20859375 0.06875 0.07578125
18 0.42734375 0.5859375 0.046875 0.0765625
18 0.61796875 0.56171875 0.0671875 0.06484375
19 0.5359375 0.2625 0.0515625 0.059375
19 0.9375 0.3015625 0.05 0.06484375
20 0.71875 0.26328125 0.05 0.05546875
20 0.3625 0.77734375 0.065625 0.05390625
21 0.49921875 0.153125 0.065625 0.0609375
21 0.51953125 0.43125 0.08125 0.0375
22 0.3328125 0.6875 0.16328125 0.08125
23 0.484375 0.278125 0.0609375 0.05546875