0 0.871875 0.4609375 0.1203125 0.04765625
0 0.484375 0.16484375 0.0765625 0.12265625
1 0.89375 0.37265625 0.08671875 0.1390625
1 0.85859375 0.603125 0.09140625 0.09765625
2 0.90703125 0.240625 0.090625 0.0921875
2 0.5 0.8375 0.0484375 0.103125
3 0.95859375 0.9484375 0.078125 0.090625
3 0.84609375 0.50859375 0.07421875 0.1
4 0.57265625 0.9296875 0.0859375 0.07578125
4 0.91015625 0.93515625 0.0671875 0.096875
8 0.3234375 0.74453125 0.08203125 0.09140625
8 0.47578125 0.51953125 0.0765625 0.0953125
9 0.66640625 0.0515625 0.04375 0.1015625
9 0.45234375 0.728125 0.0734375 0.071875
10 0.75 0.5546875 0.0671875 0.071875
10 0.06484375 0.49609375 0.0734375 0.0578125
11 0.415625 0.65703125 0.0359375 0.09765625
11 0.071875 0.55078125 0.071875 0.04453125
5 0.1734375 0.78671875 0.0734375 0.040625
5 0.16796875 0.2578125 0.0671875 0.0609375
6 0.1125 0.46171875 0.0671875 0.0625
6 0.4890625 0.15703125 0.028125 0.1
7 0.82734375 0.39609375 0.07265625 0.0421875
7 0.83046875 0.33046875 0.0453125 0.09375
12 0.8703125 0.2625 0.03515625 0.07890625
12 0.2484375 0.3765625 0.06015625 0.03984375
13 0.39140625 0.75 0.02734375 0.08203125
13 0.74375 0.44140625 0.04609375 0.0703125
14 0.53203125 0.30546875 0.04921875 0.06953125
14 0.34609375 0.80390625 0.05 0.06953125
15 0.6828125 0.85 0.02890625 0.0671875
15 0.8359375 0.96171875 0.04765625 0.04453125
16 0.440625 0.16328125 0.0453125 0.05625
16 0.77890625 0.4703125 0.0265625 0.0703125
17 0.5015625 0.25625 0.04375 0.03203125
17 0.42109375 0.52890625 0.0484375 0.03515625
18 0.8265625 0.9265625 0.03359375 0.04375
18 0.38984375 0.65390625 0.03359375 0.05390625
19 0.746875 0.49921875 0.0328125 0.0515625
19 0.02890625 0.61015625 0.04375 0.05078125
20 0.48671875 0.2859375 0.02890625 0.0484375
20 0.24609375 0.4109375 0.03125 0.0515625
21 0.21640625 0.48046875 0.02578125 0.053125
21 0.453125 0.6171875 0.03828125 0.03125
22 0.8421875 0.88828125 0.07421875 0.04453125
23 0.45625 0.2015625 0.02265625 0.0515625