0 0.525 0.81640625 0.24296875 0.28125
0 0.1328125 0.490625 0.19453125 0.14453125
1 0.65703125 0.72421875 0.36875 0.08125
1 0.83125 0.61953125 0.1609375 0.33125
2 0.1515625 0.66328125 0.19609375 0.1703125
2 0.5484375 0.88671875 0.18359375 0.2
3 0.20625 0.43125 0.21875 0.18125
3 0.75859375 0.846875 0.21875 0.1390625
4 0.30703125 0.1765625 0.26484375 0.05703125
4 0.77890625 0.36484375 0.09296875 0.23359375
8 0.56875 0.76171875 0.15703125 0.16484375
8 0.15 0.5140625 0.13671875 0.18671875
9 0.290625 0.59296875 0.1125 0.18125
9 0.6984375 0.16640625 0.12578125 0.1703125
10 0.328125 0.0734375 0.1921875 0.08359375
10 0.778125 0.671875 0.1921875 0.07421875
11 0.57421875 0.4140625 0.0703125 0.16484375
11 0.45546875 0.5984375 0.18359375 0.10390625
5 0.3453125 0.76171875 0.14765625 0.15
5 0.4203125 0.53125 0.13046875 0.13671875
6 0.87421875 0.5140625 0.18515625 0.08671875
6 0.81796875 0.8 0.209375 0.06328125
7 0.18671875 0.21796875 0.1703125 0.11640625
7 0.55625 0.1859375 0.06640625 0.16875
12 0.5125 0.459375 0.13671875 0.08125
12 0.0875 0.36640625 0.15703125 0.059375
13 0.30390625 0.18203125 0.0859375 0.1203125
13 0.1265625 0.25390625 0.15703125 0.0515625
14 0.203125 0.11015625 0.14140625 0.08671875
14 0.1953125 0.36953125 0.1390625 0.06484375
15 0.82109375 0.5796875 0.1328125 0.08125
15 0.8375 0.22890625 0.090625 0.11328125
16 0.62265625 0.21953125 0.06640625 0.109375
16 0.8828125 0.33671875 0.09296875 0.11484375
17 0.6515625 0.41953125 0.09296875 0.08671875
17 0.721875 0.33515625 0.1015625 0.08125
18 0.6359375 0.496875 0.06640625 0.08359375
18 0.0984375 0.30703125 0.10390625 0.05546875
19 0.44375 0.2484375 0.06640625 0.08515625
19 0.6359375 0.60859375 0.096875 0.08359375
20 0.353125 0.559375 0.06171875 0.06640625
20 0.4546875 0.40703125 0.09296875 0.06328125
21 0.228125 0.5890625 0.05546875 0.07421875
21 0.31796875 0.26875 0.09296875 0.059375
22 0.4875 0.28984375 0.0796875 0.171875
23 0.46015625 0.5453125 0.0640625 0.06484375