0 0.2703125 0.36875 0.16796875 0.090625
0 0.2375 0.41328125 0.2375 0.0734375
1 0.69921875 0.5296875 0.21171875 0.07109375
1 0.559375 0.15234375 0.21328125 0.08515625
2 0.2078125 0.1921875 0.2046875 0.05546875
2 0.31640625 0.0921875 0.21328125 0.1046875
3 0.6265625 0.29921875 0.1109375 0.121875
3 0.43125 0.48046875 0.14765625 0.0921875
4 0.54921875 0.6265625 0.08046875 0.12578125
4 0.6203125 0.59765625 0.1390625 0.09296875
8 0.26015625 0.26484375 0.1734375 0.046875
8 0.68515625 0.35546875 0.11484375 0.1140625
9 0.90234375 0.51171875 0.14453125 0.07109375
9 0.85 0.528125 0.12421875 0.0890625
10 0.54453125 0.3421875 0.096875 0.10234375
10 0.4203125 0.55234375 0.140625 0.06953125
11 0.3515625 0.64921875 0.1078125 0.08046875
11 0.74140625 0.13359375 0.12578125 0.06328125
5 0.3296875 0.575 0.1296875 0.065625
5 0.75625 0.24453125 0.13359375 0.07265625
6 0.21328125 0.52890625 0.06953125 0.10625
6 0.35859375 0.4234375 0.12578125 0.0890625
7 0.43984375 0.11171875 0.06953125 0.096875
7 0.3859375 0.08671875 0.06015625 0.0984375
12 0.51640625 0.73203125 0.07265625 0.0828125
12 0.34453125 0.1515625 0.1203125 0.0390625
13 0.51171875 0.21171875 0.1078125 0.053125
13 0.24609375 0.6421875 0.11328125 0.0375
14 0.65078125 0.17109375 0.0890625 0.06484375
14 0.42421875 0.2453125 0.1109375 0.04765625
15 0.11875 0.56953125 0.06171875 0.07734375
15 0.44609375 0.6640625 0.1 0.05859375
16 0.81953125 0.209375 0.10546875 0.0515625
16 0.7359375 0.3703125 0.10390625 0.05703125
17 0.57109375 0.7765625 0.09140625 0.0453125
17 0.32578125 0.3109375 0.05625 0.06328125
18 0.31484375 0.94921875 0.096875 0.04375
18 0.74453125 0.18984375 0.06171875 0.05546875
19 0.14609375 0.39453125 0.0765625 0.0515625
19 0.26953125 0.3421875 0.0671875 0.06328125
20 0.69375 0.17890625 0.05859375 0.04140625
20 0.490625 0.5 0.05859375 0.05078125
21 0.1234375 0.31875 0.078125 0.03984375
21 0.68515625 0.27578125 0.075 0.04140625
22 0.46640625 0.74765625 0.075 0.10078125
22 0.52734375 0.81328125 0.14609375 0.04765625