0 0.296875 0.40078125 0.19921875 0.1015625
0 0.5484375 0.75625 0.1625 0.15078125
1 0.19609375 0.5265625 0.17421875 0.1703125
1 0.4125 0.403125 0.0796875 0.21796875
2 0.2296875 0.25078125 0.13671875 0.16484375
2 0.653125 0.53515625 0.09140625 0.2234375
3 0.31875 0.12265625 0.06796875 0.20546875
3 0.56015625 0.60859375 0.0609375 0.18671875
4 0.38203125 0.5921875 0.12734375 0.16015625
4 0.22265625 0.6171875 0.078125 0.17421875
8 0.90078125 0.42578125 0.1625 0.140625
8 0.3609375 0.4453125 0.12109375 0.13359375
9 0.0765625 0.54609375 0.121875 0.1
9 0.3078125 0.48203125 0.1375 0.07421875
10 0.25 0.45859375 0.12890625 0.0984375
10 0.18125 0.3875 0.1 0.13671875
11 0.5546875 0.84140625 0.13125 0.07578125
11 0.46171875 0.47421875 0.0859375 0.06171875
5 0.41640625 0.21640625 0.06875 0.14609375
5 0.11484375 0.9171875 0.10546875 0.13515625
6 0.4734375 0.36875 0.09921875 0.13515625
6 0.6609375 0.6734375 0.08828125 0.140625
7 0.36953125 0.19375 0.0625 0.13671875
7 0.425 0.096875 0.09375 0.1296875
12 0.13671875 0.671875 0.09921875 0.1
12 0.29375 0.5921875 0.04921875 0.1125
13 0.1703125 0.553125 0.08359375 0.0953125
13 0.0828125 0.62265625 0.1 0.09140625
14 0.38359375 0.365625 0.08359375 0.084375
14 0.3234375 0.31875 0.09609375 0.06640625
15 0.3171875 0.725 0.08046875 0.08828125
15 0.64140625 0.5078125 0.10625 0.053125
16 0.2859375 0.26328125 0.06796875 0.0984375
16 0.634375 0.58125 0.09921875 0.0546875
17 0.5609375 0.7609375 0.0921875 0.04765625
17 0.50546875 0.4875 0.06875 0.0578125
18 0.54140625 0.8890625 0.04296875 0.09296875
18 0.6421875 0.459375 0.0859375 0.06640625
19 0.4859375 0.2515625 0.0484375 0.08984375
19 0.5640625 0.5875 0.06640625 0.06328125
20 0.4953125 0.63984375 0.06484375 0.05625
20 0.459375 0.40546875 0.04140625 0.06328125
21 0.328125 0.57578125 0.04296875 0.071875
21 0.1546875 0.615625 0.0703125 0.04921875
22 0.1109375 0.5234375 0.10546875 0.13515625
23 0.384375 0.68828125 0.0484375 0.06328125