0 0.23828125 0.72265625 0.15859375 0.2015625
0 0.7890625 0.46640625 0.1875 0.25234375
1 0.49609375 0.8265625 0.215625 0.13203125
1 0.2765625 0.6078125 0.153125 0.0984375
2 0.55703125 0.6015625 0.12265625 0.25
2 0.8484375 0.62578125 0.153125 0.13828125
3 0.7296875 0.26015625 0.2015625 0.0546875
3 0.75390625 0.3953125 0.0859375 0.20625
4 0.4796875 0.090625 0.18203125 0.121875
4 0.3984375 0.52109375 0.18359375 0.109375
8 0.31015625 0.2859375 0.18203125 0.0796875
8 0.61796875 0.384375 0.16953125 0.109375
9 0.7734375 0.6421875 0.1671875 0.10703125
9 0.675 0.13515625 0.1265625 0.140625
10 0.36484375 0.5515625 0.0515625 0.1953125
10 0.47265625 0.63203125 0.09609375 0.1765625
11 0.40234375 0.18671875 0.140625 0.11796875
11 0.5703125 0.2109375 0.15703125 0.07734375
5 0.425 0.89921875 0.15546875 0.11796875
5 0.2453125 0.4109375 0.140625 0.11953125
6 0.91015625 0.2859375 0.0734375 0.18046875
6 0.72734375 0.25078125 0.05 0.17890625
7 0.221875 0.53359375 0.165625 0.0671875
7 0.2234375 0.69765625 0.1125 0.1515625
12 0.48828125 0.590625 0.11796875 0.109375
12 0.453125 0.85625 0.11796875 0.0984375
13 0.30625 0.23671875 0.125 0.07734375
13 0.43828125 0.2953125 0.103125 0.128125
14 0.48515625 0.74296875 0.11796875 0.06484375
14 0.52890625 0.37578125 0.090625 0.109375
15 0.7234375 0.8875 0.08203125 0.12421875
15 0.79140625 0.4171875 0.075 0.13203125
16 0.52734375 0.68984375 0.103125 0.07734375
16 0.6859375 0.52734375 0.11015625 0.0671875
17 0.390625 0.69921875 0.0609375 0.11328125
17 0.72265625 0.7265625 0.0734375 0.1046875
18 0.6265625 0.621875 0.05546875 0.1046875
18 0.540625 0.85703125 0.0734375 0.0671875
19 0.83984375 0.51796875 0.05 0.0984375
19 0.65625 0.73671875 0.10703125 0.05703125
20 0.10625 0.8390625 0.0765625 0.07734375
20 0.66015625 0.478125 0.0625 0.08203125
21 0.67109375 0.3046875 0.0734375 0.07109375
21 0.44765625 0.38828125 0.075 0.0796875
22 0.85625 0.18828125 0.1125 0.128125
22 0.678125 0.7328125 0.08046875 0.21015625