0 0.18359375 0.66171875 0.1640625 0.22265625
0 0.1984375 0.534375 0.265625 0.23203125
1 0.884375 0.74140625 0.14453125 0.25078125
1 0.33984375 0.2234375 0.14453125 0.13671875
2 0.8390625 0.8234375 0.27421875 0.13515625
2 0.2609375 0.79765625 0.13984375 0.13515625
3 0.2984375 0.48984375 0.2 0.16015625
3 0.57734375 0.39921875 0.15546875 0.1234375
4 0.21875 0.74453125 0.14140625 0.16484375
4 0.228125 0.4296875 0.146875 0.2109375
8 0.7 0.45078125 0.16171875 0.16015625
8 0.6609375 0.68515625 0.1328125 0.16484375
9 0.1921875 0.08984375 0.13984375 0.1203125
9 0.5515625 0.33125 0.08984375 0.184375
10 0.6546875 0.30546875 0.17734375 0.0671875
10 0.59375 0.48671875 0.18125 0.0640625
11 0.45234375 0.26328125 0.0640625 0.1546875
11 0.84296875 0.61875 0.134375 0.146875
5 0.52265625 0.24609375 0.1484375 0.1171875
5 0.60703125 0.75625 0.0859375 0.1453125
6 0.5234375 0.58125 0.13984375 0.1515625
6 0.621875 0.7296875 0.15703125 0.115625
7 0.49765625 0.89453125 0.15703125 0.08203125
7 0.375 0.665625 0.12578125 0.125
12 0.37734375 0.2640625 0.1 0.1140625
12 0.23359375 0.37578125 0.1359375 0.08203125
13 0.46796875 0.8078125 0.11875 0.1265625
13 0.6984375 0.83125 0.12734375 0.10390625
14 0.121875 0.6703125 0.1328125 0.07578125
14 0.83125 0.70078125 0.0859375 0.11015625
15 0.73046875 0.7875 0.053125 0.09921875
15 0.92421875 0.784375 0.07578125 0.10859375
16 0.58125 0.8390625 0.08984375 0.10078125
16 0.7171875 0.73828125 0.103125 0.059375
17 0.5234375 0.81640625 0.08125 0.07109375
17 0.17734375 0.63515625 0.1140625 0.05078125
18 0.459375 0.7078125 0.08828125 0.08046875
18 0.73203125 0.671875 0.0703125 0.04609375
19 0.096875 0.6078125 0.096875 0.0625
19 0.5359375 0.609375 0.06171875 0.0890625
20 0.79140625 0.759375 0.05859375 0.05625
20 0.09765625 0.50390625 0.05703125 0.0890625
21 0.4046875 0.50546875 0.084375 0.04296875
21 0.2140625 0.63203125 0.04140625 0.084375
22 0.26484375 0.19375 0.0984375 0.19609375
23 0.321875 0.353125 0.046875 0.0671875