0 0.77421875 0.17578125 0.07421875 0.13515625
0 0.72109375 0.82890625 0.08203125 0.1046875
1 0.8875 0.5609375 0.14921875 0.11640625
1 0.56640625 0.3265625 0.12890625 0.075
2 0.853125 0.45390625 0.08203125 0.103125
2 0.55078125 0.0328125 0.1109375 0.065625
3 0.053125 0.42421875 0.05390625 0.13671875
3 0.1421875 0.17734375 0.0984375 0.140625
4 0.56328125 0.153125 0.1109375 0.10390625
4 0.26875 0.7015625 0.078125 0.12265625
8 0.0625 0.40234375 0.084375 0.1078125
8 0.646875 0.425 0.09296875 0.0953125
9 0.88125 0.85625 0.12109375 0.0609375
9 0.41015625 0.503125 0.10546875 0.05859375
10 0.94296875 0.55703125 0.07578125 0.07734375
10 0.94765625 0.46015625 0.0703125 0.0703125
11 0.81015625 0.525 0.04765625 0.09921875
11 0.8546875 0.59921875 0.0765625 0.07578125
5 0.4609375 0.225 0.090625 0.0703125
5 0.72421875 0.646875 0.096875 0.0453125
6 0.49921875 0.93984375 0.09765625 0.053125
6 0.37734375 0.8890625 0.071875 0.07421875
7 0.73828125 0.68359375 0.0828125 0.05078125
7 0.665625 0.70859375 0.09609375 0.05078125
12 0.3359375 0.5296875 0.090625 0.040625
12 0.4734375 0.32734375 0.09609375 0.0359375
13 0.4703125 0.28203125 0.08515625 0.05078125
13 0.940625 0.60390625 0.0828125 0.034375
14 0.1921875 0.4046875 0.04453125 0.090625
14 0.484375 0.9828125 0.08125 0.02734375
15 0.953125 0.7171875 0.06484375 0.053125
15 0.41953125 0.24609375 0.04453125 0.078125
16 0.4 0.3765625 0.05234375 0.059375
16 0.91875 0.48828125 0.05 0.0703125
17 0.3265625 0.32109375 0.053125 0.0640625
17 0.521875 0.07890625 0.053125 0.06640625
18 0.71796875 0.534375 0.03203125 0.05859375
18 0.828125 0.2953125 0.059375 0.05078125
19 0.33828125 0.49296875 0.0421875 0.05703125
19 0.74765625 0.77734375 0.05234375 0.0453125
20 0.70078125 0.515625 0.02734375 0.040625
20 0.40390625 0.96015625 0.0421875 0.0265625
21 0.796875 0.71328125 0.05234375 0.0375
21 0.80625 0.42890625 0.0328125 0.05625
22 0.346875 0.42109375 0.03515625 0.11796875
22 0.309375 0.88984375 0.0859375 0.040625