0 0.61953125 0.3421875 0.15078125 0.1453125
0 0.4109375 0.33984375 0.12890625 0.17421875
1 0.82109375 0.3953125 0.165625 0.06015625
1 0.0953125 0.66796875 0.15234375 0.15390625
2 0.6421875 0.57578125 0.1421875 0.0671875
2 0.91953125 0.3234375 0.08984375 0.1296875
3 0.4453125 0.6171875 0.12578125 0.0671875
3 0.20859375 0.38125 0.0609375 0.13515625
4 0.25234375 0.70078125 0.134375 0.0625
4 0.52265625 0.60703125 0.05859375 0.12421875
8 0.5328125 0.71015625 0.11484375 0.096875
8 0.4703125 0.36796875 0.103125 0.1171875
9 0.77421875 0.32265625 0.1078125 0.1
9 0.3546875 0.23671875 0.12734375 0.05390625
10 0.3125 0.65 0.08359375 0.09296875
10 0.9484375 0.52890625 0.0671875 0.09140625
11 0.88203125 0.53125 0.0953125 0.078125
11 0.2671875 0.38515625 0.0640625 0.10859375
5 0.59453125 0.75 0.05546875 0.096875
5 0.20546875 0.61875 0.09453125 0.08984375
6 0.6953125 0.7421875 0.0625 0.0984375
6 0.7390625 0.70078125 0.05234375 0.0953125
7 0.390625 0.73203125 0.0734375 0.09453125
7 0.81796875 0.68515625 0.09296875 0.078125
12 0.17265625 0.315625 0.08203125 0.08125
12 0.6640625 0.4046875 0.0640625 0.07265625
13 0.61484375 0.428125 0.05859375 0.07734375
13 0.75859375 0.0765625 0.0609375 0.09296875
14 0.353125 0.384375 0.09453125 0.053125
14 0.80390625 0.57265625 0.08359375 0.05
15 0.27265625 0.509375 0.09453125 0.05390625
15 0.86015625 0.34609375 0.08828125 0.053125
16 0.44921875 0.55703125 0.0703125 0.0671875
16 0.26484375 0.1125 0.0953125 0.0515625
17 0.54765625 0.51171875 0.0703125 0.053125
17 0.35859375 0.5984375 0.06875 0.06171875
18 0.859375 0.4890625 0.065625 0.0453125
18 0.70625 0.45 0.0671875 0.05859375
19 0.178125 0.46171875 0.071875 0.05
19 0.81328125 0.51953125 0.0625 0.0484375
20 0.61875 0.9375 0.065625 0.05703125
20 0.51015625 0.446875 0.04921875 0.04453125
21 0.44296875 0.7921875 0.05234375 0.06171875
21 0.13671875 0.39921875 0.05546875 0.06015625
22 0.7984375 0.44296875 0.1078125 0.0640625
22 0.4625 0.46953125 0.103125 0.0859375