0 0.5984375 0.15703125 0.19609375 0.2640625
0 0.7234375 0.79375 0.22734375 0.11953125
1 0.14765625 0.70078125 0.13515625 0.24140625
1 0.33046875 0.7671875 0.2203125 0.1953125
2 0.38828125 0.37578125 0.1125 0.20546875
2 0.8390625 0.64609375 0.234375 0.09375
3 0.22890625 0.59140625 0.2671875 0.0890625
3 0.5953125 0.25234375 0.20859375 0.103125
4 0.72421875 0.40859375 0.22578125 0.0828125
4 0.2140625 0.3828125 0.1890625 0.15859375
8 0.37578125 0.7796875 0.203125 0.14140625
8 0.45859375 0.6328125 0.19453125 0.11484375
9 0.596875 0.8984375 0.2015625 0.1015625
9 0.78359375 0.29921875 0.08515625 0.196875
10 0.52890625 0.43515625 0.1578125 0.12265625
10 0.2625 0.36171875 0.159375 0.12578125
11 0.49140625 0.85625 0.1875 0.090625
11 0.496875 0.315625 0.1078125 0.109375
5 0.6 0.128125 0.08828125 0.11953125
5 0.278125 0.4796875 0.10390625 0.14765625
6 0.85625 0.55234375 0.153125 0.06171875
6 0.696875 0.26875 0.171875 0.1015625
7 0.83359375 0.18359375 0.13515625 0.15078125
7 0.53046875 0.43125 0.0953125 0.1609375
12 0.6265625 0.5109375 0.06953125 0.1125
12 0.8234375 0.2765625 0.13359375 0.05390625
13 0.87421875 0.43046875 0.1375 0.05078125
13 0.80703125 0.4828125 0.13515625 0.06875
14 0.29609375 0.459375 0.1375 0.0765625
14 0.6578125 0.34140625 0.153125 0.04921875
15 0.43046875 0.39765625 0.06953125 0.1046875
15 0.234375 0.596875 0.0625 0.109375
16 0.7828125 0.815625 0.1109375 0.06015625
16 0.68828125 0.16796875 0.1125 0.0875
17 0.7375 0.1953125 0.0765625 0.0953125
17 0.6671875 0.58984375 0.09921875 0.0703125
18 0.509375 0.17109375 0.08125 0.071875
18 0.4265625 0.4984375 0.0921875 0.04609375
19 0.52109375 0.71953125 0.10078125 0.04296875
19 0.1890625 0.50078125 0.090625 0.06328125
20 0.5 0.76640625 0.0765625 0.06015625
20 0.8875 0.60234375 0.0625 0.06015625
21 0.5953125 0.75390625 0.090625 0.04453125
21 0.8390625 0.58046875 0.07109375 0.0765625
22 0.403125 0.1421875 0.096875 0.15703125
23 0.534375 0.6859375 0.0765625 0.04921875