0 0.43046875 0.86328125 0.171875 0.11953125
0 0.27890625 0.4578125 0.18828125 0.1609375
1 0.25625 0.18359375 0.19921875 0.13671875
1 0.275 0.728125 0.20546875 0.08203125
2 0.5140625 0.9078125 0.09921875 0.13125
2 0.51796875 0.76875 0.07890625 0.13984375
3 0.2265625 0.1140625 0.125 0.14765625
3 0.103125 0.55 0.09609375 0.14296875
4 0.28828125 0.846875 0.1625 0.10546875
4 0.65859375 0.3078125 0.08203125 0.14453125
8 0.75546875 0.9203125 0.1484375 0.08515625
8 0.30078125 0.771875 0.10234375 0.06875
9 0.63359375 0.8703125 0.1359375 0.0953125
9 0.759375 0.70390625 0.15625 0.08515625
10 0.6875 0.75859375 0.1484375 0.04140625
10 0.19765625 0.7109375 0.09140625 0.0953125
11 0.23828125 0.32109375 0.04765625 0.1296875
11 0.9171875 0.55546875 0.06796875 0.11171875
5 0.6921875 0.56484375 0.1390625 0.04453125
5 0.49609375 0.60234375 0.09453125 0.11328125
6 0.33515625 0.53359375 0.1265625 0.071875
6 0.44375 0.3203125 0.07578125 0.0890625
7 0.2765625 0.2484375 0.1296875 0.040625
7 0.12421875 0.3375 0.159375 0.04609375
12 0.640625 0.81328125 0.07421875 0.096875
12 0.1734375 0.659375 0.10390625 0.04296875
13 0.3265625 0.33359375 0.05234375 0.1046875
13 0.72890625 0.86796875 0.109375 0.0578125
14 0.15078125 0.30703125 0.06796875 0.11015625
14 0.27578125 0.565625 0.07421875 0.08203125
15 0.740625 0.509375 0.08203125 0.06875
15 0.39140625 0.11015625 0.08828125 0.06875
16 0.865625 0.534375 0.09453125 0.0671875
16 0.390625 0.7625 0.06796875 0.08515625
17 0.84921875 0.61328125 0.07421875 0.0640625
17 0.84609375 0.6609375 0.05859375 0.07265625
18 0.48359375 0.3625 0.06953125 0.05390625
18 0.6796875 0.67734375 0.07890625 0.05234375
19 0.36640625 0.2640625 0.05078125 0.071875
19 0.1578125 0.459375 0.07265625 0.0625
20 0.22109375 0.1671875 0.06015625 0.05390625
20 0.12734375 0.55625 0.04921875 0.0609375
21 0.6546875 0.6171875 0.04609375 0.0625
21 0.53671875 0.6859375 0.05859375 0.04296875
22 0.79453125 0.6671875 0.08515625 0.1296875
23 0.3328125 0.61796875 0.04609375 0.05546875