0 0.2921875 0.25078125 0.19140625 0.1671875
0 0.1984375 0.69921875 0.18359375 0.1421875
1 0.17890625 0.53203125 0.1015625 0.1671875
1 0.353125 0.1140625 0.1921875 0.19921875
2 0.61328125 0.3484375 0.16015625 0.08203125
2 0.47265625 0.14921875 0.14296875 0.09609375
3 0.3 0.4796875 0.1265625 0.15859375
3 0.25390625 0.6171875 0.05390625 0.2671875
4 0.35703125 0.403125 0.1390625 0.08359375
4 0.61640625 0.41640625 0.14140625 0.078125
8 0.54453125 0.25390625 0.1359375 0.065625
8 0.4234375 0.5109375 0.1109375 0.18515625
9 0.28671875 0.3484375 0.134375 0.103125
9 0.09296875 0.603125 0.134375 0.11015625
10 0.9578125 0.21953125 0.05859375 0.16875
10 0.64765625 0.775 0.09921875 0.140625
11 0.69453125 0.646875 0.1109375 0.11953125
11 0.57109375 0.30078125 0.11796875 0.06796875
5 0.55703125 0.45234375 0.109375 0.1140625
5 0.59453125 0.6609375 0.078125 0.16171875
6 0.50625 0.66796875 0.0859375 0.1515625
6 0.50078125 0.81171875 0.06953125 0.1640625
7 0.18671875 0.81953125 0.109375 0.1015625
7 0.3140625 0.83828125 0.11328125 0.1140625
12 0.571875 0.196875 0.08515625 0.06953125
12 0.4796875 0.07734375 0.0609375 0.13359375
13 0.26328125 0.89375 0.0640625 0.12265625
13 0.36796875 0.66640625 0.08984375 0.0625
14 0.4296875 0.65 0.0484375 0.12265625
14 0.30546875 0.5 0.08984375 0.11015625
15 0.4328125 0.7328125 0.07109375 0.08203125
15 0.3140625 0.7484375 0.08515625 0.07265625
16 0.590625 0.5453125 0.07578125 0.07265625
16 0.4421875 0.853125 0.078125 0.07265625
17 0.40703125 0.36953125 0.07578125 0.05859375
17 0.54453125 0.64296875 0.0390625 0.10859375
18 0.27734375 0.30859375 0.071875 0.0625
18 0.575 0.71875 0.03671875 0.09609375
19 0.66640625 0.5015625 0.0609375 0.075
19 0.39765625 0.9171875 0.06875 0.05546875
20 0.490625 0.57421875 0.0515625 0.06953125
20 0.29375 0.5640625 0.05390625 0.06015625
21 0.384375 0.48828125 0.04453125 0.090625
21 0.309375 0.68515625 0.04375 0.08203125
22 0.709375 0.55546875 0.12109375 0.0890625
22 0.33046875 0.8515625 0.06015625 0.190625