0 0.54609375 0.403125 0.1765625 0.23203125
0 0.5984375 0.62109375 0.178125 0.21640625
1 0.4375 0.29140625 0.1125 0.21796875
1 0.334375 0.171875 0.1703125 0.15
2 0.35546875 0.42734375 0.1703125 0.11328125
2 0.2703125 0.14375 0.09375 0.196875
3 0.4171875 0.77734375 0.16953125 0.07109375
3 0.72578125 0.6421875 0.1734375 0.07109375
4 0.84765625 0.44296875 0.10546875 0.18203125
4 0.21328125 0.5390625 0.128125 0.1484375
8 0.2265625 0.8296875 0.08359375 0.12421875
8 0.196875 0.4515625 0.10390625 0.16796875
9 0.60546875 0.39921875 0.08359375 0.16328125
9 0.31328125 0.43359375 0.07421875 0.1578125
10 0.55546875 0.47734375 0.12109375 0.09375
10 0.1953125 0.45546875 0.08984375 0.0953125
11 0.54609375 0.653125 0.07109375 0.12890625
11 0.525 0.83125 0.096875 0.12421875
5 0.6515625 0.36640625 0.059375 0.1515625
5 0.38046875 0.659375 0.046875 0.1421875
6 0.528125 0.28046875 0.078125 0.1421875
6 0.2421875 0.83125 0.13125 0.07265625
7 0.546875 0.2453125 0.1125 0.11953125
7 0.14375 0.56796875 0.11953125 0.06484375
12 0.425 0.509375 0.08828125 0.090625
12 0.428125 0.7171875 0.09140625 0.1015625
13 0.884375 0.603125 0.0984375 0.08046875
13 0.35 0.80390625 0.065625 0.11484375
14 0.590625 0.7328125 0.1140625 0.04375
14 0.28359375 0.725 0.0921875 0.059375
15 0.08125 0.5 0.08828125 0.06796875
15 0.109375 0.609375 0.09375 0.0546875
16 0.40078125 0.88984375 0.0765625 0.07578125
16 0.2578125 0.54609375 0.08515625 0.06640625
17 0.22265625 0.33828125 0.08125 0.046875
17 0.37109375 0.378125 0.03671875 0.08515625
18 0.50703125 0.71328125 0.0359375 0.08046875
18 0.28203125 0.7109375 0.04375 0.08359375
19 0.34375 0.68046875 0.046875 0.07734375
19 0.45859375 0.84609375 0.05859375 0.05
20 0.19375 0.63125 0.034375 0.06328125
20 0.33046875 0.48984375 0.0609375 0.03671875
21 0.4390625 0.75859375 0.0609375 0.03671875
21 0.4203125 0.81796875 0.04375 0.0578125
22 0.440625 0.94453125 0.13515625 0.07890625
22 0.35859375 0.91953125 0.07109375 0.1