0 0.48203125 0.21640625 0.18671875 0.1359375
0 0.321875 0.27109375 0.18671875 0.0625
1 0.62734375 0.7515625 0.1671875 0.12421875
1 0.72734375 0.4375 0.140625 0.17578125
2 0.30625 0.70703125 0.12890625 0.134375
2 0.896875 0.14375 0.11171875 0.16015625
3 0.66171875 0.84921875 0.159375 0.0875
3 0.48046875 0.8765625 0.0828125 0.15546875
4 0.453125 0.38046875 0.1625 0.07578125
4 0.88125 0.4640625 0.08125 0.1671875
8 0.9046875 0.47890625 0.165625 0.08984375
8 0.653125 0.9390625 0.19140625 0.05625
9 0.51875 0.6265625 0.13046875 0.103125
9 0.33671875 0.36796875 0.0859375 0.125
10 0.65078125 0.27734375 0.15 0.05703125
10 0.94375 0.3828125 0.084375 0.0953125
11 0.775 0.50625 0.0734375 0.10859375
11 0.47734375 0.46484375 0.11171875 0.07421875
5 0.50234375 0.86328125 0.12578125 0.07578125
5 0.66171875 0.08984375 0.0796875 0.0859375
6 0.571875 0.3890625 0.13046875 0.0609375
6 0.3125 0.34296875 0.11640625 0.07265625
7 0.46015625 0.5453125 0.13046875 0.071875
7 0.5421875 0.05703125 0.1375 0.08046875
12 0.5109375 0.31953125 0.0875 0.0859375
12 0.665625 0.7359375 0.09921875 0.0875
13 0.7796875 0.6921875 0.0578125 0.09375
13 0.62109375 0.19296875 0.12109375 0.0390625
14 0.7140625 0.7171875 0.10234375 0.04921875
14 0.72421875 0.45390625 0.0921875 0.08046875
15 0.22890625 0.23828125 0.078125 0.078125
15 0.3828125 0.475 0.09765625 0.05078125
16 0.53046875 0.64765625 0.084375 0.071875
16 0.78046875 0.61953125 0.08125 0.08359375
17 0.7125 0.621875 0.05390625 0.07578125
17 0.86875 0.7 0.075 0.06796875
18 0.54375 0.2234375 0.0578125 0.071875
18 0.36953125 0.73046875 0.0625 0.0640625
19 0.653125 0.8796875 0.0625 0.06484375
19 0.09375 0.0515625 0.0859375 0.0484375
20 0.43671875 0.28984375 0.0578125 0.0453125
20 0.6640625 0.80703125 0.0625 0.046875
21 0.58359375 0.2234375 0.0734375 0.0484375
21 0.6203125 0.140625 0.0796875 0.04453125
22 0.10859375 0.3 0.140625 0.078125
22 0.47421875 0.58515625 0.071875 0.109375