0 0.6203125 0.31015625 0.04921875 0.29921875
0 0.42265625 0.43125 0.08984375 0.26796875
1 0.79453125 0.22578125 0.1359375 0.23984375
1 0.3671875 0.8265625 0.15546875 0.20390625
2 0.7703125 0.321875 0.128125 0.21328125
2 0.30078125 0.309375 0.2375 0.0921875
3 0.36171875 0.06171875 0.1953125 0.0953125
3 0.2875 0.1796875 0.175 0.13515625
4 0.6203125 0.8671875 0.1984375 0.0546875
4 0.3734375 0.18125 0.125 0.0703125
8 0.89609375 0.64921875 0.12109375 0.18359375
8 0.8609375 0.4421875 0.0953125 0.18046875
9 0.48203125 0.32578125 0.17890625 0.05625
9 0.84296875 0.46875 0.0984375 0.17109375
10 0.1296875 0.5984375 0.128125 0.096875
10 0.14140625 0.75 0.065625 0.15703125
11 0.46640625 0.89453125 0.10625 0.13203125
11 0.14140625 0.4453125 0.05078125 0.125
5 0.353125 0.6359375 0.12421875 0.1046875
5 0.52734375 0.29296875 0.05859375 0.13671875
6 0.61484375 0.79765625 0.12265625 0.115625
6 0.2296875 0.64765625 0.071875 0.14609375
7 0.725 0.6453125 0.05390625 0.15078125
7 0.48125 0.4265625 0.12109375 0.065625
12 0.24921875 0.390625 0.05703125 0.11875
12 0.67890625 0.60390625 0.05078125 0.1046875
13 0.75234375 0.48828125 0.11015625 0.0609375
13 0.65703125 0.6765625 0.065625 0.1203125
14 0.3109375 0.64140625 0.103125 0.0875
14 0.85 0.5828125 0.05859375 0.10625
15 0.5953125 0.60390625 0.0953125 0.0609375
15 0.2953125 0.36484375 0.0921875 0.059375
16 0.8671875 0.21328125 0.071875 0.1125
16 0.58046875 0.546875 0.0625 0.078125
17 0.35 0.321875 0.0609375 0.0640625
17 0.08359375 0.384375 0.05078125 0.090625
18 0.28671875 0.22265625 0.08984375 0.04375
18 0.50859375 0.5359375 0.05390625 0.075
19 0.41640625 0.2296875 0.071875 0.0671875
19 0.3125 0.6890625 0.0640625 0.0703125
20 0.90703125 0.7078125 0.0703125 0.0609375
20 0.334375 0.5796875 0.04765625 0.05625
21 0.790625 0.71171875 0.0703125 0.075
21 0.69140625 0.50703125 0.04609375 0.0671875
22 0.6625 0.159375 0.05078125 0.16953125
23 0.55234375 0.6625 0.05390625 0.0765625