0 0.40703125 0.64375 0.16328125 0.14765625
0 0.565625 0.671875 0.16796875 0.128125
1 0.34140625 0.80546875 0.06875 0.1109375
1 0.38984375 0.7390625 0.171875 0.10546875
2 0.60859375 0.25390625 0.16875 0.12265625
2 0.54296875 0.7359375 0.0859375 0.11796875
3 0.34453125 0.1875 0.15390625 0.09453125
3 0.11796875 0.734375 0.07890625 0.1546875
4 0.28984375 0.50546875 0.09609375 0.13359375
4 0.56953125 0.3984375 0.075 0.14453125
8 0.09375 0.8625 0.1109375 0.1390625
8 0.265625 0.66796875 0.15390625 0.059375
9 0.46015625 0.0765625 0.1421875 0.1
9 0.23671875 0.28515625 0.13203125 0.1140625
10 0.19765625 0.840625 0.09453125 0.09453125
10 0.25859375 0.6609375 0.09140625 0.11796875
11 0.4078125 0.65859375 0.1140625 0.05078125
11 0.5125 0.6296875 0.12109375 0.06015625
5 0.446875 0.42265625 0.1109375 0.07421875
5 0.2515625 0.80625 0.04609375 0.10859375
6 0.17265625 0.4015625 0.10859375 0.1109375
6 0.440625 0.35703125 0.09296875 0.08984375
7 0.23515625 0.58828125 0.12421875 0.0453125
7 0.44140625 0.8328125 0.05234375 0.1015625
12 0.14609375 0.484375 0.08046875 0.096875
12 0.40078125 0.803125 0.06328125 0.07890625
13 0.46640625 0.26171875 0.059375 0.084375
13 0.29375 0.41640625 0.1 0.059375
14 0.61796875 0.3421875 0.1 0.0578125
14 0.3890625 0.27109375 0.0875 0.059375
15 0.53359375 0.25390625 0.09296875 0.06640625
15 0.92578125 0.20625 0.0859375 0.06328125
16 0.48203125 0.32890625 0.07890625 0.0703125
16 0.940625 0.2359375 0.07578125 0.06015625
17 0.28984375 0.8140625 0.0453125 0.0671875
17 0.1640625 0.86484375 0.06875 0.059375
18 0.1890625 0.634375 0.06484375 0.05625
18 0.2609375 0.346875 0.0578125 0.071875
19 0.1140625 0.609375 0.0734375 0.06328125
19 0.36796875 0.73125 0.0703125 0.03359375
20 0.390625 0.3796875 0.0546875 0.0453125
20 0.2640625 0.56015625 0.0578125 0.0421875
21 0.20546875 0.515625 0.05078125 0.0578125
21 0.35234375 0.31328125 0.0453125 0.06328125
22 0.22734375 0.7640625 0.06640625 0.1140625
22 0.359375 0.871875 0.1265625 0.0703125