0 0.703125 0.71640625 0.1359375 0.175
0 0.475 0.7296875 0.13046875 0.1328125
1 0.76171875 0.5234375 0.16484375 0.1140625
1 0.82109375 0.80625 0.20234375 0.0625
2 0.2640625 0.73359375 0.17734375 0.12578125
2 0.63828125 0.6046875 0.17890625 0.0515625
3 0.2484375 0.47890625 0.12734375 0.11328125
3 0.61640625 0.55625 0.140625 0.05625
4 0.5234375 0.49296875 0.1359375 0.1015625
4 0.5953125 0.89453125 0.11640625 0.1359375
8 0.23046875 0.27109375 0.0953125 0.11328125
8 0.8171875 0.71796875 0.1453125 0.07421875
9 0.40234375 0.35078125 0.0875 0.078125
9 0.7234375 0.8953125 0.15703125 0.06171875
10 0.36640625 0.47421875 0.13046875 0.06640625
10 0.13515625 0.4390625 0.12890625 0.06640625
11 0.56328125 0.69765625 0.10703125 0.0890625
11 0.1875 0.7125 0.11171875 0.08828125
5 0.57109375 0.46015625 0.0890625 0.09296875
5 0.70859375 0.7546875 0.07421875 0.1015625
6 0.23671875 0.659375 0.1046875 0.09296875
6 0.73359375 0.53359375 0.090625 0.08671875
7 0.15390625 0.36328125 0.12578125 0.075
7 0.9109375 0.71171875 0.11796875 0.0515625
12 0.14609375 0.4953125 0.0984375 0.0578125
12 0.44609375 0.85390625 0.090625 0.075
13 0.78515625 0.603125 0.1 0.0453125
13 0.2546875 0.571875 0.0890625 0.06875
14 0.31875 0.39140625 0.11328125 0.04609375
14 0.46875 0.68359375 0.07265625 0.08828125
15 0.81015625 0.43359375 0.0984375 0.0453125
15 0.50859375 0.390625 0.0484375 0.075
16 0.2390625 0.54921875 0.07265625 0.078125
16 0.20703125 0.090625 0.0546875 0.0828125
17 0.909375 0.64140625 0.0484375 0.06640625
17 0.35859375 0.70859375 0.06328125 0.0703125
18 0.79375 0.6390625 0.07109375 0.05625
18 0.29375 0.2046875 0.0578125 0.06015625
19 0.85234375 0.75 0.06171875 0.053125
19 0.1578125 0.1671875 0.08046875 0.04765625
20 0.775 0.76796875 0.059375 0.0375
20 0.6078125 0.3734375 0.06015625 0.0390625
21 0.46484375 0.28125 0.06796875 0.05
21 0.3609375 0.521875 0.06171875 0.0515625
22 0.6703125 0.23203125 0.1484375 0.0515625
22 0.3 0.27578125 0.1375 0.08203125