0 0.58359375 0.7359375 0.1171875 0.12109375
0 0.41875 0.29609375 0.09453125 0.1890625
1 0.1171875 0.525 0.0921875 0.0890625
1 0.81640625 0.665625 0.12890625 0.16796875
2 0.4828125 0.7921875 0.0765625 0.0828125
2 0.6796875 0.40703125 0.134375 0.1359375
3 0.7046875 0.39921875 0.0765625 0.1328125
3 0.190625 0.65703125 0.06640625 0.1234375
4 0.14296875 0.9328125 0.125 0.109375
4 0.91796875 0.6203125 0.1265625 0.1109375
8 0.1328125 0.40546875 0.0484375 0.128125
8 0.31640625 0.4390625 0.08671875 0.103125
9 0.553125 0.81015625 0.08203125 0.0921875
9 0.23203125 0.58671875 0.0859375 0.0953125
10 0.2296875 0.80546875 0.09453125 0.05703125
10 0.878125 0.796875 0.11875 0.07578125
11 0.5140625 0.89765625 0.0984375 0.08671875
11 0.16796875 0.65625 0.1265625 0.059375
5 0.59375 0.546875 0.12265625 0.071875
5 0.22109375 0.58125 0.12265625 0.0296875
6 0.56328125 0.06796875 0.07890625 0.0859375
6 0.15625 0.55625 0.103125 0.07734375
7 0.5796875 0.6078125 0.0609375 0.09921875
7 0.38984375 0.890625 0.0625 0.09375
12 0.1828125 0.36953125 0.0765625 0.07578125
12 0.31171875 0.36875 0.096875 0.05078125
13 0.0875 0.428125 0.0546875 0.078125
13 0.15 0.63125 0.0703125 0.03984375
14 0.28984375 0.27734375 0.06875 0.078125
14 0.38515625 0.28984375 0.0546875 0.07734375
15 0.096875 0.6234375 0.0640625 0.0671875
15 0.484375 0.84921875 0.0765625 0.0421875
16 0.24453125 0.284375 0.046875 0.071875
16 0.18046875 0.9546875 0.0859375 0.0484375
17 0.28203125 0.4296875 0.07890625 0.0296875
17 0.44375 0.93046875 0.0625 0.0609375
18 0.22109375 0.2609375 0.04609375 0.06015625
18 0.82265625 0.721875 0.0609375 0.05625
19 0.6578125 0.49765625 0.05390625 0.0578125
19 0.3609375 0.46171875 0.05 0.05078125
20 0.2546875 0.45546875 0.0625 0.03203125
20 0.3859375 0.8125 0.04375 0.05
21 0.403125 0.31796875 0.0421875 0.04921875
21 0.30859375 0.50625 0.0703125 0.03125
22 0.4140625 0.40390625 0.09609375 0.0609375
22 0.9140625 0.578125 0.05859375 0.11875