0 0.48203125 0.3140625 0.059375 0.14140625
0 0.803125 0.78515625 0.128125 0.09765625
1 0.71640625 0.80234375 0.14921875 0.12578125
1 0.2296875 0.8625 0.1171875 0.11796875
2 0.53046875 0.69140625 0.14453125 0.10703125
2 0.4421875 0.88671875 0.096875 0.13828125
3 0.51171875 0.45234375 0.0578125 0.1484375
3 0.78984375 0.059375 0.13046875 0.08671875
4 0.6421875 0.89375 0.07890625 0.14375
4 0.60859375 0.778125 0.084375 0.11328125
8 0.503125 0.5546875 0.06015625 0.11875
8 0.5078125 0.78515625 0.15546875 0.03984375
9 0.59375 0.81875 0.04296875 0.14921875
9 0.44609375 0.53515625 0.05 0.140625
10 0.7046875 0.91484375 0.11640625 0.06796875
10 0.75390625 0.18671875 0.06171875 0.11640625
11 0.615625 0.6625 0.0703125 0.09765625
11 0.23671875 0.90078125 0.07890625 0.09609375
5 0.9171875 0.95546875 0.11015625 0.053125
5 0.73046875 0.30859375 0.09609375 0.08125
6 0.928125 0.765625 0.10625 0.10234375
6 0.53203125 0.8984375 0.05078125 0.12109375
7 0.7875 0.721875 0.1171875 0.046875
7 0.55078125 0.796875 0.03203125 0.1234375
12 0.73515625 0.38125 0.08671875 0.07109375
12 0.759375 0.09921875 0.04921875 0.0984375
13 0.43671875 0.5734375 0.0453125 0.09375
13 0.51015625 0.73046875 0.07734375 0.0703125
14 0.4015625 0.2140625 0.0890625 0.05859375
14 0.70703125 0.15859375 0.071875 0.08125
15 0.78828125 0.2328125 0.046875 0.07421875
15 0.5484375 0.6765625 0.0359375 0.08671875
16 0.5796875 0.621875 0.08046875 0.0390625
16 0.46171875 0.53203125 0.03671875 0.07578125
17 0.7796875 0.26484375 0.06015625 0.05625
17 0.034375 0.77109375 0.03828125 0.08828125
18 0.4703125 0.49765625 0.03203125 0.06484375
18 0.4515625 0.2484375 0.0359375 0.0671875
19 0.67421875 0.7421875 0.059375 0.053125
19 0.75 0.86875 0.06875 0.03359375
20 0.546875 0.5640625 0.0359375 0.059375
20 0.48671875 0.5625 0.03125 0.053125
21 0.7328125 0.17109375 0.034375 0.05625
21 0.496875 0.478125 0.0421875 0.0640625
22 0.528125 0.97578125 0.12734375 0.046875
23 0.97421875 0.684375 0.03203125 0.05390625