0 0.7703125 0.703125 0.215625 0.165625
0 0.584375 0.67734375 0.275 0.084375
1 0.73515625 0.5578125 0.1140625 0.1234375
1 0.5953125 0.8703125 0.25234375 0.07421875
2 0.28828125 0.3734375 0.13984375 0.1703125
2 0.7890625 0.4171875 0.13203125 0.134375
3 0.22265625 0.61640625 0.19765625 0.06640625
3 0.1171875 0.66796875 0.11875 0.18828125
4 0.53203125 0.56796875 0.1703125 0.06640625
4 0.571875 0.415625 0.18828125 0.05703125
8 0.8578125 0.54375 0.175 0.06328125
8 0.37578125 0.90546875 0.19140625 0.0890625
9 0.24375 0.79609375 0.15234375 0.0875
9 0.83203125 0.146875 0.15234375 0.11796875
10 0.55625 0.27109375 0.13203125 0.10234375
10 0.46015625 0.51328125 0.13828125 0.05703125
11 0.565625 0.4078125 0.10625 0.11171875
11 0.91875 0.41171875 0.1078125 0.10078125
5 0.65546875 0.53515625 0.053125 0.14921875
5 0.8421875 0.159375 0.08046875 0.14453125
6 0.32265625 0.83046875 0.14296875 0.0765625
6 0.57734375 0.65390625 0.08359375 0.140625
7 0.29765625 0.709375 0.13203125 0.0953125
7 0.38984375 0.2921875 0.065625 0.140625
12 0.3265625 0.56875 0.11875 0.07421875
12 0.5265625 0.72734375 0.1140625 0.0453125
13 0.6765625 0.140625 0.109375 0.10078125
13 0.3203125 0.41484375 0.103125 0.0875
14 0.63515625 0.2125 0.103125 0.07109375
14 0.4953125 0.62734375 0.09609375 0.0484375
15 0.4296875 0.6734375 0.08203125 0.0828125
15 0.50703125 0.35 0.07890625 0.0875
16 0.18984375 0.41953125 0.0609375 0.11015625
16 0.53046875 0.6703125 0.0515625 0.10859375
17 0.62734375 0.7984375 0.0671875 0.0859375
17 0.8625 0.33515625 0.065625 0.084375
18 0.46796875 0.44296875 0.0609375 0.0765625
18 0.3671875 0.55 0.05 0.0796875
19 0.92578125 0.6 0.07734375 0.06171875
19 0.309375 0.246875 0.08515625 0.06953125
20 0.6296875 0.090625 0.06875 0.05859375
20 0.30390625 0.49375 0.0671875 0.06015625
21 0.59765625 0.3546875 0.065625 0.06796875
21 0.69140625 0.27109375 0.07109375 0.0828125
22 0.5046875 0.13125 0.10625 0.11015625
22 0.8640625 0.51796875 0.1109375 0.128125