0 0.4234375 0.728125 0.27109375 0.1015625
0 0.37109375 0.70625 0.08203125 0.26875
1 0.65859375 0.784375 0.1609375 0.178125
1 0.48828125 0.2015625 0.1375 0.1265625
2 0.31640625 0.5921875 0.1109375 0.1328125
2 0.64296875 0.440625 0.18203125 0.0828125
3 0.36640625 0.42421875 0.1890625 0.08046875
3 0.71484375 0.25234375 0.13046875 0.178125
4 0.175 0.678125 0.1640625 0.08671875
4 0.59375 0.5578125 0.14453125 0.13984375
8 0.85234375 0.48671875 0.18046875 0.08984375
8 0.8859375 0.43359375 0.1140625 0.16875
9 0.74609375 0.54609375 0.1109375 0.14375
9 0.2609375 0.3375 0.10390625 0.1609375
10 0.72890625 0.80703125 0.14609375 0.09765625
10 0.85234375 0.62265625 0.13359375 0.08671875
11 0.35703125 0.2984375 0.05703125 0.16328125
11 0.58671875 0.1109375 0.09140625 0.1421875
5 0.9125 0.6671875 0.11796875 0.12109375
5 0.2859375 0.16015625 0.15390625 0.06328125
6 0.20703125 0.59609375 0.1390625 0.1015625
6 0.4125 0.5921875 0.05390625 0.1515625
7 0.58984375 0.78984375 0.11953125 0.12109375
7 0.48046875 0.6 0.0609375 0.1515625
12 0.68984375 0.6296875 0.0984375 0.08828125
12 0.7046875 0.23515625 0.0984375 0.12109375
13 0.45390625 0.3484375 0.1140625 0.07109375
13 0.81953125 0.3609375 0.09609375 0.0578125
14 0.50625 0.43203125 0.0734375 0.11484375
14 0.8609375 0.559375 0.09609375 0.075
15 0.75703125 0.434375 0.09609375 0.06328125
15 0.5578125 0.3734375 0.0984375 0.075
16 0.79921875 0.72578125 0.09453125 0.06875
16 0.82734375 0.784375 0.10546875 0.0515625
17 0.12890625 0.34296875 0.1 0.075
17 0.6296875 0.22734375 0.08359375 0.07890625
18 0.53984375 0.2984375 0.0734375 0.0671875
18 0.84765625 0.671875 0.0734375 0.0765625
19 0.73359375 0.38203125 0.075 0.05
19 0.6421875 0.90234375 0.0875 0.0578125
20 0.80234375 0.22734375 0.06953125 0.06328125
20 0.31015625 0.4890625 0.0625 0.0578125
20 0.4078125 0.20078125 0.05859375 0.07109375
21 0.71796875 0.32421875 0.04609375 0.065625
21 0.575 0.5 0.05703125 0.06328125
22 0.7875 0.3078125 0.1140625 0.11328125
22 0.35 0.27578125 0.1640625 0.0671875