0 0.50859375 0.89765625 0.2125 0.1078125
0 0.609375 0.265625 0.08203125 0.271875
1 0.5828125 0.340625 0.22109375 0.078125
1 0.76953125 0.33671875 0.22109375 0.05625
2 0.303125 0.134375 0.11953125 0.11640625
2 0.284375 0.76875 0.2046875 0.06484375
3 0.20390625 0.5546875 0.1359375 0.134375
3 0.7109375 0.6546875 0.12734375 0.14296875
4 0.44296875 0.11171875 0.0640625 0.17734375
4 0.76484375 0.6453125 0.1328125 0.1390625
8 0.55859375 0.540625 0.0609375 0.16953125
8 0.7296875 0.640625 0.1109375 0.1640625
9 0.63046875 0.43984375 0.12265625 0.109375
9 0.90859375 0.571875 0.08671875 0.1625
10 0.83125 0.44453125 0.12265625 0.0765625
10 0.08125 0.39453125 0.0640625 0.15234375
11 0.37421875 0.79453125 0.1359375 0.06328125
11 0.65625 0.69140625 0.1109375 0.09296875
5 0.34375 0.9078125 0.11953125 0.12734375
5 0.7453125 0.12734375 0.09453125 0.12578125
6 0.1578125 0.34140625 0.0703125 0.1359375
6 0.81640625 0.2375 0.11640625 0.06953125
7 0.23125 0.659375 0.08515625 0.13125
7 0.43125 0.77265625 0.08515625 0.1328125
12 0.221875 0.4625 0.09140625 0.06640625
12 0.659375 0.29765625 0.1015625 0.0484375
13 0.36640625 0.61015625 0.1015625 0.053125
13 0.2109375 0.3375 0.0390625 0.1078125
14 0.50859375 0.60546875 0.04453125 0.09921875
14 0.46171875 0.615625 0.0421875 0.109375
15 0.75078125 0.4859375 0.07890625 0.06953125
15 0.46640625 0.6875 0.08359375 0.06171875
16 0.3125 0.3421875 0.0421875 0.09765625
16 0.36015625 0.37421875 0.08046875 0.07109375
17 0.33359375 0.24453125 0.08046875 0.06171875
17 0.396875 0.3609375 0.04609375 0.07109375
18 0.2375 0.4265625 0.071875 0.04296875
18 0.64609375 0.2265625 0.0421875 0.078125
19 0.63671875 0.55859375 0.065625 0.03984375
19 0.51171875 0.15234375 0.04296875 0.0828125
20 0.6171875 0.52109375 0.04765625 0.05
20 0.45703125 0.41171875 0.05859375 0.04140625
21 0.57734375 0.446875 0.05703125 0.04140625
21 0.359375 0.6640625 0.04609375 0.06484375
22 0.41640625 0.2265625 0.08828125 0.12421875
22 0.14765625 0.59375 0.13125 0.0796875