0 0.415625 0.80703125 0.178125 0.16640625
0 0.43671875 0.88203125 0.1578125 0.171875
1 0.5390625 0.66015625 0.253125 0.10703125
1 0.37421875 0.425 0.0953125 0.209375
2 0.69140625 0.73984375 0.09140625 0.159375
2 0.91796875 0.67890625 0.1484375 0.13046875
3 0.453125 0.34296875 0.0953125 0.1140625
3 0.79375 0.72109375 0.0640625 0.1640625
4 0.3484375 0.40078125 0.2203125 0.06171875
4 0.821875 0.59921875 0.06953125 0.1640625
8 0.78515625 0.8359375 0.19453125 0.11796875
8 0.590625 0.5203125 0.06640625 0.14453125
9 0.49609375 0.740625 0.12265625 0.13046875
9 0.57265625 0.74765625 0.1140625 0.14140625
10 0.74609375 0.65859375 0.05703125 0.1296875
10 0.1671875 0.7015625 0.128125 0.1375
11 0.353125 0.571875 0.11171875 0.11015625
11 0.7 0.06640625 0.12265625 0.08828125
5 0.66171875 0.59375 0.13046875 0.09453125
5 0.8421875 0.70390625 0.17265625 0.06015625
6 0.340625 0.3328125 0.13359375 0.1015625
6 0.7375 0.46875 0.09921875 0.1171875
7 0.28515625 0.6578125 0.1265625 0.115625
7 0.209375 0.83515625 0.0734375 0.1375
12 0.29296875 0.90859375 0.10859375 0.10078125
12 0.5671875 0.378125 0.0546875 0.1015625
13 0.315625 0.33984375 0.09921875 0.08828125
13 0.5296875 0.46328125 0.1265625 0.04921875
14 0.2828125 0.7578125 0.125 0.06875
14 0.2703125 0.58125 0.08984375 0.09453125
15 0.66171875 0.49296875 0.096875 0.0703125
15 0.8171875 0.43515625 0.096875 0.078125
16 0.28515625 0.81484375 0.09375 0.08125
16 0.87421875 0.57265625 0.1046875 0.04296875
17 0.390625 0.7984375 0.0625 0.0703125
17 0.2984375 0.471875 0.1046875 0.046875
18 0.553125 0.5265625 0.0828125 0.06640625
18 0.56484375 0.6109375 0.0734375 0.06015625
19 0.5296875 0.9078125 0.1046875 0.04921875
19 0.18046875 0.6765625 0.096875 0.06328125
20 0.6640625 0.55 0.06953125 0.04921875
20 0.90390625 0.78515625 0.0640625 0.06640625
21 0.31953125 0.70859375 0.06640625 0.06015625
21 0.4984375 0.6578125 0.0828125 0.04375
22 0.16640625 0.84453125 0.09375 0.1375
23 0.4203125 0.73828125 0.0734375 0.06171875