0 0.38671875 0.68828125 0.17578125 0.11640625
0 0.36171875 0.60234375 0.05625 0.2234375
1 0.50546875 0.7546875 0.19765625 0.0890625
1 0.77734375 0.4140625 0.17734375 0.1078125
2 0.09375 0.6484375 0.084375 0.11328125
2 0.2578125 0.6375 0.0859375 0.16796875
3 0.046875 0.65078125 0.09375 0.1546875
3 0.203125 0.46328125 0.17890625 0.08125
4 0.7484375 0.6046875 0.1078125 0.13828125
4 0.75546875 0.04765625 0.20546875 0.075
8 0.25078125 0.5265625 0.17109375 0.0515625
8 0.1484375 0.659375 0.0703125 0.134375
9 0.2078125 0.8 0.12890625 0.12890625
9 0.7109375 0.765625 0.16640625 0.07890625
10 0.75078125 0.35625 0.13359375 0.0875
10 0.1171875 0.428125 0.1125 0.115625
11 0.75 0.471875 0.0890625 0.08515625
11 0.53984375 0.63203125 0.0828125 0.04921875
5 0.79453125 0.1140625 0.15546875 0.06796875
5 0.34140625 0.91640625 0.16484375 0.0390625
6 0.8640625 0.60859375 0.1078125 0.0875
6 0.83125 0.5125 0.0578125 0.1265625
7 0.378125 0.91328125 0.05625 0.12265625
7 0.33671875 0.50625 0.13046875 0.09140625
12 0.2828125 0.9046875 0.0734375 0.0828125
12 0.3078125 0.57578125 0.1015625 0.05
13 0.29140625 0.76640625 0.096875 0.06796875
13 0.496875 0.72109375 0.1125 0.05546875
14 0.46875 0.9 0.059375 0.103125
14 0.4984375 0.64140625 0.090625 0.06171875
15 0.603125 0.72109375 0.096875 0.05546875
15 0.215625 0.40625 0.0515625 0.0828125
16 0.2453125 0.70859375 0.0734375 0.0828125
16 0.51796875 0.7390625 0.0546875 0.075
17 0.62421875 0.8234375 0.0609375 0.06796875
17 0.5640625 0.8203125 0.071875 0.0578125
18 0.45 0.8171875 0.046875 0.06640625
18 0.303125 0.8265625 0.0765625 0.04921875
19 0.9421875 0.609375 0.0625 0.07421875
19 0.5875 0.896875 0.096875 0.03984375
20 0.503125 0.68359375 0.08125 0.04296875
20 0.528125 0.87578125 0.05625 0.05546875
21 0.29609375 0.6203125 0.065625 0.04375
21 0.35625 0.75546875 0.0734375 0.0328125
22 0.36171875 0.81015625 0.15546875 0.071875
23 0.18828125 0.59609375 0.05 0.0625