0 0.8875 0.5875 0.07890625 0.2296875
0 0.53671875 0.7515625 0.1125 0.25234375
1 0.771875 0.76796875 0.09296875 0.2296875
1 0.76328125 0.59296875 0.1875 0.128125
2 0.7359375 0.103125 0.1640625 0.13828125
2 0.93359375 0.41328125 0.08984375 0.1921875
3 0.2015625 0.596875 0.15 0.09921875
3 0.63125 0.52890625 0.1203125 0.1984375
4 0.2984375 0.69921875 0.08828125 0.17109375
4 0.1453125 0.49453125 0.090625 0.08359375
8 0.7296875 0.68515625 0.146875 0.13046875
8 0.6125 0.109375 0.1375 0.05859375
9 0.70390625 0.92734375 0.10859375 0.13984375
9 0.68828125 0.7234375 0.08125 0.16953125
10 0.7375 0.2171875 0.0859375 0.103125
10 0.21328125 0.6171875 0.04296875 0.14453125
11 0.415625 0.540625 0.06953125 0.12265625
11 0.66015625 0.29296875 0.128125 0.05625
5 0.46953125 0.30546875 0.0828125 0.1171875
5 0.21484375 0.6765625 0.08125 0.0859375
6 0.70625 0.21484375 0.06796875 0.11640625
6 0.54453125 0.15 0.09453125 0.06015625
7 0.0625 0.56484375 0.07265625 0.10859375
7 0.5015625 0.18828125 0.1125 0.0890625
12 0.7328125 0.86484375 0.06171875 0.1421875
12 0.40546875 0.7125 0.040625 0.140625
13 0.271875 0.52578125 0.06953125 0.0859375
13 0.434375 0.44609375 0.09765625 0.05859375
14 0.4734375 0.678125 0.05625 0.15
14 0.36484375 0.6171875 0.04609375 0.13046875
15 0.7953125 0.284375 0.04921875 0.1046875
15 0.0484375 0.6578125 0.04375 0.09921875
16 0.50546875 0.521875 0.08984375 0.06171875
16 0.1203125 0.56953125 0.06171875 0.078125
17 0.278125 0.70390625 0.04765625 0.096875
17 0.41875 0.63984375 0.0546875 0.08359375
18 0.21171875 0.503125 0.06171875 0.0453125
18 0.5609375 0.2359375 0.07421875 0.06015625
19 0.47265625 0.18046875 0.06171875 0.0546875
19 0.309375 0.53671875 0.05625 0.06796875
20 0.51484375 0.28984375 0.05 0.05234375
20 0.796875 0.5734375 0.04453125 0.065625
21 0.4796875 0.2859375 0.04140625 0.06796875
21 0.41171875 0.35703125 0.03515625 0.08515625
22 0.91171875 0.31328125 0.0875 0.10703125
22 0.64375 0.67109375 0.0625 0.1203125