0 0.603125 0.175 0.1578125 0.0890625
0 0.17890625 0.49375 0.2265625 0.08984375
1 0.82265625 0.69453125 0.0921875 0.19296875
1 0.509375 0.27578125 0.29453125 0.07265625
2 0.3234375 0.32734375 0.09921875 0.0734375
2 0.5859375 0.40546875 0.1765625 0.08359375
3 0.53046875 0.6015625 0.1109375 0.12109375
3 0.30703125 0.5640625 0.16875 0.1109375
4 0.68671875 0.73125 0.1328125 0.12421875
4 0.51796875 0.915625 0.21328125 0.0625
8 0.28046875 0.434375 0.13515625 0.0671875
8 0.69140625 0.5109375 0.21015625 0.07421875
9 0.41171875 0.315625 0.096875 0.11328125
9 0.4265625 0.16875 0.103125 0.10234375
10 0.54609375 0.0671875 0.1859375 0.07890625
10 0.67890625 0.5171875 0.07109375 0.10546875
11 0.53046875 0.440625 0.1390625 0.06015625
11 0.3359375 0.58828125 0.13828125 0.05390625
5 0.29609375 0.68515625 0.11015625 0.103125
5 0.2953125 0.52890625 0.13828125 0.084375
6 0.3515625 0.7015625 0.08984375 0.103125
6 0.2875 0.82421875 0.1140625 0.0796875
7 0.40078125 0.64609375 0.153125 0.07109375
7 0.3578125 0.2375 0.1390625 0.04375
12 0.52578125 0.7484375 0.0640625 0.090625
12 0.6296875 0.496875 0.046875 0.0875
13 0.33046875 0.55625 0.0875 0.07578125
13 0.76015625 0.40546875 0.12578125 0.065625
14 0.3046875 0.9078125 0.046875 0.109375
14 0.11796875 0.42578125 0.11796875 0.05703125
15 0.1875 0.7625 0.1015625 0.04765625
15 0.4984375 0.58046875 0.1015625 0.04296875
16 0.4453125 0.7265625 0.1015625 0.05078125
16 0.496875 0.79921875 0.0953125 0.040625
17 0.2875 0.40390625 0.0578125 0.07109375
17 0.68984375 0.76484375 0.07109375 0.06875
18 0.72421875 0.54609375 0.08046875 0.0390625
18 0.69296875 0.59609375 0.05078125 0.0671875
19 0.5640625 0.87578125 0.0859375 0.05078125
19 0.3515625 0.78671875 0.05390625 0.06328125
20 0.4828125 0.353125 0.0640625 0.03046875
20 0.625 0.22890625 0.05625 0.05078125
21 0.94296875 0.36875 0.07890625 0.03125
21 0.7625 0.57265625 0.06953125 0.02890625
22 0.2484375 0.73828125 0.13828125 0.0828125
23 0.8578125 0.6421875 0.04296875 0.053125