0 0.24375 0.14453125 0.1234375 0.2234375
0 0.471875 0.328125 0.05703125 0.2703125
1 0.35 0.56796875 0.10078125 0.23203125
1 0.059375 0.26640625 0.0796875 0.24140625
2 0.34609375 0.28828125 0.1515625 0.14921875
2 0.1671875 0.334375 0.08203125 0.20546875
3 0.23671875 0.7359375 0.04375 0.19140625
3 0.546875 0.45859375 0.09921875 0.175
4 0.59609375 0.34296875 0.1125 0.15078125
4 0.2953125 0.18671875 0.10234375 0.165625
8 0.6890625 0.340625 0.1390625 0.090625
8 0.09296875 0.29296875 0.04765625 0.184375
9 0.4515625 0.35703125 0.13125 0.06953125
9 0.21015625 0.5671875 0.05703125 0.15546875
10 0.33984375 0.63828125 0.08203125 0.1390625
10 0.18984375 0.3 0.11171875 0.1203125
11 0.62265625 0.4515625 0.1078125 0.10234375
11 0.36640625 0.3609375 0.05859375 0.1375
5 0.13125 0.125 0.12734375 0.0515625
5 0.32890625 0.703125 0.0875 0.11640625
6 0.40859375 0.49140625 0.071875 0.1265625
6 0.3609375 0.1265625 0.0375 0.15859375
7 0.55625 0.20078125 0.06484375 0.14296875
7 0.15078125 0.5421875 0.04140625 0.14453125
12 0.29765625 0.38828125 0.08125 0.0796875
12 0.22421875 0.1078125 0.06640625 0.11796875
13 0.40234375 0.12265625 0.0546875 0.121875
13 0.52890625 0.39296875 0.0421875 0.10859375
14 0.1484375 0.56953125 0.09296875 0.05
14 0.32578125 0.26953125 0.0546875 0.0953125
15 0.11484375 0.4171875 0.0890625 0.06015625
15 0.2734375 0.6546875 0.06328125 0.090625
16 0.28671875 0.45859375 0.07421875 0.084375
16 0.16328125 0.2109375 0.08203125 0.05859375
17 0.240625 0.5390625 0.03828125 0.0828125
17 0.45703125 0.48515625 0.0703125 0.06640625
18 0.24296875 0.3046875 0.06875 0.0484375
18 0.3671875 0.4984375 0.053125 0.07265625
19 0.1734375 0.6390625 0.0546875 0.06953125
19 0.26796875 0.59296875 0.0609375 0.0453125
20 0.1234375 0.61796875 0.0421875 0.06015625
20 0.9609375 0.9265625 0.04921875 0.0796875
21 0.28828125 0.52578125 0.059375 0.05
21 0.4453125 0.4296875 0.053125 0.06171875
22 0.49765625 0.20859375 0.0625 0.15390625
23 0.28828125 0.27734375 0.03828125 0.06484375