0 0.665625 0.32890625 0.11171875 0.10234375
0 0.49453125 0.27109375 0.11953125 0.1140625
1 0.79296875 0.87421875 0.11484375 0.13671875
1 0.59140625 0.8015625 0.07421875 0.1265625
2 0.95078125 0.915625 0.07734375 0.12890625
2 0.08828125 0.24140625 0.1109375 0.109375
3 0.44765625 0.165625 0.11640625 0.11171875
3 0.45390625 0.66015625 0.12421875 0.0703125
4 0.27734375 0.37421875 0.05234375 0.16328125
4 0.30703125 0.73203125 0.08125 0.1359375
8 0.3734375 0.65390625 0.10390625 0.1015625
8 0.35859375 0.1859375 0.115625 0.06640625
9 0.72734375 0.5078125 0.0859375 0.10859375
9 0.65234375 0.30390625 0.053125 0.08671875
10 0.3015625 0.88125 0.1078125 0.0796875
10 0.4 0.31171875 0.03359375 0.13828125
11 0.61640625 0.4640625 0.0703125 0.10859375
11 0.13359375 0.32890625 0.0953125 0.05625
5 0.2171875 0.2515625 0.08984375 0.0734375
5 0.5140625 0.72890625 0.07109375 0.0609375
6 0.0609375 0.359375 0.1015625 0.05
6 0.44921875 0.70859375 0.0484375 0.10703125
7 0.41484375 0.403125 0.034375 0.13203125
7 0.36796875 0.06796875 0.05703125 0.10234375
12 0.76875 0.6140625 0.075 0.05390625
12 0.23671875 0.35390625 0.04921875 0.07265625
13 0.253125 0.20234375 0.0703125 0.07890625
13 0.6015625 0.32578125 0.0421875 0.0984375
14 0.57265625 0.70625 0.06640625 0.07265625
14 0.72890625 0.59375 0.05859375 0.0765625
15 0.5140625 0.65078125 0.05234375 0.0796875
15 0.80234375 0.58359375 0.05234375 0.06171875
16 0.6921875 0.70234375 0.06015625 0.08828125
16 0.66796875 0.428125 0.05078125 0.084375
17 0.16484375 0.28984375 0.034375 0.07734375
17 0.62109375 0.77890625 0.05234375 0.065625
18 0.62734375 0.371875 0.03984375 0.0515625
18 0.43515625 0.190625 0.05390625 0.040625
19 0.1890625 0.371875 0.03671875 0.06328125
19 0.55703125 0.25390625 0.05390625 0.0546875
20 0.6609375 0.54453125 0.03984375 0.0515625
20 0.678125 0.509375 0.04921875 0.040625
21 0.69609375 0.5640625 0.04609375 0.03671875
21 0.70625 0.53359375 0.04921875 0.040625
22 0.46875 0.5796875 0.07109375 0.08828125
23 0.075 0.33125 0.04140625 0.03359375