0 0.8921875 0.46640625 0.1375 0.32578125
0 0.8765625 0.52734375 0.16953125 0.165625
1 0.490625 0.44375 0.1421875 0.23828125
1 0.31328125 0.46015625 0.23203125 0.16328125
2 0.27265625 0.18828125 0.20078125 0.13359375
2 0.3171875 0.3265625 0.18828125 0.1015625
3 0.24140625 0.74375 0.18828125 0.178125
3 0.47890625 0.86015625 0.221875 0.1015625
4 0.853125 0.11328125 0.19765625 0.15703125
4 0.871875 0.13125 0.1453125 0.1890625
8 0.35859375 0.50625 0.12421875 0.13203125
8 0.9140625 0.66875 0.115625 0.128125
9 0.4734375 0.1140625 0.18125 0.125
9 0.87265625 0.15078125 0.1078125 0.18671875
10 0.57421875 0.28359375 0.184375 0.0734375
10 0.76015625 0.34453125 0.20625 0.10703125
11 0.70078125 0.91953125 0.215625 0.06796875
11 0.1765625 0.53984375 0.078125 0.15703125
5 0.51328125 0.6890625 0.14375 0.1
5 0.8578125 0.8046875 0.14375 0.1421875
6 0.39609375 0.740625 0.08828125 0.15859375
6 0.9 0.403125 0.15 0.09609375
7 0.23203125 0.82421875 0.209375 0.08671875
7 0.35625 0.3765625 0.12265625 0.15703125
12 0.6234375 0.81328125 0.05859375 0.13359375
12 0.93046875 0.73671875 0.0671875 0.13671875
13 0.8109375 0.359375 0.1421875 0.0609375
13 0.53515625 0.1140625 0.13359375 0.0671875
14 0.5796875 0.815625 0.0625 0.1296875
14 0.44375 0.9015625 0.08828125 0.1375
15 0.08046875 0.66171875 0.0765625 0.12265625
15 0.52578125 0.92421875 0.15 0.08203125
16 0.75 0.14921875 0.1015625 0.0890625
16 0.89921875 0.41640625 0.10625 0.09765625
17 0.68203125 0.58203125 0.103125 0.0640625
17 0.25859375 0.5625 0.0640625 0.09453125
18 0.32734375 0.5734375 0.1 0.05546875
18 0.73046875 0.07890625 0.05078125 0.08515625
19 0.79453125 0.278125 0.1015625 0.0375
19 0.42421875 0.0734375 0.103125 0.05546875
20 0.746875 0.503125 0.08984375 0.04296875
20 0.24609375 0.62890625 0.08828125 0.0484375
21 0.46953125 0.04140625 0.0765625 0.053125
21 0.11796875 0.4328125 0.071875 0.06015625
22 0.5625 0.64921875 0.11640625 0.103125
22 0.825 0.24375 0.22421875 0.09453125