0 0.6765625 0.15390625 0.12265625 0.19765625
0 0.58046875 0.23671875 0.27578125 0.1875
1 0.72265625 0.509375 0.11953125 0.2578125
1 0.34609375 0.1703125 0.0984375 0.3375
2 0.5875 0.63828125 0.11796875 0.1828125
2 0.82421875 0.61640625 0.20703125 0.171875
3 0.65390625 0.5359375 0.09140625 0.221875
3 0.69921875 0.846875 0.21796875 0.16484375
4 0.2859375 0.5390625 0.11796875 0.20625
4 0.50546875 0.2375 0.24453125 0.05859375
8 0.84296875 0.87578125 0.13203125 0.171875
8 0.78203125 0.56796875 0.1859375 0.1
9 0.64375 0.89140625 0.1984375 0.0546875
9 0.47109375 0.5953125 0.14765625 0.171875
10 0.50546875 0.765625 0.1703125 0.09296875
10 0.32265625 0.78203125 0.184375 0.115625
11 0.6046875 0.95546875 0.171875 0.065625
11 0.2765625 0.43125 0.125 0.15
5 0.4296875 0.51953125 0.18125 0.07265625
5 0.409375 0.2609375 0.059375 0.17734375
6 0.45625 0.37421875 0.18125 0.0671875
6 0.8796875 0.7640625 0.184375 0.06875
7 0.71328125 0.68515625 0.13671875 0.16484375
7 0.58671875 0.4359375 0.16875 0.11875
12 0.253125 0.32265625 0.06328125 0.153125
12 0.20703125 0.50703125 0.08046875 0.1390625
13 0.34453125 0.44375 0.1015625 0.1171875
13 0.44609375 0.4359375 0.13671875 0.04609375
14 0.67421875 0.71484375 0.07890625 0.1328125
14 0.57109375 0.16171875 0.08046875 0.14140625
15 0.30234375 0.1890625 0.10859375 0.0828125
15 0.16640625 0.21171875 0.06484375 0.1171875
16 0.621875 0.32734375 0.07734375 0.11328125
16 0.38125 0.27734375 0.13671875 0.06875
17 0.31796875 0.1 0.0875 0.09296875
17 0.09296875 0.115625 0.0734375 0.09609375
18 0.5078125 0.1703125 0.0875 0.06171875
18 0.35390625 0.31328125 0.1 0.0484375
19 0.5265625 0.33671875 0.07890625 0.08125
19 0.43515625 0.64765625 0.0828125 0.0703125
20 0.79765625 0.709375 0.06640625 0.05859375
20 0.63828125 0.50859375 0.04921875 0.07421875
21 0.8796875 0.45390625 0.04765625 0.09140625
21 0.325 0.35859375 0.08046875 0.04609375
22 0.58359375 0.1265625 0.1015625 0.15625
22 0.4671875 0.64375 0.10546875 0.16484375