0 0.11640625 0.42890625 0.11875 0.15078125
0 0.34296875 0.73125 0.084375 0.1734375
1 0.0703125 0.3546875 0.0765625 0.16484375
1 0.28515625 0.69609375 0.08203125 0.19453125
2 0.46484375 0.50703125 0.1203125 0.1140625
2 0.67890625 0.75234375 0.075 0.08828125
3 0.32265625 0.6046875 0.05078125 0.15234375
3 0.4875 0.9359375 0.1109375 0.11796875
4 0.24375 0.065625 0.12421875 0.0703125
4 0.6453125 0.5609375 0.0859375 0.084375
8 0.35625 0.2875 0.0328125 0.16484375
8 0.41796875 0.68671875 0.0765625 0.109375
9 0.2765625 0.55546875 0.06171875 0.1421875
9 0.7921875 0.7984375 0.04296875 0.13515625
10 0.30234375 0.4390625 0.0859375 0.1
10 0.6046875 0.87734375 0.04921875 0.13046875
11 0.4140625 0.565625 0.09609375 0.0640625
11 0.2859375 0.08984375 0.0828125 0.084375
5 0.0875 0.13359375 0.06171875 0.0921875
5 0.37109375 0.6640625 0.04609375 0.103125
6 0.225 0.1 0.09921875 0.053125
6 0.178125 0.6359375 0.06484375 0.07265625
7 0.24296875 0.67421875 0.06875 0.11484375
7 0.67890625 0.146875 0.09609375 0.05078125
12 0.0578125 0.4640625 0.05859375 0.0921875
12 0.578125 0.5640625 0.059375 0.07421875
13 0.65546875 0.90234375 0.05625 0.1078125
13 0.690625 0.92890625 0.08359375 0.05546875
14 0.40859375 0.83046875 0.0578125 0.07890625
14 0.96640625 0.60390625 0.05390625 0.084375
15 0.0578125 0.16875 0.04140625 0.0859375
15 0.2015625 0.34921875 0.0671875 0.053125
16 0.58515625 0.50078125 0.03125 0.0796875
16 0.4359375 0.73984375 0.0546875 0.07109375
17 0.56328125 0.15390625 0.03203125 0.0859375
17 0.38046875 0.0375 0.05859375 0.0390625
18 0.3515625 0.065625 0.059375 0.0375
18 0.309375 0.7078125 0.03515625 0.06796875
19 0.4375 0.865625 0.05234375 0.0421875
19 0.11875 0.1328125 0.04765625 0.05078125
20 0.02734375 0.42109375 0.03046875 0.0640625
20 0.13046875 0.1578125 0.0375 0.046875
21 0.44921875 0.6921875 0.04765625 0.03828125
21 0.05546875 0.259375 0.0421875 0.05234375
22 0.43515625 0.4609375 0.07109375 0.10390625
22 0.8984375 0.62734375 0.09375 0.04609375