0 0.08125 0.60859375 0.0796875 0.32578125
0 0.52421875 0.43203125 0.15546875 0.1703125
1 0.69453125 0.27578125 0.184375 0.23984375
1 0.303125 0.61640625 0.13671875 0.2234375
2 0.84765625 0.29453125 0.0765625 0.26640625
2 0.47578125 0.175 0.12734375 0.21796875
3 0.25234375 0.88515625 0.2046875 0.1
3 0.67421875 0.48515625 0.13515625 0.21796875
4 0.515625 0.2484375 0.1671875 0.13203125
4 0.384375 0.2953125 0.0828125 0.2359375
8 0.4828125 0.31953125 0.1765625 0.05546875
8 0.60234375 0.4828125 0.13515625 0.2359375
9 0.67109375 0.7 0.1046875 0.17734375
9 0.88203125 0.51875 0.1875 0.0890625
10 0.20546875 0.79453125 0.13828125 0.1
10 0.515625 0.69609375 0.10625 0.15390625
11 0.2609375 0.75234375 0.1046875 0.1625
11 0.7890625 0.32578125 0.06328125 0.16484375
5 0.87734375 0.3828125 0.0984375 0.1859375
5 0.41796875 0.71484375 0.13203125 0.10234375
6 0.4984375 0.8203125 0.12421875 0.10234375
6 0.40390625 0.9296875 0.0984375 0.10234375
7 0.44921875 0.73359375 0.075 0.16484375
7 0.4875 0.31875 0.0875 0.1828125
12 0.4453125 0.62265625 0.1109375 0.11484375
12 0.628125 0.63671875 0.1078125 0.1109375
13 0.45078125 0.10390625 0.075 0.13203125
13 0.3609375 0.4296875 0.1109375 0.1
14 0.3953125 0.53203125 0.096875 0.09453125
14 0.2421875 0.42734375 0.06328125 0.11796875
15 0.3 0.37890625 0.0875 0.10390625
15 0.5296875 0.896875 0.0859375 0.0875
16 0.5546875 0.534375 0.1078125 0.0625
16 0.52421875 0.49296875 0.078125 0.0734375
17 0.378125 0.7546875 0.0703125 0.06796875
17 0.6015625 0.7421875 0.05390625 0.0890625
18 0.41171875 0.57890625 0.04609375 0.084375
18 0.82421875 0.2828125 0.04140625 0.1
19 0.7 0.79140625 0.06015625 0.0984375
19 0.67890625 0.54921875 0.03359375 0.08203125
20 0.3296875 0.77421875 0.06640625 0.05
20 0.16328125 0.44609375 0.06015625 0.0765625
21 0.53984375 0.64921875 0.04453125 0.075
21 0.50625 0.93203125 0.06640625 0.06796875
22 0.75859375 0.2671875 0.06796875 0.18046875
23 0.8078125 0.61015625 0.04609375 0.0890625