0 0.8515625 0.15546875 0.08984375 0.18203125
0 0.775 0.390625 0.1125 0.13515625
1 0.609375 0.284375 0.10234375 0.1671875
1 0.6421875 0.16015625 0.09765625 0.11484375
2 0.74296875 0.83828125 0.12421875 0.09296875
2 0.68359375 0.80234375 0.11328125 0.12890625
3 0.15546875 0.9234375 0.09296875 0.11484375
3 0.67734375 0.07265625 0.15703125 0.03671875
4 0.66015625 0.03984375 0.13046875 0.0546875
4 0.62734375 0.2609375 0.12109375 0.09375
8 0.61171875 0.3921875 0.07265625 0.10625
8 0.53359375 0.6046875 0.0859375 0.1234375
9 0.703125 0.3796875 0.0671875 0.1234375
9 0.72734375 0.2125 0.0640625 0.0890625
10 0.8125 0.16953125 0.084375 0.08046875
10 0.0578125 0.83203125 0.06875 0.1046875
11 0.7828125 0.11171875 0.06875 0.0609375
11 0.090625 0.75 0.0890625 0.090625
5 0.63828125 0.84453125 0.10625 0.0625
5 0.25625 0.6515625 0.0953125 0.06796875
6 0.79921875 0.3125 0.0984375 0.0484375
6 0.734375 0.375 0.078125 0.0875
7 0.80078125 0.24375 0.121875 0.04296875
7 0.68984375 0.46796875 0.10703125 0.040625
12 0.6609375 0.17734375 0.046875 0.08359375
12 0.7171875 0.5421875 0.078125 0.07109375
13 0.771875 0.2734375 0.084375 0.0515625
13 0.6109375 0.73828125 0.0484375 0.09296875
14 0.5078125 0.6796875 0.0890625 0.0578125
14 0.790625 0.40625 0.03515625 0.0828125
15 0.94140625 0.2890625 0.0640625 0.075
15 0.1671875 0.634375 0.04921875 0.0734375
16 0.69609375 0.7296875 0.05 0.07421875
16 0.2640625 0.82890625 0.08125 0.0546875
17 0.76015625 0.17109375 0.05859375 0.0515625
17 0.7484375 0.86171875 0.04609375 0.065625
18 0.32421875 0.7875 0.0609375 0.0515625
18 0.68359375 0.784375 0.046875 0.05546875
19 0.834375 0.2828125 0.05859375 0.04296875
19 0.16640625 0.86015625 0.05703125 0.046875
20 0.12734375 0.62734375 0.04453125 0.03046875
20 0.59921875 0.23125 0.04609375 0.04296875
21 0.60078125 0.16640625 0.0328125 0.0609375
21 0.5875 0.74921875 0.046875 0.0484375
22 0.64140625 0.5578125 0.07578125 0.10546875
23 0.5609375 0.42109375 0.0328125 0.04609375