0 0.61484375 0.66796875 0.18359375 0.1703125
0 0.69296875 0.50078125 0.2734375 0.15546875
1 0.6921875 0.728125 0.275 0.22265625
1 0.253125 0.871875 0.2734375 0.1328125
2 0.78984375 0.3328125 0.26171875 0.12109375
2 0.73984375 0.1375 0.109375 0.1875
3 0.275 0.44140625 0.18203125 0.15234375
3 0.32109375 0.43671875 0.1234375 0.22109375
4 0.7203125 0.4296875 0.15546875 0.1734375
4 0.7375 0.2375 0.23125 0.06875
8 0.5859375 0.25234375 0.1703125 0.13515625
8 0.16171875 0.41875 0.16171875 0.10703125
9 0.8546875 0.7171875 0.13125 0.1734375
9 0.24609375 0.7671875 0.08125 0.18046875
10 0.36640625 0.3140625 0.1265625 0.11953125
10 0.44609375 0.25859375 0.09609375 0.09140625
11 0.5484375 0.3921875 0.165625 0.05625
11 0.1734375 0.80390625 0.1453125 0.1328125
5 0.471875 0.78671875 0.171875 0.08203125
5 0.1890625 0.5796875 0.084375 0.1578125
6 0.93125 0.4859375 0.07421875 0.16484375
6 0.73828125 0.45 0.09140625 0.084375
7 0.61328125 0.46953125 0.13671875 0.1296875
7 0.55625 0.4015625 0.09453125 0.1421875
12 0.49296875 0.4609375 0.13359375 0.05078125
12 0.440625 0.6828125 0.09296875 0.084375
13 0.58984375 0.10234375 0.16171875 0.06875
13 0.21640625 0.38984375 0.09921875 0.09765625
14 0.3 0.3953125 0.05703125 0.10859375
14 0.60625 0.20546875 0.07578125 0.10546875
15 0.41875 0.61796875 0.103125 0.07890625
15 0.66640625 0.5734375 0.0609375 0.103125
16 0.38046875 0.80859375 0.05546875 0.103125
16 0.31328125 0.625 0.05078125 0.11015625
17 0.33984375 0.75234375 0.11640625 0.04921875
17 0.8359375 0.5609375 0.09296875 0.06328125
18 0.84296875 0.41328125 0.07421875 0.0734375
18 0.72421875 0.53125 0.07890625 0.075
19 0.765625 0.7390625 0.0609375 0.08203125
19 0.8203125 0.546875 0.0625 0.07890625
20 0.24609375 0.60625 0.0671875 0.05390625
20 0.32734375 0.81484375 0.05703125 0.06796875
21 0.3921875 0.690625 0.0625 0.06875
21 0.42109375 0.31015625 0.09296875 0.0453125
22 0.2125 0.525 0.1109375 0.0875
22 0.56796875 0.65234375 0.0609375 0.16484375