0 0.640625 0.1234375 0.090625 0.228125
0 0.18359375 0.159375 0.12890625 0.1140625
1 0.56875 0.14453125 0.1125 0.09296875
1 0.2734375 0.29921875 0.1140625 0.15390625
2 0.88828125 0.671875 0.1125 0.096875
2 0.66171875 0.5546875 0.08125 0.12890625
3 0.6359375 0.50703125 0.1390625 0.153125
3 0.63125 0.89609375 0.14609375 0.11328125
4 0.3640625 0.23359375 0.1 0.1078125
4 0.23203125 0.59921875 0.146875 0.08359375
8 0.146875 0.28671875 0.14609375 0.10234375
8 0.2625 0.2953125 0.071875 0.15390625
9 0.665625 0.684375 0.13359375 0.11171875
9 0.91484375 0.828125 0.07890625 0.12890625
10 0.59296875 0.0953125 0.12578125 0.071875
10 0.5015625 0.39140625 0.0828125 0.0890625
11 0.31015625 0.2625 0.08828125 0.1421875
11 0.1375 0.16015625 0.0921875 0.07265625
5 0.53984375 0.8234375 0.13359375 0.0609375
5 0.50859375 0.74375 0.06015625 0.1109375
6 0.38203125 0.41796875 0.05859375 0.12421875
6 0.0421875 0.45 0.07890625 0.09296875
7 0.41875 0.3328125 0.09609375 0.078125
7 0.803125 0.87578125 0.08203125 0.11640625
12 0.36640625 0.159375 0.1015625 0.10546875
12 0.41484375 0.43671875 0.06015625 0.0453125
13 0.19453125 0.228125 0.08515625 0.05703125
13 0.6578125 0.203125 0.090625 0.10859375
14 0.7484375 0.89296875 0.04765625 0.1203125
14 0.71328125 0.18828125 0.0703125 0.10546875
15 0.296875 0.42734375 0.07578125 0.07578125
15 0.51171875 0.946875 0.0625 0.07578125
16 0.30234375 0.12109375 0.071875 0.09921875
16 0.6328125 0.77578125 0.034375 0.11328125
17 0.9546875 0.9140625 0.06640625 0.0625
17 0.4578125 0.7484375 0.08125 0.0453125
18 0.51953125 0.8453125 0.05703125 0.04765625
18 0.31796875 0.46015625 0.059375 0.0625
19 0.30859375 0.6109375 0.0515625 0.06640625
19 0.39375 0.946875 0.0703125 0.04296875
20 0.25625 0.30078125 0.05390625 0.02734375
20 0.67421875 0.771875 0.06953125 0.0359375
21 0.6515625 0.7171875 0.06640625 0.0578125
21 0.1859375 0.28359375 0.0484375 0.06875
22 0.7171875 0.21328125 0.084375 0.15
23 0.4296875 0.48125 0.0546875 0.03359375