0 0.1984375 0.55703125 0.18671875 0.0890625
0 0.93359375 0.54453125 0.07734375 0.21171875
1 0.8984375 0.54140625 0.1453125 0.13046875
1 0.36796875 0.43203125 0.13359375 0.14921875
2 0.1515625 0.78046875 0.1484375 0.13515625
2 0.16171875 0.4375 0.090625 0.0828125
3 0.22578125 0.45859375 0.15234375 0.11015625
3 0.63828125 0.4859375 0.11953125 0.13046875
4 0.58125 0.70234375 0.109375 0.13125
4 0.65859375 0.3390625 0.09921875 0.09375
8 0.240625 0.66640625 0.1640625 0.05234375
8 0.33125 0.63515625 0.08046875 0.140625
9 0.41328125 0.3765625 0.1421875 0.08125
9 0.8578125 0.903125 0.1296875 0.0890625
10 0.60703125 0.396875 0.1265625 0.06015625
10 0.75703125 0.59375 0.06875 0.115625
11 0.4484375 0.85 0.053125 0.11796875
11 0.24296875 0.08828125 0.08046875 0.1390625
5 0.403125 0.62890625 0.09765625 0.1078125
5 0.39453125 0.31015625 0.10078125 0.1015625
6 0.50859375 0.58984375 0.06171875 0.1140625
6 0.2125 0.5828125 0.1046875 0.0625
7 0.3390625 0.84453125 0.128125 0.0625
7 0.21484375 0.6375 0.08515625 0.109375
12 0.6046875 0.846875 0.090625 0.07890625
12 0.746875 0.390625 0.04921875 0.1015625
13 0.5625 0.58515625 0.071875 0.08984375
13 0.52421875 0.91015625 0.04765625 0.09375
14 0.44453125 0.78984375 0.11484375 0.04375
14 0.41328125 0.515625 0.06328125 0.08671875
15 0.33046875 0.75859375 0.090625 0.05859375
15 0.140625 0.35625 0.0546875 0.0765625
16 0.2640625 0.37578125 0.0734375 0.07734375
16 0.32265625 0.596875 0.08515625 0.06796875
17 0.6890625 0.66328125 0.08671875 0.03984375
17 0.87421875 0.45 0.05 0.07734375
18 0.41015625 0.68828125 0.0578125 0.06171875
18 0.4 0.55546875 0.0578125 0.0625
19 0.41015625 0.4328125 0.07734375 0.04375
19 0.73984375 0.4828125 0.071875 0.05234375
20 0.27265625 0.70703125 0.05625 0.04609375
20 0.5625 0.68984375 0.04921875 0.04609375
21 0.48515625 0.72734375 0.0515625 0.06171875
21 0.32109375 0.4109375 0.04609375 0.06015625
22 0.1 0.4 0.06484375 0.11875
23 0.3640625 0.521875 0.06015625 0.03125