0 0.58125 0.4609375 0.09765625 0.23828125
0 0.22890625 0.33359375 0.13984375 0.1875
1 0.40390625 0.79296875 0.23515625 0.1640625
1 0.30859375 0.803125 0.23359375 0.1671875
2 0.640625 0.1109375 0.16171875 0.159375
2 0.4125 0.26953125 0.1859375 0.065625
3 0.85703125 0.278125 0.1046875 0.21484375
3 0.39765625 0.8640625 0.13984375 0.1546875
4 0.3375 0.6515625 0.17265625 0.0921875
4 0.43125 0.465625 0.0828125 0.1890625
8 0.45546875 0.1609375 0.13984375 0.11484375
8 0.6171875 0.10390625 0.10859375 0.16875
9 0.49765625 0.584375 0.146875 0.11171875
9 0.30390625 0.1953125 0.15625 0.1015625
10 0.55625 0.6375 0.11796875 0.11796875
10 0.43984375 0.39609375 0.0859375 0.1609375
11 0.67578125 0.3203125 0.05546875 0.15078125
11 0.79765625 0.084375 0.04375 0.1625
5 0.49765625 0.771875 0.1234375 0.11796875
5 0.77578125 0.334375 0.0953125 0.14609375
6 0.634375 0.44453125 0.1328125 0.07421875
6 0.21328125 0.47421875 0.12265625 0.13828125
7 0.6859375 0.63984375 0.14375 0.0578125
7 0.721875 0.478125 0.08828125 0.13828125
12 0.3203125 0.44921875 0.11953125 0.0609375
12 0.1265625 0.60625 0.06796875 0.14765625
13 0.7546875 0.19296875 0.053125 0.11640625
13 0.72109375 0.34140625 0.04453125 0.11171875
14 0.3171875 0.36640625 0.05859375 0.128125
14 0.82734375 0.42578125 0.084375 0.1
15 0.13203125 0.3359375 0.10625 0.0703125
15 0.634375 0.51484375 0.07890625 0.08671875
16 0.5625 0.70234375 0.04609375 0.1234375
16 0.66328125 0.6875 0.10859375 0.05390625
17 0.85703125 0.10546875 0.06796875 0.0921875
17 0.4953125 0.4203125 0.07734375 0.05546875
18 0.37578125 0.49375 0.075 0.05390625
18 0.5203125 0.47890625 0.0703125 0.0640625
19 0.43671875 0.2078125 0.08046875 0.05390625
19 0.83515625 0.08125 0.05 0.08671875
20 0.478125 0.6984375 0.0625 0.05390625
20 0.7609375 0.47890625 0.05703125 0.07421875
20 0.75234375 0.03515625 0.04921875 0.0703125
21 0.8765625 0.17109375 0.0625 0.059375
21 0.37109375 0.33359375 0.0625 0.07890625
22 0.803125 0.521875 0.0921875 0.1671875
22 0.25703125 0.371875 0.08984375 0.165625