0 0.5171875 0.7 0.13984375 0.071875
0 0.67421875 0.31796875 0.13203125 0.1
1 0.4734375 0.77734375 0.12265625 0.10859375
1 0.878125 0.73515625 0.0578125 0.14375
2 0.86796875 0.60390625 0.10703125 0.07421875
2 0.40859375 0.8484375 0.1171875 0.0453125
3 0.33046875 0.753125 0.06484375 0.10546875
3 0.77109375 0.6375 0.11484375 0.03828125
4 0.52578125 0.4578125 0.06484375 0.10859375
4 0.89765625 0.91171875 0.03671875 0.11640625
8 0.5703125 0.240625 0.03984375 0.11484375
8 0.81015625 0.60859375 0.10078125 0.04453125
9 0.58046875 0.875 0.0921875 0.059375
9 0.85078125 0.1796875 0.071875 0.084375
10 0.7578125 0.0546875 0.03828125 0.1015625
10 0.75546875 0.13671875 0.0453125 0.09375
11 0.58828125 0.84140625 0.0796875 0.05625
11 0.6890625 0.17421875 0.06015625 0.075
5 0.325 0.51015625 0.08671875 0.03671875
5 0.93515625 0.28203125 0.059375 0.05625
6 0.47265625 0.284375 0.040625 0.0921875
6 0.66640625 0.8609375 0.07421875 0.06640625
7 0.65390625 0.9703125 0.0796875 0.0515625
7 0.421875 0.525 0.0578125 0.07890625
12 0.36484375 0.5421875 0.065625 0.05078125
12 0.071875 0.67578125 0.03125 0.07578125
13 0.62734375 0.6421875 0.04765625 0.06953125
13 0.7484375 0.30625 0.04453125 0.07421875
14 0.61015625 0.55859375 0.059375 0.0640625
14 0.08125 0.73359375 0.040625 0.07421875
15 0.53984375 0.5609375 0.05546875 0.05625
15 0.14453125 0.7375 0.06015625 0.03984375
16 0.46640625 0.7125 0.05078125 0.05703125
16 0.61171875 0.28515625 0.05625 0.05234375
17 0.74296875 0.2421875 0.0375 0.05546875
17 0.78984375 0.946875 0.02890625 0.0609375
18 0.36796875 0.6109375 0.03359375 0.053125
18 0.0421875 0.690625 0.0328125 0.05234375
19 0.29375 0.17734375 0.05703125 0.040625
19 0.1078125 0.3265625 0.0421875 0.05078125
20 0.846875 0.65546875 0.028125 0.03984375
20 0.86484375 0.64921875 0.03671875 0.03671875
21 0.22734375 0.84375 0.03359375 0.04765625
21 0.465625 0.5203125 0.03203125 0.053125
22 0.54921875 0.759375 0.07578125 0.06328125
23 0.1453125 0.8921875 0.04375 0.0375