0 0.25703125 0.521875 0.13125 0.25
0 0.2546875 0.76875 0.20234375 0.11796875
1 0.225 0.92109375 0.1703125 0.10859375
1 0.34609375 0.72890625 0.2109375 0.19765625
2 0.59765625 0.77421875 0.1 0.1640625
2 0.5046875 0.390625 0.1515625 0.146875
3 0.57734375 0.25703125 0.14140625 0.12265625
3 0.5078125 0.36796875 0.17734375 0.0578125
4 0.69921875 0.54765625 0.09296875 0.12265625
4 0.47109375 0.53828125 0.12421875 0.0984375
8 0.36015625 0.44375 0.06953125 0.153125
8 0.21796875 0.796875 0.12890625 0.153125
9 0.76875 0.62890625 0.06953125 0.09921875
9 0.87734375 0.096875 0.0984375 0.096875
10 0.6484375 0.36796875 0.13125 0.0875
10 0.65625 0.665625 0.14296875 0.06875
11 0.36171875 0.60546875 0.13828125 0.05234375
11 0.2015625 0.553125 0.12890625 0.065625
5 0.29609375 0.228125 0.12890625 0.065625
5 0.7140625 0.31015625 0.1203125 0.1171875
6 0.4578125 0.70078125 0.084375 0.1171875
6 0.6671875 0.38671875 0.09765625 0.10625
7 0.21484375 0.64765625 0.11015625 0.09375
7 0.27890625 0.8890625 0.08046875 0.1171875
12 0.50234375 0.6 0.10390625 0.046875
12 0.5109375 0.359375 0.06640625 0.10859375
13 0.2859375 0.51171875 0.10703125 0.0453125
13 0.478125 0.53828125 0.09140625 0.06875
14 0.3046875 0.28984375 0.08359375 0.065625
14 0.39453125 0.7421875 0.05625 0.1265625
15 0.053125 0.47578125 0.09375 0.08359375
15 0.70234375 0.61171875 0.04453125 0.1234375
16 0.50625 0.490625 0.08359375 0.0453125
16 0.59296875 0.4203125 0.0765625 0.06484375
17 0.93984375 0.09140625 0.065625 0.09140625
17 0.2703125 0.30703125 0.0796875 0.0875
18 0.77421875 0.55078125 0.06484375 0.06015625
18 0.240625 0.4875 0.06484375 0.06328125
19 0.68125 0.56015625 0.0390625 0.08359375
19 0.35859375 0.55390625 0.05859375 0.05078125
20 0.525 0.28046875 0.053125 0.05
20 0.73125 0.7484375 0.04296875 0.08046875
21 0.6984375 0.47109375 0.05234375 0.046875
21 0.43359375 0.58984375 0.040625 0.07265625
22 0.68203125 0.74296875 0.06328125 0.13203125
23 0.13984375 0.48828125 0.071875 0.05625