0 0.47421875 0.3609375 0.08671875 0.1171875
0 0.45703125 0.28046875 0.10859375 0.07890625
1 0.34296875 0.70859375 0.06796875 0.17734375
1 0.3265625 0.45078125 0.12421875 0.12890625
2 0.0546875 0.61328125 0.09140625 0.121875
2 0.2375 0.36640625 0.0515625 0.1796875
3 0.334375 0.58671875 0.1 0.103125
3 0.34765625 0.1140625 0.096875 0.0859375
4 0.1625 0.30546875 0.04921875 0.1609375
4 0.28046875 0.35078125 0.1 0.13125
8 0.40234375 0.14921875 0.04296875 0.16875
8 0.95703125 0.94921875 0.07734375 0.0984375
9 0.62421875 0.35390625 0.096875 0.109375
9 0.35859375 0.53984375 0.1 0.06875
10 0.32109375 0.30078125 0.0453125 0.1390625
10 0.17265625 0.20703125 0.06796875 0.1203125
11 0.6890625 0.409375 0.0890625 0.0734375
11 0.371875 0.26640625 0.04140625 0.1046875
5 0.5109375 0.325 0.053125 0.1109375
5 0.35078125 0.546875 0.084375 0.06484375
6 0.44609375 0.22109375 0.05234375 0.12265625
6 0.10546875 0.39453125 0.03359375 0.12578125
7 0.56328125 0.34296875 0.04609375 0.10078125
7 0.29609375 0.48828125 0.084375 0.06875
12 0.13515625 0.403125 0.03125 0.10546875
12 0.4296875 0.03046875 0.07578125 0.04921875
13 0.2890625 0.44453125 0.06640625 0.04296875
13 0.47265625 0.34375 0.03046875 0.096875
14 0.48515625 0.2359375 0.0515625 0.0984375
14 0.37265625 0.371875 0.07890625 0.03828125
15 0.4046875 0.303125 0.0484375 0.075
15 0.09296875 0.37265625 0.06640625 0.059375
16 0.13203125 0.23828125 0.04375 0.09453125
16 0.11015625 0.3203125 0.05859375 0.06484375
17 0.57578125 0.284375 0.06328125 0.046875
17 0.39453125 0.47265625 0.03515625 0.0796875
18 0.5953125 0.35703125 0.04140625 0.0640625
18 0.3515625 0.5875 0.05078125 0.04296875
19 0.21328125 0.24609375 0.04296875 0.0640625
19 0.371875 0.18046875 0.05078125 0.05546875
20 0.440625 0.5609375 0.03046875 0.05625
20 0.3625 0.44375 0.0375 0.0421875
21 0.35 0.328125 0.0234375 0.0703125
21 0.32890625 0.4796875 0.03359375 0.0390625
22 0.640625 0.45703125 0.10078125 0.0625
22 0.42890625 0.41484375 0.04375 0.1328125