0 0.5875 0.8875 0.1015625 0.1203125
0 0.13203125 0.25625 0.0515625 0.11640625
1 0.659375 0.37578125 0.140625 0.1015625
1 0.19140625 0.2484375 0.0625 0.15625
2 0.21875 0.428125 0.05859375 0.1140625
2 0.23046875 0.378125 0.09609375 0.08671875
3 0.66171875 0.82734375 0.07578125 0.103125
3 0.43515625 0.96171875 0.1203125 0.04453125
4 0.54453125 0.75546875 0.06015625 0.13125
4 0.9359375 0.4734375 0.10859375 0.07890625
8 0.59921875 0.315625 0.0578125 0.1109375
8 0.55546875 0.69453125 0.071875 0.0875
9 0.0953125 0.02421875 0.109375 0.0484375
9 0.44765625 0.578125 0.0625 0.09375
10 0.7765625 0.90078125 0.0609375 0.078125
10 0.5421875 0.15 0.059375 0.0796875
11 0.92421875 0.3140625 0.04765625 0.10234375
11 0.97109375 0.89296875 0.05390625 0.07109375
5 0.1046875 0.25546875 0.03203125 0.1109375
5 0.6203125 0.34140625 0.07265625 0.0859375
6 0.84609375 0.75234375 0.0390625 0.08359375
6 0.2296875 0.478125 0.06484375 0.1015625
7 0.44140625 0.10546875 0.0640625 0.06875
7 0.81171875 0.39921875 0.071875 0.05390625
12 0.16875 0.059375 0.08046875 0.05234375
12 0.46953125 0.16796875 0.0609375 0.0671875
13 0.61875 0.54453125 0.04609375 0.0828125
13 0.15859375 0.26953125 0.078125 0.04296875
14 0.91328125 0.690625 0.053125 0.07109375
14 0.959375 0.58984375 0.07734375 0.0375
15 0.70390625 0.3984375 0.0640625 0.04140625
15 0.9421875 0.834375 0.0609375 0.05546875
16 0.75078125 0.6359375 0.0421875 0.07265625
16 0.03046875 0.18828125 0.06015625 0.06328125
17 0.41953125 0.50703125 0.0453125 0.0609375
17 0.871875 0.55625 0.05546875 0.04609375
18 0.35546875 0.2625 0.053125 0.04140625
18 0.76953125 0.4203125 0.04453125 0.05703125
19 0.06875 0.22109375 0.02734375 0.06484375
19 0.44609375 0.790625 0.0265625 0.06875
20 0.84140625 0.828125 0.046875 0.03515625
20 0.86875 0.2578125 0.03828125 0.046875
21 0.41640625 0.8875 0.0234375 0.06171875
21 0.50859375 0.81953125 0.0359375 0.05234375
22 0.4921875 0.33828125 0.065625 0.0734375
23 0.04296875 0.32109375 0.03203125 0.03828125