0 0.7546875 0.37734375 0.1015625 0.1765625
0 0.19921875 0.6921875 0.20703125 0.1296875
1 0.3125 0.5 0.11171875 0.22265625
1 0.228125 0.65859375 0.0796875 0.234375
2 0.18671875 0.575 0.16796875 0.15
2 0.121875 0.7171875 0.1359375 0.1125
3 0.63828125 0.20546875 0.14921875 0.159375
3 0.76015625 0.93046875 0.18671875 0.1046875
4 0.509375 0.13359375 0.09453125 0.16328125
4 0.60625 0.609375 0.19296875 0.0625
8 0.31171875 0.77578125 0.115625 0.16171875
8 0.64765625 0.584375 0.09296875 0.17109375
9 0.36796875 0.59921875 0.07265625 0.15390625
9 0.875 0.82265625 0.08515625 0.1671875
10 0.87578125 0.71328125 0.13203125 0.11171875
10 0.76796875 0.70234375 0.11875 0.115625
11 0.44140625 0.1703125 0.1234375 0.08125
11 0.825 0.58359375 0.125 0.06875
5 0.5890625 0.7140625 0.10859375 0.13359375
5 0.43984375 0.6125 0.05625 0.12734375
6 0.665625 0.36953125 0.1171875 0.115625
6 0.521875 0.54921875 0.075 0.1296875
7 0.31484375 0.396875 0.0578125 0.13359375
7 0.575 0.5375 0.10703125 0.1203125
12 0.575 0.440625 0.09296875 0.08203125
12 0.58515625 0.31328125 0.07265625 0.10859375
13 0.775 0.8015625 0.12890625 0.05703125
13 0.39296875 0.13359375 0.13046875 0.059375
14 0.80625 0.40546875 0.08515625 0.10625
14 0.5546875 0.325 0.115625 0.09296875
15 0.6734375 0.43203125 0.09140625 0.07265625
15 0.528125 0.25703125 0.103125 0.05078125
16 0.38984375 0.71171875 0.08984375 0.0890625
16 0.79765625 0.8625 0.09140625 0.09140625
17 0.8328125 0.84375 0.0765625 0.06875
17 0.715625 0.56796875 0.04921875 0.08359375
18 0.61953125 0.13046875 0.05078125 0.078125
18 0.53984375 0.32265625 0.07109375 0.06484375
19 0.4125 0.49765625 0.07109375 0.059375
19 0.44140625 0.45625 0.0828125 0.05546875
20 0.503125 0.396875 0.0578125 0.0609375
20 0.76328125 0.60078125 0.04765625 0.053125
21 0.57265625 0.36640625 0.078125 0.0421875
21 0.60625 0.40859375 0.07109375 0.06328125
22 0.5390625 0.22109375 0.115625 0.08125
23 0.3953125 0.53203125 0.0375 0.05078125