0 0.715625 0.4671875 0.175 0.12109375
0 0.81953125 0.3609375 0.159375 0.16015625
1 0.6640625 0.225 0.3171875 0.109375
1 0.8109375 0.18515625 0.1890625 0.1078125
2 0.49296875 0.1921875 0.14765625 0.13984375
2 0.56015625 0.36171875 0.2734375 0.06953125
3 0.5203125 0.884375 0.1125 0.19453125
3 0.7578125 0.5140625 0.1375 0.1265625
4 0.45078125 0.76640625 0.18515625 0.115625
4 0.38671875 0.10078125 0.22265625 0.08359375
8 0.30546875 0.8046875 0.1296875 0.10546875
8 0.55703125 0.50546875 0.16953125 0.146875
9 0.30234375 0.6578125 0.22265625 0.1109375
9 0.18671875 0.7296875 0.13359375 0.1453125
10 0.50234375 0.26796875 0.2359375 0.04296875
10 0.4078125 0.553125 0.12578125 0.13828125
11 0.65390625 0.70859375 0.16953125 0.1265625
11 0.37265625 0.1359375 0.1671875 0.1140625
5 0.8109375 0.13828125 0.19296875 0.071875
5 0.55625 0.490625 0.10078125 0.16015625
6 0.31328125 0.55234375 0.13359375 0.10234375
6 0.53828125 0.91171875 0.128125 0.15
7 0.69453125 0.321875 0.14921875 0.11953125
7 0.265625 0.65625 0.18125 0.1109375
12 0.48984375 0.7265625 0.16171875 0.04921875
12 0.23125 0.19921875 0.10859375 0.10546875
13 0.640625 0.58046875 0.16328125 0.06015625
13 0.18203125 0.5046875 0.08828125 0.10078125
14 0.43203125 0.175 0.159375 0.059375
14 0.2984375 0.4671875 0.1515625 0.04921875
15 0.14765625 0.3984375 0.13359375 0.05625
15 0.378125 0.6078125 0.09453125 0.08671875
16 0.17109375 0.440625 0.14140625 0.06953125
16 0.27421875 0.6765625 0.1125 0.08828125
17 0.62421875 0.8203125 0.10234375 0.0765625
17 0.41328125 0.05546875 0.075 0.05625
18 0.184375 0.63359375 0.1046875 0.053125
18 0.5578125 0.20625 0.06484375 0.08671875
19 0.234375 0.1578125 0.0671875 0.07890625
19 0.11015625 0.5921875 0.0984375 0.0546875
20 0.25390625 0.5953125 0.08671875 0.0375
20 0.2375 0.4859375 0.06875 0.06015625
21 0.28671875 0.30234375 0.07265625 0.071875
21 0.0765625 0.57734375 0.0984375 0.053125
22 0.74296875 0.12109375 0.1515625 0.115625
22 0.4203125 0.6546875 0.15546875 0.06484375