0 0.50078125 0.5859375 0.13203125 0.22734375
0 0.37421875 0.32109375 0.10234375 0.30078125
1 0.86015625 0.52421875 0.171875 0.15078125
1 0.8515625 0.41875 0.2265625 0.0734375
2 0.41328125 0.57109375 0.1375 0.16953125
2 0.6125 0.84453125 0.1875 0.09765625
3 0.54453125 0.26484375 0.1484375 0.12421875
3 0.45 0.36796875 0.115625 0.1609375
4 0.77421875 0.5671875 0.09453125 0.20078125
4 0.553125 0.21796875 0.14453125 0.14296875
8 0.2671875 0.5875 0.0703125 0.1875
8 0.43125 0.71171875 0.1296875 0.134375
9 0.64921875 0.73671875 0.12421875 0.12421875
9 0.65078125 0.7625 0.0625 0.19921875
10 0.31484375 0.8578125 0.11640625 0.12109375
10 0.09140625 0.3234375 0.0484375 0.16796875
11 0.42734375 0.1578125 0.1265625 0.08984375
11 0.10078125 0.5109375 0.04453125 0.1640625
5 0.40859375 0.8328125 0.04375 0.1640625
5 0.34765625 0.12890625 0.03828125 0.1640625
6 0.190625 0.6625 0.10859375 0.11640625
6 0.59453125 0.73984375 0.08828125 0.1578125
7 0.13515625 0.1140625 0.065625 0.15078125
7 0.46484375 0.4984375 0.04453125 0.153125
12 0.45390625 0.3859375 0.10546875 0.0515625
12 0.4265625 0.56328125 0.04140625 0.12265625
13 0.575 0.89453125 0.07578125 0.1015625
13 0.54296875 0.62734375 0.1015625 0.0546875
14 0.70859375 0.6015625 0.07421875 0.0765625
14 0.24453125 0.67890625 0.05546875 0.128125
15 0.52578125 0.7515625 0.06953125 0.09140625
15 0.6609375 0.64453125 0.08359375 0.06328125
16 0.59140625 0.384375 0.05625 0.1046875
16 0.18125 0.68515625 0.04453125 0.12421875
17 0.46640625 0.29921875 0.0765625 0.06015625
17 0.8390625 0.5109375 0.0703125 0.07109375
18 0.34140625 0.35703125 0.05546875 0.0796875
18 0.290625 0.87734375 0.06796875 0.0734375
19 0.66640625 0.88359375 0.05 0.0796875
19 0.14375 0.3890625 0.03828125 0.09296875
20 0.46640625 0.859375 0.0515625 0.075
20 0.075 0.31796875 0.0375 0.07109375
21 0.48828125 0.6609375 0.05859375 0.05625
21 0.4265625 0.72578125 0.05234375 0.06015625
22 0.11328125 0.6859375 0.0984375 0.159375
23 0.5421875 0.06953125 0.0484375 0.06953125