0 0.54609375 0.8734375 0.1296875 0.18125
0 0.63125 0.50078125 0.17734375 0.1859375
1 0.7546875 0.74765625 0.26796875 0.05234375
1 0.30390625 0.10390625 0.1140625 0.13515625
2 0.8515625 0.71015625 0.22109375 0.0609375
2 0.61484375 0.790625 0.18359375 0.125
3 0.47109375 0.384375 0.115625 0.165625
3 0.64140625 0.3640625 0.14296875 0.1390625
4 0.44375 0.58046875 0.09609375 0.11171875
4 0.31015625 0.56953125 0.13671875 0.10546875
8 0.7078125 0.5953125 0.17890625 0.05625
8 0.29765625 0.44453125 0.18046875 0.0875
9 0.48828125 0.63671875 0.17578125 0.0625
9 0.8140625 0.75703125 0.13359375 0.10546875
10 0.39296875 0.35078125 0.14921875 0.0921875
10 0.88671875 0.68515625 0.0828125 0.125
11 0.715625 0.759375 0.06328125 0.11953125
11 0.38984375 0.259375 0.14921875 0.08359375
5 0.565625 0.27890625 0.09921875 0.1015625
5 0.1859375 0.50078125 0.0703125 0.1265625
6 0.7609375 0.5359375 0.1109375 0.07421875
6 0.8359375 0.57734375 0.06953125 0.1265625
7 0.68515625 0.453125 0.1125 0.1015625
7 0.0921875 0.27734375 0.06484375 0.13828125
12 0.28984375 0.63671875 0.1171875 0.04140625
12 0.9015625 0.5953125 0.06171875 0.11484375
13 0.8109375 0.65703125 0.11875 0.04296875
13 0.43125 0.68203125 0.1109375 0.06015625
14 0.20546875 0.5765625 0.10703125 0.06875
14 0.47578125 0.69765625 0.06484375 0.09140625
15 0.590625 0.5953125 0.09609375 0.0625
15 0.5875 0.4046875 0.0890625 0.071875
16 0.70390625 0.6765625 0.078125 0.08203125
16 0.34296875 0.54765625 0.05078125 0.0921875
17 0.62578125 0.684375 0.075 0.07421875
17 0.4578125 0.890625 0.05234375 0.08828125
18 0.64453125 0.3140625 0.05 0.08046875
18 0.321875 0.56953125 0.05703125 0.0640625
19 0.2984375 0.4984375 0.05 0.06015625
19 0.6953125 0.35546875 0.0703125 0.06015625
20 0.2296875 0.6609375 0.0703125 0.0375
20 0.75078125 0.63125 0.05234375 0.04140625
21 0.590625 0.5125 0.08125 0.0484375
21 0.47734375 0.2671875 0.0734375 0.053125
22 0.30234375 0.6921875 0.165625 0.053125
23 0.4953125 0.771875 0.05234375 0.06015625