0 0.359375 0.5609375 0.15 0.1171875
0 0.69921875 0.80390625 0.10234375 0.20234375
1 0.49609375 0.95234375 0.22734375 0.07578125
1 0.5609375 0.70390625 0.1015625 0.19609375
2 0.20078125 0.503125 0.05703125 0.18828125
2 0.66796875 0.18046875 0.2078125 0.06640625
3 0.6328125 0.72578125 0.0703125 0.121875
3 0.521875 0.80078125 0.0609375 0.171875
4 0.3796875 0.91015625 0.16640625 0.0625
4 0.19375 0.44296875 0.071875 0.153125
8 0.69453125 0.353125 0.16796875 0.09453125
8 0.309375 0.6625 0.11796875 0.07578125
9 0.0859375 0.2265625 0.15390625 0.0546875
9 0.63515625 0.86484375 0.05625 0.1609375
10 0.46640625 0.72421875 0.08984375 0.134375
10 0.525 0.80078125 0.12734375 0.0625
11 0.40859375 0.81796875 0.0921875 0.1
11 0.80234375 0.3359375 0.0921875 0.06875
5 0.36796875 0.73671875 0.09453125 0.1171875
5 0.27890625 0.33046875 0.1328125 0.05
6 0.8640625 0.34921875 0.078125 0.1375
6 0.23046875 0.24765625 0.10859375 0.10078125
7 0.47265625 0.5265625 0.11328125 0.08203125
7 0.26953125 0.71171875 0.0859375 0.115625
12 0.521875 0.890625 0.109375 0.05625
12 0.51484375 0.75 0.1015625 0.0609375
13 0.7140625 0.19140625 0.05703125 0.10859375
13 0.3359375 0.6 0.090625 0.06484375
14 0.5703125 0.5203125 0.09453125 0.05078125
14 0.4015625 0.64609375 0.08984375 0.05234375
15 0.70390625 0.2703125 0.065625 0.09453125
15 0.7421875 0.159375 0.05859375 0.10234375
16 0.32734375 0.490625 0.08359375 0.05625
16 0.12890625 0.13125 0.0875 0.08125
17 0.2328125 0.2328125 0.0765625 0.07265625
17 0.66640625 0.19609375 0.0421875 0.08515625
18 0.65 0.11953125 0.071875 0.05234375
18 0.95078125 0.55078125 0.08515625 0.04765625
19 0.696875 0.053125 0.07421875 0.04375
19 0.65 0.07734375 0.07421875 0.0375
20 0.5265625 0.6953125 0.0359375 0.05859375
20 0.559375 0.61875 0.04921875 0.04765625
21 0.58203125 0.5890625 0.06640625 0.04375
21 0.46875 0.809375 0.06328125 0.0421875
22 0.25546875 0.734375 0.11640625 0.1
23 0.2765625 0.61171875 0.03515625 0.05390625