0 0.5328125 0.325 0.14375 0.16328125
0 0.6828125 0.4546875 0.14609375 0.12265625
1 0.50625 0.51875 0.24765625 0.12890625
1 0.46328125 0.55703125 0.1390625 0.23203125
2 0.3734375 0.7984375 0.2140625 0.12578125
2 0.29453125 0.41015625 0.08671875 0.2125
3 0.13671875 0.62890625 0.17890625 0.078125
3 0.58125 0.37421875 0.05390625 0.1828125
4 0.396875 0.584375 0.1609375 0.103125
4 0.284375 0.778125 0.1140625 0.134375
8 0.29375 0.38203125 0.19296875 0.065625
8 0.4015625 0.59609375 0.11875 0.09765625
9 0.8359375 0.528125 0.1609375 0.06171875
9 0.66640625 0.525 0.1671875 0.04765625
10 0.39140625 0.334375 0.1125 0.13203125
10 0.178125 0.62890625 0.11875 0.1140625
11 0.140625 0.44609375 0.08046875 0.15703125
11 0.45 0.340625 0.16953125 0.05390625
5 0.13984375 0.71796875 0.15234375 0.0640625
5 0.165625 0.8078125 0.08046875 0.1359375
6 0.14765625 0.53125 0.14375 0.09453125
6 0.3796875 0.29921875 0.13203125 0.09453125
7 0.75703125 0.43046875 0.13046875 0.09296875
7 0.34375 0.45703125 0.15078125 0.06015625
12 0.3828125 0.75234375 0.08515625 0.109375
12 0.43203125 0.73203125 0.05390625 0.1140625
13 0.17265625 0.57890625 0.10703125 0.0734375
13 0.25703125 0.64375 0.0984375 0.08515625
14 0.19453125 0.6765625 0.10390625 0.05546875
14 0.928125 0.62421875 0.1171875 0.08828125
15 0.2625 0.46953125 0.05859375 0.09609375
15 0.80703125 0.95234375 0.0703125 0.08828125
16 0.134375 0.3640625 0.1203125 0.04609375
16 0.04296875 0.528125 0.08203125 0.1109375
17 0.80234375 0.5671875 0.08046875 0.078125
17 0.25078125 0.2609375 0.10234375 0.04765625
18 0.325 0.63515625 0.046875 0.0796875
18 0.43046875 0.03203125 0.090625 0.0640625
19 0.71640625 0.2296875 0.0921875 0.05703125
19 0.490625 0.7484375 0.06328125 0.08515625
20 0.7953125 0.06953125 0.05390625 0.0734375
20 0.7921875 0.40234375 0.06328125 0.071875
21 0.234375 0.865625 0.06328125 0.05546875
21 0.21640625 0.5328125 0.07734375 0.0390625
22 0.4625 0.4640625 0.13046875 0.12109375
22 0.22265625 0.8109375 0.1140625 0.08984375