0 0.3765625 0.80703125 0.20234375 0.06953125
0 0.225 0.65625 0.17109375 0.11015625
1 0.78046875 0.31875 0.17421875 0.103125
1 0.4 0.3765625 0.15234375 0.13203125
2 0.7328125 0.16953125 0.06640625 0.14765625
2 0.7625 0.48203125 0.159375 0.07265625
3 0.74453125 0.37734375 0.12265625 0.10703125
3 0.1859375 0.42734375 0.14609375 0.0765625
4 0.64140625 0.60234375 0.14921875 0.04609375
4 0.459375 0.14375 0.15234375 0.05546875
8 0.72421875 0.73203125 0.0578125 0.12890625
8 0.484375 0.14375 0.06953125 0.125
9 0.184375 0.85859375 0.11640625 0.11484375
9 0.33828125 0.32890625 0.12578125 0.0453125
10 0.33515625 0.5765625 0.1125 0.0765625
10 0.58828125 0.50859375 0.06484375 0.1
11 0.30703125 0.91640625 0.11953125 0.0765625
11 0.2625 0.74765625 0.1046875 0.08125
5 0.2609375 0.21484375 0.06796875 0.1015625
5 0.5703125 0.66484375 0.1125 0.06640625
6 0.1 0.4625 0.1109375 0.07421875
6 0.765625 0.67265625 0.0546875 0.10859375
7 0.6671875 0.5640625 0.11796875 0.04765625
7 0.14296875 0.23984375 0.05625 0.1046875
12 0.43828125 0.9375 0.10078125 0.07265625
12 0.32578125 0.7109375 0.06171875 0.08671875
13 0.56171875 0.2 0.0546875 0.084375
13 0.384375 0.35546875 0.08984375 0.04375
14 0.15078125 0.88984375 0.06328125 0.08984375
14 0.1953125 0.61953125 0.09921875 0.0578125
15 0.52421875 0.0640625 0.08984375 0.0578125
15 0.3390625 0.19921875 0.078125 0.07265625
16 0.359375 0.2875 0.075 0.0640625
16 0.396875 0.20703125 0.07109375 0.07109375
17 0.56640625 0.3421875 0.06796875 0.065625
17 0.6484375 0.40703125 0.059375 0.06796875
18 0.56328125 0.11875 0.06484375 0.0640625
18 0.24765625 0.41171875 0.07109375 0.05390625
19 0.1859375 0.484375 0.06640625 0.0578125
19 0.48359375 0.75078125 0.06171875 0.065625
20 0.2265625 0.521875 0.0578125 0.04765625
20 0.03828125 0.52265625 0.06328125 0.04921875
21 0.309375 0.47421875 0.06484375 0.04609375
21 0.19296875 0.39296875 0.0578125 0.04609375
22 0.92109375 0.33125 0.08828125 0.11640625
22 0.59765625 0.253125 0.10078125 0.103125