0 0.74375 0.21640625 0.1171875 0.16796875
0 0.88046875 0.321875 0.1140625 0.19765625
1 0.3828125 0.75625 0.0859375 0.1875
1 0.671875 0.18828125 0.2609375 0.084375
2 0.2140625 0.79609375 0.16328125 0.13125
2 0.32421875 0.3578125 0.20625 0.1265625
3 0.5125 0.14375 0.1828125 0.11484375
3 0.06484375 0.49609375 0.084375 0.17265625
4 0.55078125 0.825 0.19453125 0.06015625
4 0.7390625 0.53671875 0.09921875 0.1234375
8 0.446875 0.3515625 0.05625 0.1390625
8 0.34453125 0.5 0.1421875 0.08828125
9 0.5609375 0.36796875 0.1421875 0.0921875
9 0.69296875 0.596875 0.059375 0.11640625
10 0.34609375 0.57421875 0.12734375 0.096875
10 0.65546875 0.35390625 0.12890625 0.0859375
11 0.7390625 0.11875 0.1515625 0.040625
11 0.54140625 0.08203125 0.1453125 0.07578125
5 0.2109375 0.5953125 0.065625 0.1
5 0.309375 0.37265625 0.1140625 0.0875
6 0.4640625 0.234375 0.13828125 0.06875
6 0.56875 0.590625 0.0640625 0.10625
7 0.88359375 0.5609375 0.06796875 0.10234375
7 0.7875 0.62109375 0.1453125 0.0625
12 0.290625 0.2453125 0.09609375 0.08828125
12 0.17421875 0.5171875 0.12734375 0.0515625
13 0.83359375 0.2140625 0.07578125 0.08046875
13 0.634375 0.58046875 0.08046875 0.07265625
14 0.59453125 0.2234375 0.1203125 0.040625
14 0.41953125 0.365625 0.12890625 0.0421875
15 0.86328125 0.4765625 0.059375 0.07109375
15 0.5765625 0.5265625 0.10390625 0.0421875
16 0.0921875 0.82421875 0.10859375 0.03828125
16 0.12734375 0.5796875 0.10234375 0.05859375
17 0.45546875 0.62109375 0.07265625 0.06640625
17 0.603125 0.95703125 0.07734375 0.06328125
18 0.3125 0.7984375 0.0578125 0.06015625
18 0.77421875 0.2484375 0.07265625 0.05078125
19 0.6609375 0.6875 0.0546875 0.05625
19 0.25390625 0.7796875 0.053125 0.0609375
20 0.20390625 0.4765625 0.0640625 0.04609375
20 0.5078125 0.775 0.07421875 0.03828125
21 0.76328125 0.7015625 0.07109375 0.0421875
21 0.47890625 0.721875 0.0625 0.05625
22 0.5375 0.66015625 0.07421875 0.10625
22 0.26484375 0.3328125 0.1234375 0.1