0 0.25625 0.5453125 0.1125 0.084375
0 0.096875 0.48515625 0.0953125 0.103125
1 0.2484375 0.79765625 0.090625 0.0671875
1 0.1 0.36484375 0.07421875 0.09453125
2 0.57734375 0.4640625 0.0359375 0.140625
2 0.32265625 0.63984375 0.090625 0.046875
3 0.5953125 0.5015625 0.0296875 0.14140625
3 0.3859375 0.6296875 0.04140625 0.134375
4 0.08671875 0.23203125 0.07265625 0.0984375
4 0.9546875 0.67890625 0.06328125 0.11328125
8 0.18515625 0.80234375 0.06484375 0.11171875
8 0.203125 0.890625 0.03828125 0.12421875
9 0.90859375 0.91875 0.0484375 0.11328125
9 0.1453125 0.38828125 0.0671875 0.07578125
10 0.21015625 0.6625 0.065625 0.05
10 0.17109375 0.5859375 0.0515625 0.09296875
11 0.66328125 0.06484375 0.03828125 0.09921875
11 0.253125 0.84921875 0.06796875 0.0484375
5 0.12734375 0.396875 0.06796875 0.04375
5 0.20078125 0.596875 0.06640625 0.0359375
6 0.03046875 0.2703125 0.06015625 0.0953125
6 0.8765625 0.40625 0.0625 0.08671875
7 0.240625 0.78125 0.02265625 0.1046875
7 0.20078125 0.61015625 0.02734375 0.09921875
12 0.1203125 0.4359375 0.0515625 0.0625
12 0.93203125 0.45234375 0.0515625 0.06484375
13 0.25625 0.5953125 0.0453125 0.06328125
13 0.28984375 0.5 0.053125 0.04375
14 0.175 0.50390625 0.05 0.03828125
14 0.1015625 0.35 0.03359375 0.08828125
15 0.18046875 0.9125 0.04609375 0.05078125
15 0.20859375 0.771875 0.046875 0.0484375
16 0.2796875 0.56015625 0.0484375 0.0375
16 0.7125 0.16953125 0.05078125 0.0734375
17 0.87265625 0.7109375 0.0296875 0.06953125
17 0.17890625 0.465625 0.0390625 0.0421875
18 0.1515625 0.44296875 0.02421875 0.05859375
18 0.15390625 0.86875 0.0359375 0.05625
19 0.1515625 0.3046875 0.0296875 0.0609375
19 0.26015625 0.65625 0.03984375 0.04375
20 0.2859375 0.753125 0.02421875 0.053125
20 0.0484375 0.43515625 0.03125 0.0484375
21 0.35625 0.77578125 0.04296875 0.05078125
21 0.3421875 0.67109375 0.034375 0.03515625
22 0.34765625 0.6015625 0.06796875 0.03828125
23 0.08828125 0.27421875 0.0296875 0.04453125