0 0.31875 0.84921875 0.2546875 0.12578125
0 0.78203125 0.6234375 0.1828125 0.19609375
1 0.8171875 0.20703125 0.15703125 0.22578125
1 0.5265625 0.50390625 0.1390625 0.1609375
2 0.64765625 0.29140625 0.1828125 0.08828125
2 0.3015625 0.4359375 0.20546875 0.1
3 0.265625 0.69609375 0.1359375 0.20390625
3 0.62109375 0.87265625 0.08125 0.15703125
4 0.74296875 0.21640625 0.14921875 0.1546875
4 0.6328125 0.2703125 0.06796875 0.21171875
8 0.6953125 0.58515625 0.16015625 0.115625
8 0.59375 0.70234375 0.07421875 0.2
9 0.40859375 0.734375 0.078125 0.146875
9 0.76796875 0.38203125 0.1328125 0.10625
10 0.64609375 0.6421875 0.13125 0.1078125
10 0.6078125 0.4578125 0.0421875 0.1703125
11 0.19296875 0.22734375 0.0875 0.184375
11 0.1828125 0.603125 0.09375 0.15078125
5 0.12734375 0.596875 0.140625 0.1078125
5 0.56171875 0.62421875 0.053125 0.13515625
6 0.48359375 0.8625 0.10390625 0.0859375
6 0.8171875 0.35625 0.10546875 0.12734375
7 0.5 0.63125 0.10703125 0.1140625
7 0.8109375 0.7046875 0.0953125 0.1078125
12 0.31953125 0.64765625 0.084375 0.1078125
12 0.66015625 0.265625 0.05546875 0.11171875
13 0.2484375 0.75234375 0.05 0.14296875
13 0.70703125 0.64765625 0.06328125 0.06875
14 0.8875 0.6625 0.05859375 0.1296875
14 0.65078125 0.43828125 0.0890625 0.04921875
15 0.334375 0.7046875 0.0921875 0.07265625
15 0.39296875 0.37265625 0.06484375 0.078125
16 0.7546875 0.77734375 0.0796875 0.084375
16 0.35546875 0.79765625 0.040625 0.13359375
17 0.72421875 0.8203125 0.084375 0.04921875
17 0.28125 0.5078125 0.05546875 0.11015625
18 0.47734375 0.75 0.07421875 0.07265625
18 0.49296875 0.71015625 0.06953125 0.0546875
19 0.853125 0.31875 0.06484375 0.05703125
19 0.5234375 0.44375 0.0390625 0.09609375
20 0.78515625 0.85078125 0.053125 0.078125
20 0.55703125 0.4734375 0.0375 0.04921875
21 0.80078125 0.48046875 0.0390625 0.0859375
21 0.56171875 0.396875 0.04375 0.0765625
22 0.43984375 0.4578125 0.06796875 0.1546875
22 0.36875 0.4765625 0.046875 0.16484375