0 0.75546875 0.3625 0.209375 0.07890625
0 0.896875 0.70390625 0.16875 0.24765625
1 0.90078125 0.55 0.1421875 0.22265625
1 0.07734375 0.103125 0.078125 0.1625
2 0.76484375 0.69921875 0.128125 0.159375
2 0.8046875 0.3703125 0.15546875 0.12734375
3 0.52265625 0.6265625 0.11875 0.15078125
3 0.33125 0.47265625 0.084375 0.19453125
4 0.21015625 0.5546875 0.06953125 0.19453125
4 0.7828125 0.20546875 0.13359375 0.0921875
8 0.55625 0.38515625 0.09140625 0.15078125
8 0.27578125 0.784375 0.153125 0.10234375
9 0.4015625 0.38125 0.04375 0.17578125
9 0.64296875 0.73046875 0.05390625 0.1640625
10 0.8828125 0.671875 0.12421875 0.05703125
10 0.8328125 0.28203125 0.12265625 0.06171875
11 0.72421875 0.7671875 0.09765625 0.1109375
11 0.28828125 0.8703125 0.09140625 0.12578125
5 0.42109375 0.12578125 0.07109375 0.1140625
5 0.46640625 0.1953125 0.11484375 0.0484375
6 0.53359375 0.73359375 0.07265625 0.140625
6 0.4375 0.34140625 0.06171875 0.15078125
7 0.61640625 0.259375 0.11328125 0.0734375
7 0.77734375 0.52578125 0.0953125 0.1171875
12 0.7328125 0.25390625 0.08828125 0.07890625
12 0.65234375 0.76953125 0.075 0.10546875
13 0.7796875 0.85 0.08984375 0.08203125
13 0.80234375 0.62421875 0.08984375 0.075
14 0.48515625 0.6234375 0.0828125 0.0734375
14 0.69453125 0.89765625 0.09375 0.05703125
15 0.6734375 0.48671875 0.0828125 0.05546875
15 0.67421875 0.596875 0.08203125 0.08203125
16 0.6765625 0.42734375 0.08203125 0.05390625
16 0.35625 0.8375 0.0578125 0.10703125
17 0.3859375 0.77578125 0.04375 0.096875
17 0.384375 0.49375 0.07265625 0.0734375
18 0.4515625 0.303125 0.04453125 0.08046875
18 0.43046875 0.725 0.06171875 0.07734375
19 0.50234375 0.7703125 0.05 0.08359375
19 0.534375 0.57109375 0.0609375 0.0734375
20 0.759375 0.4546875 0.06171875 0.0515625
20 0.49921875 0.41875 0.03828125 0.0703125
21 0.74921875 0.7328125 0.0609375 0.0453125
22 0.5671875 0.54609375 0.07890625 0.140625
22 0.4890625 0.2671875 0.1125 0.10234375