0 0.36953125 0.21328125 0.11484375 0.2125
0 0.72109375 0.3125 0.08984375 0.15390625
1 0.47421875 0.37421875 0.2640625 0.09140625
1 0.76484375 0.315625 0.0765625 0.24375
2 0.4890625 0.47421875 0.1671875 0.13125
2 0.0921875 0.459375 0.05703125 0.21640625
3 0.7 0.58046875 0.15546875 0.14375
3 0.13046875 0.11328125 0.10703125 0.1921875
4 0.78828125 0.853125 0.0765625 0.20390625
4 0.87109375 0.4578125 0.05703125 0.19921875
8 0.62421875 0.36640625 0.1703125 0.0796875
8 0.14375 0.32578125 0.0703125 0.18515625
9 0.87421875 0.2640625 0.13515625 0.13359375
9 0.7890625 0.6359375 0.0484375 0.18515625
10 0.65390625 0.2 0.08203125 0.14375
10 0.828125 0.409375 0.053125 0.15078125
11 0.2671875 0.19296875 0.09375 0.08515625
11 0.934375 0.440625 0.071875 0.11953125
5 0.6609375 0.11171875 0.10703125 0.1125
5 0.67734375 0.6859375 0.1484375 0.08125
6 0.153125 0.2984375 0.1515625 0.05390625
6 0.4125 0.153125 0.10703125 0.1265625
7 0.925 0.17109375 0.13984375 0.08671875
7 0.86015625 0.12734375 0.13671875 0.0640625
12 0.49296875 0.21953125 0.10546875 0.07265625
12 0.625 0.45 0.06484375 0.11796875
13 0.4765625 0.31171875 0.0453125 0.128125
13 0.34375 0.096875 0.1171875 0.0515625
14 0.7453125 0.16171875 0.11484375 0.07421875
14 0.69921875 0.45390625 0.05703125 0.10546875
15 0.54453125 0.43828125 0.09375 0.0609375
15 0.49453125 0.17734375 0.08046875 0.07421875
16 0.4578125 0.425 0.08046875 0.078125
16 0.74140625 0.51875 0.06328125 0.1
17 0.5625 0.271875 0.046875 0.08671875
17 0.85546875 0.30703125 0.06171875 0.08515625
18 0.63984375 0.3328125 0.08203125 0.05703125
18 0.5234375 0.47890625 0.08203125 0.04140625
19 0.53671875 0.58828125 0.05859375 0.0828125
19 0.09375 0.2578125 0.06328125 0.07578125
20 0.17734375 0.33046875 0.053125 0.05546875
20 0.065625 0.34453125 0.0453125 0.0515625
21 0.8046875 0.37578125 0.03359375 0.0796875
21 0.515625 0.31953125 0.046875 0.0671875
22 0.43359375 0.2078125 0.08828125 0.13125
23 0.51875 0.27109375 0.05859375 0.046875