0 0.5421875 0.60625 0.146875 0.075
0 0.203125 0.271875 0.0734375 0.14921875
1 0.4328125 0.42265625 0.1296875 0.10234375
1 0.60546875 0.4796875 0.12265625 0.11640625
2 0.48359375 0.5046875 0.1140625 0.0609375
2 0.26484375 0.21796875 0.0671875 0.11328125
3 0.2796875 0.10390625 0.10390625 0.071875
3 0.4890625 0.36015625 0.10859375 0.06796875
4 0.50859375 0.31640625 0.09375 0.0796875
4 0.28359375 0.3984375 0.07421875 0.0984375
8 0.640625 0.88125 0.09609375 0.078125
8 0.46875 0.40859375 0.103125 0.0453125
9 0.509375 0.46484375 0.08203125 0.07109375
9 0.44140625 0.434375 0.0796875 0.071875
10 0.1796875 0.0625 0.09296875 0.0515625
10 0.1421875 0.8203125 0.07421875 0.0671875
11 0.6828125 0.096875 0.09765625 0.046875
11 0.953125 0.7765625 0.0796875 0.03515625
5 0.42890625 0.54453125 0.0859375 0.04375
5 0.7109375 0.1359375 0.0828125 0.06484375
6 0.3234375 0.17734375 0.07578125 0.05703125
6 0.25625 0.428125 0.0671875 0.0796875
7 0.20703125 0.175 0.08203125 0.0609375
7 0.25546875 0.4875 0.07734375 0.0625
12 0.1109375 0.259375 0.0703125 0.0546875
12 0.11875 0.159375 0.0578125 0.065625
13 0.5375 0.9734375 0.07734375 0.03203125
13 0.4140625 0.578125 0.06640625 0.04765625
14 0.37265625 0.403125 0.06171875 0.04375
14 0.215625 0.865625 0.06640625 0.04453125
15 0.415625 0.4765625 0.06875 0.03671875
15 0.32578125 0.5046875 0.04609375 0.0578125
16 0.54921875 0.78828125 0.06328125 0.0546875
16 0.08828125 0.0375 0.04140625 0.07109375
17 0.03515625 0.33359375 0.05859375 0.040625
17 0.27578125 0.14453125 0.05546875 0.04453125
18 0.8375 0.865625 0.0421875 0.0546875
18 0.84453125 0.9515625 0.0515625 0.05
19 0.37265625 0.90234375 0.03828125 0.03125
19 0.3171875 0.1546875 0.0453125 0.0421875
20 0.5609375 0.45 0.03515625 0.0421875
20 0.328125 0.4515625 0.04140625 0.034375
21 0.06328125 0.36953125 0.04765625 0.03671875
21 0.5671875 0.8375 0.0453125 0.03984375
22 0.06640625 0.12890625 0.06171875 0.09609375
23 0.365625 0.57109375 0.04296875 0.04453125