0 0.10703125 0.63046875 0.103125 0.14296875
0 0.7203125 0.17734375 0.153125 0.1109375
1 0.10546875 0.40078125 0.078125 0.13359375
1 0.2734375 0.215625 0.13671875 0.1046875
2 0.1015625 0.709375 0.0625 0.09140625
2 0.71640625 0.115625 0.075 0.0984375
3 0.2390625 0.6234375 0.1140625 0.0796875
3 0.1046875 0.80859375 0.1171875 0.07578125
4 0.07734375 0.9453125 0.11796875 0.0640625
4 0.16328125 0.25546875 0.08046875 0.1359375
8 0.34921875 0.17109375 0.103125 0.07734375
8 0.8375 0.12265625 0.10546875 0.10625
9 0.415625 0.290625 0.0453125 0.14140625
9 0.4984375 0.21953125 0.10703125 0.06796875
10 0.19375 0.66640625 0.09296875 0.0421875
10 0.19453125 0.34453125 0.084375 0.06953125
11 0.928125 0.134375 0.07578125 0.08515625
11 0.1609375 0.4140625 0.06171875 0.1109375
5 0.07734375 0.7578125 0.08203125 0.0703125
5 0.7328125 0.33125 0.09921875 0.0390625
6 0.5984375 0.275 0.04921875 0.12265625
6 0.22265625 0.396875 0.0890625 0.07421875
7 0.16328125 0.58515625 0.0515625 0.11484375
7 0.93828125 0.05078125 0.09140625 0.04296875
12 0.5109375 0.31171875 0.0515625 0.10234375
12 0.1796875 0.290625 0.07109375 0.0578125
13 0.21328125 0.36875 0.065625 0.06640625
13 0.16953125 0.33984375 0.06640625 0.0484375
14 0.31328125 0.44609375 0.065625 0.0734375
14 0.165625 0.6609375 0.0453125 0.08671875
15 0.2796875 0.3015625 0.0375 0.0828125
15 0.1234375 0.57578125 0.04296875 0.06015625
16 0.32734375 0.3640625 0.03203125 0.09140625
16 0.32890625 0.37734375 0.065625 0.04296875
17 0.0921875 0.56875 0.0265625 0.07734375
17 0.97421875 0.24609375 0.04921875 0.0578125
18 0.40859375 0.1625 0.0515625 0.04453125
18 0.28125 0.396875 0.0390625 0.05390625
19 0.24609375 0.0625 0.0328125 0.06796875
19 0.1046875 0.61484375 0.02890625 0.06015625
20 0.8421875 0.27578125 0.0375 0.05859375
20 0.4453125 0.1109375 0.0390625 0.03515625
21 0.090625 0.83203125 0.04921875 0.040625
21 0.184375 0.30859375 0.0421875 0.0328125
22 0.24453125 0.6859375 0.0859375 0.096875
22 0.06015625 0.69609375 0.0796875 0.08125