0 0.53359375 0.37265625 0.17890625 0.08671875
0 0.6046875 0.48984375 0.18125 0.15078125
1 0.41171875 0.47265625 0.1453125 0.12109375
1 0.5140625 0.1234375 0.090625 0.18203125
2 0.61484375 0.21953125 0.1359375 0.15
2 0.69609375 0.6890625 0.128125 0.128125
3 0.3203125 0.33046875 0.10234375 0.140625
3 0.36328125 0.49765625 0.11796875 0.08515625
4 0.740625 0.5078125 0.08671875 0.15546875
4 0.36796875 0.21875 0.11640625 0.1265625
8 0.3171875 0.1515625 0.0828125 0.11171875
8 0.084375 0.4296875 0.14765625 0.0984375
9 0.54296875 0.109375 0.1265625 0.1
9 0.5921875 0.34765625 0.134375 0.05
10 0.31875 0.225 0.10625 0.090625
10 0.28515625 0.45234375 0.06484375 0.08671875
11 0.40859375 0.55390625 0.1234375 0.046875
11 0.23359375 0.3953125 0.10234375 0.06484375
5 0.78203125 0.70078125 0.09453125 0.1015625
5 0.53515625 0.53203125 0.09296875 0.090625
6 0.54765625 0.91796875 0.05078125 0.12421875
6 0.2375 0.1671875 0.1125 0.09453125
7 0.61796875 0.9484375 0.121875 0.040625
7 0.30390625 0.39453125 0.0765625 0.11484375
12 0.46015625 0.83984375 0.04140625 0.1015625
12 0.4921875 0.5578125 0.0984375 0.06875
13 0.38984375 0.2703125 0.046875 0.0984375
13 0.67578125 0.6890625 0.0921875 0.046875
14 0.6078125 0.54296875 0.06875 0.09296875
14 0.14609375 0.346875 0.04140625 0.11328125
15 0.940625 0.87265625 0.0703125 0.0875
15 0.65390625 0.50234375 0.04921875 0.0875
16 0.5984375 0.4359375 0.08828125 0.04609375
16 0.45625 0.5328125 0.0828125 0.040625
17 0.24375 0.36171875 0.0359375 0.08125
17 0.76640625 0.6375 0.07421875 0.05
18 0.18515625 0.45 0.04140625 0.0765625
18 0.525 0.571875 0.0625 0.05
19 0.36015625 0.4203125 0.059375 0.0609375
19 0.24609375 0.30546875 0.0625 0.05
20 0.69375 0.51484375 0.03984375 0.05546875
20 0.6609375 0.3984375 0.03984375 0.05703125
21 0.828125 0.66171875 0.04765625 0.0578125
21 0.3625 0.35390625 0.0515625 0.0421875
22 0.84765625 0.6328125 0.1203125 0.096875
22 0.4015625 0.12109375 0.11640625 0.06484375