0 0.31640625 0.4671875 0.14453125 0.2171875
0 0.5890625 0.31796875 0.15390625 0.2203125
1 0.74765625 0.14921875 0.08203125 0.21875
1 0.59140625 0.7578125 0.06015625 0.23359375
2 0.61015625 0.44765625 0.16796875 0.1140625
2 0.3328125 0.53671875 0.07578125 0.190625
3 0.81015625 0.546875 0.16796875 0.096875
3 0.21875 0.76875 0.18046875 0.06796875
4 0.69296875 0.2046875 0.07421875 0.16796875
4 0.540625 0.38828125 0.17421875 0.04921875
8 0.71484375 0.18046875 0.17421875 0.06484375
8 0.8953125 0.4234375 0.1046875 0.13671875
9 0.41875 0.7734375 0.0953125 0.14453125
9 0.65 0.53671875 0.1140625 0.13359375
10 0.6265625 0.94375 0.14765625 0.04609375
10 0.22890625 0.5390625 0.06171875 0.13515625
11 0.42421875 0.64765625 0.13125 0.05703125
11 0.86640625 0.2578125 0.15078125 0.06171875
5 0.39140625 0.128125 0.0984375 0.13828125
5 0.66328125 0.86953125 0.096875 0.1234375
6 0.69765625 0.61171875 0.1234375 0.06171875
6 0.28515625 0.209375 0.13984375 0.1046875
7 0.44609375 0.8703125 0.125 0.06796875
7 0.4875 0.93671875 0.13125 0.0890625
12 0.503125 0.73984375 0.07109375 0.1078125
12 0.128125 0.6546875 0.1109375 0.06484375
13 0.67578125 0.33125 0.103125 0.05546875
13 0.38671875 0.49921875 0.06015625 0.10625
14 0.57421875 0.23828125 0.1 0.06640625
14 0.55703125 0.6625 0.04609375 0.103125
15 0.74140625 0.6546875 0.0984375 0.04921875
15 0.2984375 0.3 0.103125 0.06015625
16 0.74921875 0.47109375 0.0953125 0.04765625
16 0.5671875 0.43125 0.0953125 0.06171875
17 0.53984375 0.0703125 0.0875 0.05859375
17 0.63125 0.66171875 0.07734375 0.06640625
18 0.571875 0.53671875 0.07890625 0.05390625
18 0.4140625 0.1953125 0.06484375 0.0796875
19 0.89296875 0.1578125 0.07421875 0.07421875
19 0.39765625 0.584375 0.05390625 0.07265625
20 0.61171875 0.0703125 0.05703125 0.06796875
20 0.72734375 0.5390625 0.05390625 0.05234375
21 0.59140625 0.13203125 0.06640625 0.06640625
21 0.278125 0.71875 0.07734375 0.04453125
22 0.47890625 0.29375 0.1234375 0.0921875
22 0.48203125 0.4265625 0.1078125 0.121875