0 0.4421875 0.72734375 0.1203125 0.1421875
0 0.14609375 0.5140625 0.23359375 0.19453125
1 0.31015625 0.18984375 0.19609375 0.15390625
1 0.7984375 0.73046875 0.215625 0.14921875
2 0.2625 0.30703125 0.14609375 0.2046875
2 0.47890625 0.2640625 0.2125 0.084375
3 0.2484375 0.63125 0.16015625 0.17421875
3 0.5296875 0.48046875 0.1296875 0.165625
4 0.2953125 0.1234375 0.1296875 0.15390625
4 0.7640625 0.53203125 0.0890625 0.184375
8 0.76875 0.8875 0.0921875 0.1578125
8 0.86171875 0.77734375 0.0859375 0.18125
9 0.4015625 0.5078125 0.16875 0.05546875
9 0.8640625 0.46875 0.1328125 0.09296875
10 0.9125 0.83125 0.0515625 0.14921875
10 0.690625 0.6578125 0.16171875 0.07265625
11 0.253125 0.609375 0.08125 0.1421875
11 0.83515625 0.71484375 0.11484375 0.13515625
5 0.74921875 0.4171875 0.0890625 0.11171875
5 0.4984375 0.35390625 0.15078125 0.0578125
6 0.60546875 0.65546875 0.134375 0.10625
6 0.50234375 0.28515625 0.084375 0.11171875
7 0.69296875 0.49765625 0.053125 0.13359375
7 0.290625 0.39375 0.0765625 0.13515625
12 0.48125 0.60859375 0.096875 0.096875
12 0.6515625 0.78515625 0.0484375 0.121875
13 0.67890625 0.3734375 0.1203125 0.0625
13 0.67734375 0.68046875 0.0453125 0.11328125
14 0.61171875 0.465625 0.11484375 0.04375
14 0.546875 0.59921875 0.06328125 0.1015625
15 0.375 0.57578125 0.10546875 0.05625
15 0.803125 0.4 0.0953125 0.0765625
16 0.74296875 0.2453125 0.0953125 0.078125
16 0.5765625 0.640625 0.0953125 0.06796875
17 0.63984375 0.54609375 0.090625 0.06640625
17 0.6109375 0.36015625 0.0484375 0.08125
18 0.7703125 0.31953125 0.0890625 0.04375
18 0.55859375 0.2953125 0.04375 0.06796875
19 0.6875 0.31640625 0.05859375 0.07265625
19 0.6921875 0.41015625 0.078125 0.0390625
20 0.39375 0.4171875 0.06484375 0.05078125
20 0.55546875 0.44765625 0.04375 0.05390625
21 0.75078125 0.475 0.0421875 0.059375
21 0.76796875 0.72890625 0.06171875 0.0578125
22 0.52890625 0.53359375 0.15078125 0.1
22 0.553125 0.40859375 0.0953125 0.12890625