0 0.709375 0.5625 0.26875 0.17265625
0 0.1953125 0.33671875 0.23828125 0.12734375
1 0.3265625 0.21484375 0.18515625 0.21484375
1 0.8015625 0.33359375 0.08515625 0.275
2 0.896875 0.51796875 0.13359375 0.14609375
2 0.37890625 0.52734375 0.13828125 0.134375
3 0.67265625 0.65 0.1984375 0.10078125
3 0.87734375 0.4453125 0.1671875 0.15703125
4 0.13515625 0.43203125 0.18828125 0.1234375
4 0.66328125 0.21875 0.09375 0.1625
8 0.7390625 0.22421875 0.1 0.18671875
8 0.48828125 0.0828125 0.19140625 0.06328125
9 0.91875 0.225 0.12890625 0.1890625
9 0.28046875 0.5796875 0.08828125 0.18203125
10 0.8328125 0.21796875 0.115625 0.15
10 0.34375 0.5359375 0.07421875 0.1765625
11 0.28671875 0.33515625 0.13359375 0.12734375
11 0.76484375 0.44609375 0.0640625 0.16953125
5 0.4328125 0.20078125 0.08828125 0.165625
5 0.54453125 0.81640625 0.07265625 0.17265625
6 0.35 0.71484375 0.11953125 0.15703125
6 0.6984375 0.64140625 0.07109375 0.178125
7 0.65078125 0.484375 0.12734375 0.15
7 0.184375 0.33359375 0.059375 0.1765625
12 0.29609375 0.4359375 0.10625 0.07421875
12 0.85078125 0.171875 0.06796875 0.121875
13 0.66015625 0.3671875 0.12734375 0.05625
13 0.28203125 0.81953125 0.10625 0.11796875
14 0.57109375 0.7765625 0.1171875 0.11484375
14 0.18671875 0.20703125 0.10625 0.10078125
15 0.49140625 0.80546875 0.06953125 0.11796875
15 0.628125 0.22109375 0.09140625 0.08984375
16 0.36171875 0.8609375 0.08671875 0.109375
16 0.67109375 0.60703125 0.1109375 0.0703125
17 0.3296875 0.10859375 0.053125 0.1078125
17 0.4984375 0.878125 0.07109375 0.10546875
18 0.38125 0.1703125 0.08046875 0.065625
18 0.55234375 0.9375 0.08203125 0.08671875
19 0.40546875 0.9296875 0.07890625 0.08828125
19 0.1875 0.0640625 0.08671875 0.065625
20 0.628125 0.31953125 0.0640625 0.06015625
20 0.5796875 0.37109375 0.0546875 0.0578125
21 0.63203125 0.40703125 0.07421875 0.06328125
21 0.15234375 0.37734375 0.059375 0.0703125
22 0.22109375 0.10703125 0.13515625 0.15
22 0.51328125 0.2375 0.09375 0.1109375