0 0.86015625 0.6328125 0.075 0.16328125
0 0.1109375 0.75703125 0.09375 0.0875
1 0.3734375 0.55234375 0.11875 0.05625
1 0.878125 0.0828125 0.05234375 0.146875
2 0.37734375 0.4953125 0.10390625 0.0515625
2 0.240625 0.16875 0.06953125 0.10703125
3 0.525 0.671875 0.109375 0.04609375
3 0.29453125 0.07265625 0.103125 0.0546875
4 0.76640625 0.10234375 0.078125 0.096875
4 0.83046875 0.13828125 0.05234375 0.10546875
8 0.7453125 0.71328125 0.10234375 0.05390625
8 0.0921875 0.771875 0.0484375 0.115625
9 0.4546875 0.45 0.06015625 0.0953125
9 0.72109375 0.634375 0.0640625 0.09921875
10 0.8109375 0.31796875 0.034375 0.1
10 0.153125 0.69375 0.0375 0.1015625
11 0.90390625 0.13125 0.0421875 0.0859375
11 0.4984375 0.48671875 0.0484375 0.084375
5 0.68671875 0.23984375 0.0625 0.0875
5 0.30234375 0.23125 0.0546875 0.0875
6 0.425 0.63671875 0.04609375 0.090625
6 0.9546875 0.13125 0.05390625 0.08515625
7 0.46015625 0.7640625 0.08046875 0.05078125
7 0.1515625 0.7046875 0.0828125 0.03671875
12 0.19453125 0.190625 0.059375 0.05
12 0.2828125 0.17109375 0.0625 0.06171875
13 0.12578125 0.278125 0.059375 0.05390625
13 0.7609375 0.28671875 0.06328125 0.04765625
14 0.29765625 0.13359375 0.03125 0.07109375
14 0.4546875 0.93125 0.0625 0.04453125
15 0.809375 0.95 0.06015625 0.05859375
15 0.059375 0.80625 0.0640625 0.0421875
16 0.4328125 0.52578125 0.03984375 0.06171875
16 0.40078125 0.5296875 0.05390625 0.040625
17 0.38671875 0.59140625 0.04921875 0.034375
17 0.69375 0.6546875 0.04765625 0.06015625
18 0.1796875 0.675 0.04296875 0.0390625
18 0.75703125 0.128125 0.03984375 0.04765625
19 0.93203125 0.0953125 0.03984375 0.053125
19 0.52734375 0.5609375 0.03984375 0.0453125
20 0.6921875 0.96171875 0.04375 0.0421875
20 0.94609375 0.20234375 0.05 0.0359375
21 0.3671875 0.178125 0.0328125 0.05
21 0.4921875 0.928125 0.04296875 0.0421875
22 0.4546875 0.49453125 0.0640625 0.0828125
23 0.18671875 0.23359375 0.05234375 0.0375