0 0.32109375 0.24140625 0.11328125 0.2234375
0 0.87734375 0.45078125 0.13984375 0.21875
1 0.5375 0.615625 0.13046875 0.1953125
1 0.57734375 0.38046875 0.23046875 0.0515625
2 0.18203125 0.63671875 0.13125 0.13515625
2 0.57421875 0.3265625 0.046875 0.18515625
3 0.353125 0.8609375 0.0859375 0.15703125
3 0.80234375 0.15625 0.15703125 0.14140625
4 0.48359375 0.9 0.11171875 0.1265625
4 0.8453125 0.6328125 0.065625 0.171875
8 0.403125 0.84375 0.07421875 0.146875
8 0.18515625 0.25390625 0.14453125 0.078125
9 0.2875 0.82265625 0.0484375 0.14296875
9 0.5296875 0.1265625 0.0515625 0.15625
10 0.13203125 0.60625 0.121875 0.08671875
10 0.28125 0.44375 0.06171875 0.11796875
11 0.74375 0.22109375 0.10859375 0.078125
11 0.4140625 0.271875 0.05546875 0.11171875
5 0.74375 0.4453125 0.08046875 0.10859375
5 0.8546875 0.484375 0.07578125 0.11328125
6 0.6171875 0.5796875 0.0671875 0.08828125
6 0.20859375 0.1859375 0.12578125 0.078125
7 0.1078125 0.45859375 0.09609375 0.10859375
7 0.71953125 0.61171875 0.10625 0.0734375
12 0.6265625 0.14375 0.0890625 0.06796875
12 0.8046875 0.2828125 0.09609375 0.08125
13 0.2484375 0.73125 0.1015625 0.05625
13 0.3671875 0.27734375 0.0671875 0.09296875
14 0.38125 0.65390625 0.06171875 0.0984375
14 0.49296875 0.45625 0.09296875 0.06484375
15 0.08203125 0.41015625 0.05 0.096875
15 0.2609375 0.60234375 0.06171875 0.08984375
16 0.4125 0.66484375 0.046875 0.08828125
16 0.3125 0.4203125 0.046875 0.08203125
17 0.2390625 0.45234375 0.06328125 0.078125
17 0.8796875 0.3390625 0.08046875 0.0546875
18 0.41875 0.34140625 0.0640625 0.0703125
18 0.46328125 0.34375 0.0515625 0.06328125
19 0.49296875 0.53515625 0.0671875 0.06796875
19 0.3921875 0.57734375 0.07421875 0.0515625
20 0.24765625 0.78203125 0.0515625 0.06171875
20 0.3609375 0.40390625 0.053125 0.03984375
21 0.41015625 0.40625 0.053125 0.0453125
21 0.4359375 0.71640625 0.06171875 0.04375
22 0.20234375 0.78125 0.1046875 0.11328125
22 0.27109375 0.24296875 0.0875 0.11796875