0 0.44296875 0.309375 0.18203125 0.12578125
0 0.52109375 0.365625 0.190625 0.14453125
1 0.5078125 0.4265625 0.10859375 0.1125
1 0.721875 0.23671875 0.08984375 0.19296875
2 0.69296875 0.6703125 0.16953125 0.1015625
2 0.5703125 0.1609375 0.15703125 0.13203125
3 0.46875 0.51484375 0.13125 0.15703125
3 0.559375 0.6265625 0.1546875 0.1140625
4 0.8875 0.17109375 0.13515625 0.13359375
4 0.8625 0.48671875 0.15234375 0.0828125
8 0.6 0.76875 0.09140625 0.16953125
8 0.68828125 0.33359375 0.0859375 0.16796875
9 0.88359375 0.42734375 0.0984375 0.14453125
9 0.8234375 0.37734375 0.13359375 0.0515625
10 0.771875 0.57109375 0.12734375 0.0484375
10 0.6890625 0.15078125 0.13203125 0.084375
11 0.5734375 0.36328125 0.11328125 0.071875
11 0.51171875 0.7703125 0.11484375 0.1015625
5 0.52109375 0.51796875 0.10078125 0.1046875
5 0.9015625 0.29296875 0.1125 0.0875
6 0.4515625 0.1265625 0.09140625 0.13203125
6 0.1640625 0.8890625 0.09375 0.12734375
7 0.76328125 0.23671875 0.10078125 0.109375
7 0.871875 0.58125 0.06875 0.13984375
12 0.428125 0.2734375 0.10234375 0.0640625
12 0.58046875 0.52578125 0.0375 0.1234375
13 0.5921875 0.23359375 0.09375 0.0625
13 0.559375 0.75078125 0.10234375 0.046875
14 0.81171875 0.53359375 0.09453125 0.0671875
14 0.65078125 0.49765625 0.08984375 0.0453125
15 0.746875 0.5125 0.0578125 0.090625
15 0.9078125 0.42421875 0.0796875 0.0578125
16 0.83515625 0.44296875 0.06484375 0.0953125
16 0.68125 0.5359375 0.08125 0.075
17 0.6328125 0.30078125 0.0578125 0.084375
17 0.1234375 0.90625 0.07734375 0.04375
18 0.709375 0.45390625 0.06953125 0.0453125
18 0.85546875 0.3140625 0.0546875 0.0765625
19 0.47578125 0.17265625 0.05 0.08125
19 0.58828125 0.403125 0.0625 0.065625
20 0.16015625 0.95546875 0.0375 0.0671875
21 0.821875 0.23203125 0.0484375 0.065625
21 0.9171875 0.540625 0.04609375 0.071875
22 0.91484375 0.25 0.10859375 0.0921875
22 0.6203125 0.4515625 0.12265625 0.071875