0 0.32734375 0.52265625 0.12578125 0.10703125
0 0.42421875 0.67890625 0.08203125 0.15234375
1 0.4 0.11171875 0.1578125 0.10546875
1 0.13046875 0.58515625 0.11875 0.13828125
2 0.58046875 0.24375 0.078125 0.14375
2 0.3875 0.21171875 0.1125 0.0984375
3 0.26875 0.6015625 0.1125 0.078125
3 0.12421875 0.878125 0.12421875 0.046875
4 0.09375 0.796875 0.0640625 0.12578125
4 0.47890625 0.60234375 0.04296875 0.13984375
8 0.12890625 0.6984375 0.08671875 0.11484375
8 0.45390625 0.24453125 0.125 0.0390625
9 0.05 0.70078125 0.08046875 0.07578125
9 0.41796875 0.30859375 0.10703125 0.0671875
10 0.1453125 0.7921875 0.0484375 0.109375
10 0.47734375 0.625 0.0875 0.06484375
11 0.9296875 0.94375 0.07734375 0.109375
11 0.4265625 0.58984375 0.03828125 0.10390625
5 0.52734375 0.5734375 0.0546875 0.10390625
5 0.38984375 0.10859375 0.04375 0.10703125
6 0.5671875 0.365625 0.053125 0.10625
6 0.1953125 0.77734375 0.046875 0.10859375
7 0.37265625 0.68125 0.046875 0.10078125
7 0.0703125 0.6671875 0.06171875 0.0921875
12 0.234375 0.1875 0.0734375 0.0546875
12 0.128125 0.92265625 0.075 0.06015625
13 0.465625 0.13203125 0.08203125 0.0515625
13 0.3671875 0.80703125 0.040625 0.10078125
14 0.29375 0.05390625 0.06875 0.06796875
14 0.0921875 0.60859375 0.0921875 0.06796875
15 0.05859375 0.94765625 0.06640625 0.05625
15 0.05625 0.70625 0.03359375 0.0734375
16 0.1796875 0.93515625 0.03671875 0.08203125
16 0.32578125 0.0734375 0.071875 0.04375
17 0.2375 0.1171875 0.0578125 0.059375
17 0.58359375 0.4515625 0.06328125 0.059375
18 0.31796875 0.18671875 0.03359375 0.06015625
18 0.44765625 0.646875 0.04140625 0.05390625
19 0.36875 0.328125 0.0484375 0.05390625
19 0.4875 0.3421875 0.0375 0.0625
20 0.09921875 0.6640625 0.04765625 0.03046875
20 0.18515625 0.6796875 0.0359375 0.04921875
21 0.5109375 0.37265625 0.034375 0.06171875
21 0.1328125 0.6296875 0.0484375 0.03515625
22 0.52109375 0.609375 0.06796875 0.0953125
23 0.2875 0.590625 0.04296875 0.0484375