0 0.784375 0.65078125 0.18515625 0.0890625
0 0.43125 0.53125 0.18359375 0.15546875
1 0.74921875 0.75234375 0.06875 0.14765625
1 0.17890625 0.28359375 0.184375 0.1390625
2 0.6359375 0.690625 0.1 0.20234375
2 0.63046875 0.84140625 0.0875 0.1984375
3 0.56171875 0.7703125 0.1296875 0.09921875
3 0.80390625 0.2484375 0.12734375 0.109375
4 0.49375 0.8296875 0.0515625 0.19375
4 0.4625 0.846875 0.06015625 0.15546875
8 0.84609375 0.11015625 0.08515625 0.1203125
8 0.8296875 0.33671875 0.1296875 0.10078125
9 0.07890625 0.63984375 0.0640625 0.1359375
9 0.48828125 0.403125 0.07890625 0.11171875
10 0.9234375 0.70390625 0.0921875 0.1046875
10 0.4203125 0.53359375 0.07578125 0.13984375
11 0.51015625 0.66640625 0.06015625 0.12578125
11 0.24375 0.378125 0.0796875 0.11875
5 0.88515625 0.659375 0.0921875 0.09765625
5 0.89609375 0.59921875 0.1109375 0.05703125
6 0.91328125 0.4265625 0.0328125 0.1671875
6 0.58203125 0.78046875 0.034375 0.19296875
7 0.4609375 0.31484375 0.10234375 0.046875
7 0.0625 0.3984375 0.084375 0.1171875
12 0.45234375 0.69453125 0.08984375 0.04921875
12 0.70859375 0.51953125 0.06328125 0.09921875
13 0.07578125 0.54140625 0.071875 0.109375
13 0.70390625 0.29609375 0.06875 0.09609375
14 0.36640625 0.415625 0.07421875 0.06640625
14 0.62890625 0.3828125 0.0625 0.09921875
15 0.43671875 0.4296875 0.0390625 0.0921875
15 0.6234375 0.46953125 0.07578125 0.04375
16 0.5046875 0.5359375 0.05 0.09765625
16 0.665625 0.61015625 0.06484375 0.06484375
17 0.4453125 0.4828125 0.05625 0.07109375
17 0.6328125 0.665625 0.0640625 0.05078125
18 0.65234375 0.53203125 0.04375 0.071875
18 0.5078125 0.35390625 0.03828125 0.0796875
19 0.671875 0.65859375 0.028125 0.08203125
19 0.60078125 0.5359375 0.0390625 0.0890625
20 0.5875 0.6515625 0.028125 0.05703125
20 0.48671875 0.65859375 0.04453125 0.0421875
21 0.690625 0.55859375 0.034375 0.0890625
21 0.540625 0.5078125 0.03046875 0.09453125
22 0.70390625 0.43671875 0.059375 0.09453125
22 0.11015625 0.5984375 0.05390625 0.1234375