0 0.65625 0.7578125 0.19765625 0.11015625
0 0.5296875 0.85625 0.17890625 0.090625
1 0.64609375 0.88046875 0.090625 0.1453125
1 0.23828125 0.73671875 0.19609375 0.121875
2 0.8625 0.51640625 0.18203125 0.06171875
2 0.6578125 0.196875 0.22578125 0.0578125
3 0.70390625 0.6953125 0.1609375 0.0484375
3 0.9453125 0.85625 0.07109375 0.11796875
4 0.72734375 0.26796875 0.1234375 0.10078125
4 0.23203125 0.38984375 0.09921875 0.11171875
8 0.85390625 0.9515625 0.10546875 0.090625
8 0.4953125 0.38828125 0.0515625 0.128125
9 0.86328125 0.8515625 0.07265625 0.10625
9 0.546875 0.8734375 0.09921875 0.0953125
10 0.29453125 0.7171875 0.0828125 0.084375
10 0.66484375 0.375 0.05859375 0.09453125
11 0.80078125 0.5296875 0.13125 0.05546875
11 0.7609375 0.415625 0.09453125 0.08046875
5 0.75078125 0.46875 0.13125 0.05234375
5 0.80234375 0.24609375 0.13828125 0.06875
6 0.71484375 0.36640625 0.0890625 0.0875
6 0.3578125 0.3125 0.11875 0.07265625
7 0.30546875 0.19765625 0.1296875 0.05234375
7 0.765625 0.8015625 0.04375 0.08984375
12 0.4125 0.796875 0.09609375 0.03515625
12 0.5125 0.18515625 0.0828125 0.07734375
13 0.63203125 0.53125 0.10390625 0.05390625
13 0.875 0.64921875 0.0484375 0.06953125
14 0.6609375 0.296875 0.075 0.06875
14 0.82734375 0.646875 0.06484375 0.06640625
15 0.14140625 0.65703125 0.090625 0.05390625
15 0.32890625 0.2828125 0.05234375 0.0640625
16 0.76171875 0.73828125 0.09375 0.05
16 0.70625 0.7203125 0.07265625 0.040625
17 0.5640625 0.3015625 0.05859375 0.06328125
17 0.08984375 0.5578125 0.0796875 0.03828125
18 0.5921875 0.41015625 0.08125 0.03828125
18 0.846875 0.57890625 0.06796875 0.04921875
19 0.81953125 0.8953125 0.06015625 0.0484375
19 0.28125 0.453125 0.05703125 0.05
20 0.55390625 0.028125 0.05703125 0.05
20 0.68203125 0.49609375 0.06328125 0.03515625
21 0.61328125 0.69609375 0.05390625 0.04609375
21 0.53125 0.75078125 0.0734375 0.04140625
22 0.40390625 0.47734375 0.13828125 0.05703125
22 0.5125 0.66640625 0.125 0.05234375