0 0.7515625 0.309375 0.18828125 0.09921875
0 0.6953125 0.76875 0.1953125 0.1171875
1 0.415625 0.8640625 0.20390625 0.190625
1 0.09921875 0.60234375 0.08828125 0.2359375
2 0.225 0.61328125 0.20546875 0.12421875
2 0.2765625 0.42265625 0.08828125 0.178125
3 0.475 0.37890625 0.1734375 0.12109375
3 0.79765625 0.7078125 0.1953125 0.06484375
4 0.73828125 0.3125 0.1046875 0.15703125
4 0.64921875 0.80859375 0.1453125 0.12890625
8 0.834375 0.45390625 0.19296875 0.05234375
8 0.22890625 0.51796875 0.19140625 0.10859375
9 0.56953125 0.659375 0.09921875 0.14140625
9 0.2078125 0.57734375 0.09609375 0.16640625
10 0.8609375 0.56796875 0.090625 0.10703125
10 0.3859375 0.0796875 0.09375 0.13125
11 0.59375 0.41015625 0.12734375 0.0921875
11 0.4828125 0.484375 0.15390625 0.0421875
5 0.81171875 0.65 0.13828125 0.07890625
5 0.34375 0.396875 0.08125 0.1296875
6 0.221875 0.30703125 0.16328125 0.0578125
6 0.46015625 0.4859375 0.11875 0.10703125
7 0.48515625 0.27265625 0.12265625 0.11875
7 0.6734375 0.41875 0.12734375 0.0890625
12 0.63125 0.7859375 0.07109375 0.08359375
12 0.58828125 0.321875 0.0671875 0.09921875
13 0.55859375 0.77421875 0.08515625 0.10703125
13 0.79609375 0.50546875 0.11015625 0.05625
14 0.709375 0.5296875 0.05703125 0.09921875
14 0.56484375 0.5890625 0.11875 0.0625
15 0.48671875 0.4234375 0.07265625 0.0765625
15 0.6671875 0.25390625 0.06171875 0.08359375
16 0.55546875 0.74375 0.11875 0.06640625
16 0.50703125 0.6296875 0.10625 0.03984375
17 0.284375 0.59765625 0.09375 0.0625
17 0.5484375 0.86796875 0.07265625 0.06640625
18 0.28984375 0.2328125 0.1046875 0.04765625
18 0.653125 0.70234375 0.090625 0.04375
19 0.7921875 0.41328125 0.08125 0.04921875
19 0.97890625 0.796875 0.0421875 0.0421875
20 0.55078125 0.434375 0.0546875 0.05546875
20 0.20625 0.425 0.05859375 0.05625
21 0.7453125 0.5671875 0.05859375 0.06640625
21 0.57109375 0.49765625 0.05 0.0609375
22 0.64921875 0.56015625 0.0921875 0.1140625
22 0.86171875 0.89375 0.13828125 0.0609375