0 0.31953125 0.68359375 0.29453125 0.11796875
0 0.19921875 0.4921875 0.13125 0.28046875
1 0.440625 0.87421875 0.18515625 0.146875
1 0.59609375 0.83515625 0.11484375 0.24296875
2 0.36796875 0.91328125 0.209375 0.15234375
2 0.82421875 0.68046875 0.2703125 0.1359375
3 0.28203125 0.3359375 0.2203125 0.078125
3 0.203125 0.4875 0.23125 0.07265625
4 0.584375 0.79375 0.21328125 0.08359375
4 0.37421875 0.609375 0.12578125 0.20859375
8 0.1453125 0.62578125 0.05 0.215625
8 0.53125 0.6 0.12578125 0.19921875
9 0.75625 0.49609375 0.0984375 0.134375
9 0.53671875 0.35703125 0.09296875 0.19921875
10 0.728125 0.3109375 0.06328125 0.19765625
10 0.5359375 0.54375 0.07578125 0.1375
11 0.2953125 0.3375 0.08359375 0.1140625
11 0.79921875 0.853125 0.1609375 0.15546875
5 0.45078125 0.125 0.1796875 0.09453125
5 0.5015625 0.40234375 0.16328125 0.09453125
6 0.30078125 0.14296875 0.1984375 0.0546875
6 0.77578125 0.6 0.1703125 0.0578125
7 0.41171875 0.76484375 0.16875 0.1015625
7 0.1734375 0.653125 0.17578125 0.0671875
12 0.35 0.20078125 0.15546875 0.05078125
12 0.53671875 0.24921875 0.12578125 0.08515625
13 0.48046875 0.90859375 0.1390625 0.07421875
13 0.5515625 0.65 0.140625 0.07578125
14 0.634375 0.534375 0.1203125 0.1046875
14 0.36875 0.25 0.13671875 0.046875
15 0.7 0.83984375 0.06640625 0.11796875
15 0.77890625 0.77734375 0.06484375 0.13046875
16 0.253125 0.7703125 0.11328125 0.08671875
16 0.64921875 0.3625 0.08359375 0.10859375
17 0.3234375 0.4421875 0.10546875 0.0546875
17 0.60859375 0.76640625 0.071875 0.0796875
18 0.8765625 0.725 0.0984375 0.0796875
18 0.63515625 0.39765625 0.059375 0.10703125
19 0.44375 0.3015625 0.0796875 0.0921875
19 0.35 0.58984375 0.06640625 0.078125
20 0.5703125 0.4796875 0.059375 0.06171875
20 0.440625 0.24375 0.059375 0.07421875
21 0.28359375 0.571875 0.0703125 0.04921875
21 0.6890625 0.58359375 0.0484375 0.08359375
22 0.2046875 0.2140625 0.10546875 0.1125
23 0.8640625 0.85078125 0.06875 0.09609375