0 0.425 0.259375 0.1265625 0.203125
0 0.77421875 0.62578125 0.05390625 0.2546875
1 0.7296875 0.37109375 0.234375 0.12890625
1 0.85390625 0.425 0.1484375 0.08515625
2 0.315625 0.7390625 0.2203125 0.07421875
2 0.27890625 0.43984375 0.10234375 0.12421875
3 0.4 0.5546875 0.1703125 0.090625
3 0.52265625 0.22734375 0.1734375 0.11953125
4 0.48828125 0.13984375 0.175 0.08515625
4 0.2875 0.6703125 0.18515625 0.06953125
8 0.5328125 0.86328125 0.0828125 0.17109375
8 0.19296875 0.50703125 0.07265625 0.17265625
9 0.5203125 0.0765625 0.171875 0.059375
9 0.403125 0.4859375 0.1296875 0.1015625
10 0.88671875 0.23125 0.16328125 0.059375
10 0.3578125 0.34140625 0.07890625 0.13671875
11 0.5890625 0.77734375 0.12109375 0.08046875
11 0.703125 0.35859375 0.0484375 0.14375
5 0.39296875 0.8515625 0.0890625 0.1453125
5 0.5578125 0.61328125 0.1265625 0.08359375
6 0.73984375 0.66484375 0.15 0.0546875
6 0.40625 0.61328125 0.07265625 0.1421875
7 0.6609375 0.15625 0.11640625 0.11328125
7 0.159375 0.48046875 0.15625 0.08671875
12 0.2875 0.31875 0.09765625 0.0921875
12 0.73671875 0.13125 0.07890625 0.1046875
13 0.62265625 0.1171875 0.11484375 0.08203125
13 0.86875 0.08828125 0.08046875 0.1015625
14 0.57734375 0.4171875 0.09765625 0.07890625
14 0.7921875 0.28984375 0.11640625 0.053125
15 0.6859375 0.9171875 0.07265625 0.0953125
15 0.61171875 0.32734375 0.06875 0.09375
16 0.4890625 0.36328125 0.09609375 0.06484375
16 0.4796875 0.29375 0.10078125 0.07109375
17 0.1859375 0.31640625 0.0828125 0.07734375
17 0.734375 0.43828125 0.084375 0.053125
18 0.534375 0.66328125 0.05859375 0.07734375
18 0.45390625 0.4 0.0859375 0.0515625
19 0.315625 0.23125 0.065625 0.07578125
19 0.71015625 0.82890625 0.0875 0.0453125
20 0.56328125 0.71171875 0.065625 0.046875
20 0.71796875 0.6078125 0.0484375 0.0609375
21 0.6203125 0.6984375 0.07890625 0.0484375
21 0.7578125 0.325 0.0609375 0.06640625
22 0.67265625 0.690625 0.12265625 0.10625
22 0.52578125 0.496875 0.12265625 0.090625