0 0.15 0.53359375 0.11875 0.20234375
0 0.25859375 0.284375 0.103125 0.1859375
1 0.2265625 0.54453125 0.128125 0.1890625
1 0.13671875 0.30234375 0.0515625 0.2375
2 0.3359375 0.17421875 0.11796875 0.115625
2 0.30234375 0.5484375 0.1109375 0.15390625
3 0.19609375 0.1015625 0.14375 0.0546875
3 0.44609375 0.5078125 0.08828125 0.13046875
4 0.378125 0.55234375 0.1296875 0.0859375
4 0.11953125 0.25546875 0.1140625 0.12734375
8 0.4328125 0.40703125 0.11796875 0.071875
8 0.32109375 0.32265625 0.0390625 0.1640625
9 0.2046875 0.253125 0.05390625 0.15859375
9 0.26953125 0.2671875 0.1171875 0.0828125
10 0.42421875 0.66875 0.0984375 0.08671875
10 0.06484375 0.45625 0.090625 0.103125
11 0.60078125 0.87421875 0.11171875 0.06640625
11 0.12890625 0.353125 0.11328125 0.04921875
5 0.5046875 0.30625 0.1015625 0.075
5 0.421875 0.1671875 0.09296875 0.08125
6 0.37265625 0.52421875 0.0359375 0.146875
6 0.2546875 0.2484375 0.0265625 0.1546875
7 0.440625 0.34609375 0.10390625 0.0390625
7 0.190625 0.10234375 0.0703125 0.12109375
12 0.5296875 0.6625 0.03359375 0.1234375
12 0.26015625 0.24765625 0.07109375 0.08828125
13 0.36015625 0.3609375 0.0515625 0.08828125
13 0.90546875 0.740625 0.046875 0.125
14 0.33828125 0.46328125 0.0359375 0.09765625
14 0.21953125 0.44765625 0.0546875 0.06640625
15 0.221875 0.59609375 0.04375 0.084375
15 0.22421875 0.52109375 0.07109375 0.04765625
16 0.328125 0.24140625 0.0671875 0.04765625
16 0.3625 0.31953125 0.040625 0.07890625
17 0.8875 0.52421875 0.034375 0.0953125
17 0.1890625 0.296875 0.034375 0.08046875
18 0.5703125 0.5796875 0.046875 0.06953125
18 0.49609375 0.465625 0.03359375 0.08046875
19 0.49921875 0.5375 0.04296875 0.075
19 0.32421875 0.18671875 0.05390625 0.04453125
20 0.1875 0.4296875 0.04375 0.03828125
20 0.7125 0.9671875 0.04375 0.06015625
21 0.27265625 0.35 0.03671875 0.0640625
21 0.40703125 0.82890625 0.0515625 0.05703125
22 0.9421875 0.86171875 0.04921875 0.16953125
23 0.35390625 0.38828125 0.03046875 0.04921875