0 0.109375 0.10703125 0.15859375 0.1875
0 0.6671875 0.55390625 0.1015625 0.1109375
1 0.3234375 0.3015625 0.190625 0.0828125
1 0.3046875 0.628125 0.17421875 0.1484375
2 0.90546875 0.90703125 0.13828125 0.0828125
2 0.75 0.55390625 0.08515625 0.115625
3 0.48359375 0.78046875 0.109375 0.08203125
3 0.50234375 0.72578125 0.16484375 0.11328125
4 0.55078125 0.246875 0.178125 0.06875
4 0.54609375 0.43984375 0.18125 0.03515625
8 0.3484375 0.49140625 0.09453125 0.128125
8 0.8109375 0.44765625 0.13515625 0.06171875
9 0.76953125 0.91484375 0.16328125 0.08671875
9 0.7765625 0.4828125 0.15 0.04375
10 0.76015625 0.615625 0.08984375 0.0828125
10 0.3328125 0.40078125 0.1078125 0.10078125
11 0.55390625 0.828125 0.16328125 0.04765625
11 0.29609375 0.64609375 0.109375 0.10546875
5 0.56015625 0.5703125 0.05234375 0.11328125
5 0.0875 0.3703125 0.04921875 0.13203125
6 0.19453125 0.4953125 0.10078125 0.1109375
6 0.83046875 0.84453125 0.14375 0.05625
7 0.60859375 0.37734375 0.1140625 0.06875
7 0.6578125 0.28359375 0.140625 0.04140625
12 0.559375 0.4875 0.1078125 0.06796875
12 0.1234375 0.2234375 0.0796875 0.09296875
13 0.61171875 0.56171875 0.05703125 0.0953125
13 0.70703125 0.54375 0.09140625 0.0578125
14 0.28671875 0.4890625 0.05078125 0.09140625
14 0.32890625 0.27109375 0.103125 0.04140625
15 0.51171875 0.34296875 0.10625 0.03984375
15 0.640625 0.61875 0.1125 0.04609375
16 0.44453125 0.6453125 0.10078125 0.071875
16 0.440625 0.3015625 0.065625 0.053125
17 0.40703125 0.4171875 0.06171875 0.0703125
17 0.46484375 0.4828125 0.08671875 0.06171875
18 0.4828125 0.3890625 0.04765625 0.06875
18 0.2765625 0.66875 0.0796875 0.06171875
19 0.20390625 0.39296875 0.08125 0.04609375
19 0.6515625 0.4671875 0.04921875 0.053125
20 0.40078125 0.2015625 0.06484375 0.0390625
20 0.446875 0.38828125 0.05390625 0.0375
21 0.5203125 0.57890625 0.05078125 0.06796875
21 0.13203125 0.171875 0.065625 0.04296875
22 0.7578125 0.86484375 0.15703125 0.06171875
23 0.48125 0.23125 0.05703125 0.04296875