0 0.6734375 0.8046875 0.15 0.1359375
0 0.2234375 0.47734375 0.16796875 0.06640625
1 0.39609375 0.315625 0.109375 0.1484375
1 0.41484375 0.6390625 0.14296875 0.10078125
2 0.4875 0.06953125 0.1359375 0.084375
2 0.13125 0.23125 0.1046875 0.13046875
3 0.31875 0.42890625 0.11796875 0.078125
3 0.52578125 0.8515625 0.12890625 0.05
4 0.2125 0.525 0.07890625 0.11953125
4 0.65 0.08046875 0.125 0.04765625
8 0.4859375 0.28984375 0.0859375 0.11171875
8 0.18828125 0.33671875 0.10234375 0.1015625
9 0.6109375 0.56953125 0.09921875 0.08515625
9 0.71875 0.47890625 0.10234375 0.0640625
10 0.3296875 0.0734375 0.08671875 0.08671875
10 0.83203125 0.48828125 0.0859375 0.0828125
11 0.69375 0.54765625 0.071875 0.09453125
11 0.63203125 0.7375 0.06171875 0.1046875
5 0.78046875 0.43046875 0.090625 0.04921875
5 0.3703125 0.57890625 0.04375 0.1015625
6 0.53515625 0.69765625 0.08359375 0.08203125
6 0.70546875 0.56640625 0.0953125 0.065625
7 0.66796875 0.17734375 0.04921875 0.0984375
7 0.43125 0.6109375 0.05859375 0.096875
12 0.3921875 0.73515625 0.04765625 0.07890625
12 0.684375 0.31875 0.05390625 0.08203125
13 0.63125 0.21328125 0.06796875 0.059375
13 0.78671875 0.60703125 0.05234375 0.08203125
14 0.865625 0.26875 0.0609375 0.06953125
14 0.6078125 0.63828125 0.0359375 0.084375
15 0.45859375 0.25 0.065625 0.0578125
15 0.1703125 0.4390625 0.06640625 0.053125
16 0.7515625 0.25078125 0.0515625 0.07421875
16 0.6859375 0.85 0.0609375 0.07265625
17 0.7796875 0.67578125 0.05703125 0.06328125
17 0.7140625 0.26875 0.04765625 0.06171875
18 0.16015625 0.40234375 0.05625 0.0453125
18 0.86640625 0.3359375 0.0359375 0.06015625
19 0.2703125 0.6046875 0.04140625 0.05625
19 0.43671875 0.7296875 0.03203125 0.053125
20 0.8203125 0.3140625 0.04375 0.04140625
20 0.646875 0.66953125 0.0359375 0.046875
21 0.6875 0.4234375 0.04140625 0.0515625
21 0.37578125 0.4984375 0.05625 0.04296875
22 0.59921875 0.94453125 0.10390625 0.08828125
22 0.484375 0.74921875 0.0609375 0.09921875