0 0.16796875 0.2828125 0.2203125 0.21875
0 0.2328125 0.72421875 0.14375 0.21640625
1 0.77421875 0.79296875 0.21875 0.1984375
1 0.50703125 0.21875 0.13984375 0.26875
2 0.52421875 0.37890625 0.22265625 0.075
2 0.5296875 0.52109375 0.184375 0.1609375
3 0.69375 0.3171875 0.20703125 0.11953125
3 0.90859375 0.7328125 0.11953125 0.21171875
4 0.796875 0.66171875 0.178125 0.15
4 0.92109375 0.7421875 0.12109375 0.20703125
8 0.6640625 0.26171875 0.196875 0.07265625
8 0.13984375 0.4671875 0.0890625 0.1828125
9 0.29375 0.584375 0.1125 0.15703125
9 0.7890625 0.553125 0.053125 0.1828125
10 0.35390625 0.6265625 0.15 0.12109375
10 0.6546875 0.6875 0.1296875 0.1265625
11 0.671875 0.78046875 0.06640625 0.14375
11 0.6359375 0.13515625 0.06328125 0.159375
5 0.27109375 0.31953125 0.17109375 0.0453125
5 0.2828125 0.53671875 0.11328125 0.12109375
6 0.440625 0.17734375 0.11328125 0.1421875
6 0.190625 0.8171875 0.07890625 0.15
7 0.21640625 0.4390625 0.15390625 0.09375
7 0.81640625 0.55390625 0.159375 0.0578125
12 0.67421875 0.08515625 0.08203125 0.125
12 0.65625 0.62578125 0.1265625 0.06953125
13 0.66484375 0.89765625 0.06328125 0.12734375
13 0.14296875 0.715625 0.04765625 0.134375
14 0.5484375 0.6078125 0.09765625 0.10234375
14 0.73203125 0.93125 0.071875 0.11171875
15 0.7703125 0.89375 0.053125 0.10703125
15 0.75 0.16875 0.11796875 0.06953125
16 0.46171875 0.46640625 0.0578125 0.10078125
16 0.33828125 0.46484375 0.10625 0.07890625
17 0.76328125 0.45234375 0.0734375 0.0859375
17 0.09921875 0.48359375 0.10625 0.05
18 0.8359375 0.465625 0.0578125 0.0859375
18 0.52578125 0.40625 0.07890625 0.0578125
19 0.57265625 0.434375 0.08671875 0.0546875
19 0.75625 0.2078125 0.0875 0.07265625
20 0.9046875 0.61640625 0.0515625 0.0734375
20 0.56171875 0.53828125 0.04453125 0.06171875
21 0.21796875 0.54375 0.05 0.08046875
21 0.33125 0.41171875 0.06875 0.0359375
22 0.8171875 0.80390625 0.12109375 0.15546875
23 0.06328125 0.42265625 0.0578125 0.08046875