0 0.60703125 0.6015625 0.16171875 0.08671875
0 0.0953125 0.4125 0.10546875 0.1609375
1 0.3984375 0.5125 0.0671875 0.20703125
1 0.3109375 0.47109375 0.11953125 0.1515625
2 0.128125 0.54921875 0.03515625 0.2609375
2 0.35625 0.16328125 0.09609375 0.11484375
3 0.6671875 0.6140625 0.0875 0.19609375
3 0.284375 0.35546875 0.03828125 0.23046875
4 0.959375 0.4875 0.0375 0.234375
4 0.3296875 0.66328125 0.10859375 0.07109375
8 0.07109375 0.57578125 0.10703125 0.09609375
8 0.190625 0.6546875 0.0890625 0.16484375
9 0.06875 0.63046875 0.1015625 0.0515625
9 0.21484375 0.67265625 0.06796875 0.16328125
10 0.575 0.88515625 0.0890625 0.12265625
10 0.15859375 0.50703125 0.04609375 0.1765625
11 0.4640625 0.4734375 0.0890625 0.06328125
11 0.425 0.375 0.08203125 0.12109375
5 0.2359375 0.34609375 0.07421875 0.1171875
5 0.2140625 0.31640625 0.0828125 0.09609375
6 0.21171875 0.234375 0.0625 0.1109375
6 0.14140625 0.69453125 0.065625 0.15703125
7 0.628125 0.79296875 0.07734375 0.1078125
7 0.41015625 0.3671875 0.0578125 0.1515625
12 0.15 0.34375 0.05546875 0.11875
12 0.396875 0.54921875 0.0546875 0.1109375
13 0.20546875 0.56640625 0.05234375 0.1109375
13 0.853125 0.67109375 0.0671875 0.10546875
14 0.6484375 0.70703125 0.0296875 0.13984375
14 0.078125 0.73203125 0.0640625 0.07890625
15 0.3171875 0.584375 0.040625 0.08671875
15 0.82421875 0.8234375 0.06015625 0.084375
16 0.584375 0.4125 0.0671875 0.0578125
16 0.68984375 0.08359375 0.0609375 0.075
17 0.3671875 0.6125 0.0484375 0.06171875
17 0.43203125 0.196875 0.05078125 0.075
18 0.2421875 0.44453125 0.04609375 0.059375
18 0.4 0.49609375 0.04140625 0.075
19 0.25234375 0.478125 0.046875 0.06171875
19 0.4453125 0.22734375 0.04609375 0.0671875
20 0.94375 0.78203125 0.034375 0.08984375
20 0.14765625 0.77421875 0.0453125 0.05546875
21 0.20625 0.496875 0.034375 0.0921875
21 0.2484375 0.25078125 0.03984375 0.06328125
22 0.225 0.41171875 0.08359375 0.125
23 0.40859375 0.634375 0.03203125 0.07890625
23 0.771875 0.36640625 0.04609375 0.0578125