0 0.621875 0.27578125 0.11640625 0.20703125
0 0.42890625 0.41484375 0.16015625 0.14609375
1 0.8875 0.1109375 0.18671875 0.12421875
1 0.5828125 0.5265625 0.14453125 0.159375
2 0.83359375 0.2546875 0.125 0.12734375
2 0.58984375 0.6609375 0.0828125 0.14765625
3 0.24765625 0.90859375 0.10625 0.12734375
3 0.20859375 0.85703125 0.05859375 0.14296875
4 0.25234375 0.278125 0.0984375 0.1375
4 0.75625 0.065625 0.11640625 0.0953125
8 0.3953125 0.80078125 0.1609375 0.05625
8 0.73359375 0.49140625 0.078125 0.1109375
9 0.51796875 0.196875 0.12265625 0.10078125
9 0.26953125 0.809375 0.071875 0.12109375
10 0.77890625 0.5234375 0.1203125 0.07265625
10 0.35078125 0.52734375 0.12890625 0.05
11 0.43125 0.640625 0.11484375 0.06484375
11 0.6359375 0.2140625 0.11796875 0.071875
5 0.32421875 0.8734375 0.09296875 0.096875
5 0.51171875 0.6609375 0.0640625 0.0984375
6 0.61875 0.11015625 0.08671875 0.10703125
6 0.846875 0.26953125 0.1109375 0.0671875
7 0.2921875 0.36484375 0.0859375 0.0953125
7 0.82734375 0.16640625 0.08671875 0.08984375
12 0.4421875 0.22734375 0.0484375 0.09609375
12 0.459375 0.5734375 0.0765625 0.071875
13 0.95234375 0.08203125 0.05078125 0.090625
13 0.546875 0.42734375 0.090625 0.06640625
14 0.52421875 0.51796875 0.0765625 0.0546875
14 0.90859375 0.0890625 0.04765625 0.084375
15 0.41484375 0.75625 0.0828125 0.04609375
15 0.41796875 0.69453125 0.08984375 0.06171875
16 0.50078125 0.15546875 0.08828125 0.05
16 0.646875 0.53984375 0.0640625 0.06640625
17 0.25859375 0.53046875 0.0578125 0.06328125
17 0.34765625 0.41328125 0.04375 0.06015625
18 0.54765625 0.49765625 0.05625 0.0546875
18 0.79765625 0.425 0.071875 0.053125
19 0.3734375 0.66484375 0.04375 0.0578125
19 0.8703125 0.16328125 0.06015625 0.053125
20 0.87890625 0.04921875 0.0421875 0.046875
20 0.8671875 0.36328125 0.071875 0.04921875
21 0.70234375 0.2609375 0.05078125 0.053125
21 0.3328125 0.6796875 0.040625 0.05
22 0.4203125 0.37890625 0.09609375 0.0921875
22 0.09140625 0.4796875 0.12109375 0.08515625