0 0.784375 0.63515625 0.2578125 0.24140625
0 0.26015625 0.58515625 0.14375 0.2265625
1 0.40625 0.39140625 0.26484375 0.19609375
1 0.78125 0.43125 0.26328125 0.1234375
2 0.83515625 0.74609375 0.1703125 0.24296875
2 0.63359375 0.26015625 0.1015625 0.20546875
3 0.77109375 0.2765625 0.25078125 0.1
3 0.0890625 0.35234375 0.10859375 0.25859375
4 0.34453125 0.4578125 0.178125 0.1734375
4 0.528125 0.1421875 0.12734375 0.10859375
8 0.1875 0.69375 0.190625 0.18359375
8 0.73984375 0.27734375 0.2015625 0.1015625
9 0.65859375 0.8625 0.178125 0.1109375
9 0.15625 0.42109375 0.08359375 0.19609375
10 0.37734375 0.18671875 0.08359375 0.15546875
10 0.5921875 0.74453125 0.08515625 0.15390625
11 0.2796875 0.66484375 0.09453125 0.1625
11 0.3796875 0.36171875 0.0875 0.16640625
5 0.5546875 0.30390625 0.06328125 0.16796875
5 0.3609375 0.5953125 0.0765625 0.16953125
6 0.10234375 0.59609375 0.1140625 0.15390625
6 0.396875 0.6953125 0.07109375 0.1484375
7 0.5046875 0.89140625 0.065625 0.18203125
7 0.29375 0.13203125 0.14140625 0.15
12 0.44765625 0.2578125 0.12890625 0.08046875
12 0.62890625 0.4859375 0.05625 0.1390625
13 0.46640625 0.5453125 0.13828125 0.09453125
13 0.78671875 0.60859375 0.17265625 0.05
14 0.234375 0.42578125 0.05078125 0.14140625
14 0.53359375 0.57890625 0.11953125 0.09609375
15 0.83125 0.48671875 0.13046875 0.05546875
15 0.56796875 0.65625 0.1234375 0.0484375
16 0.6921875 0.79453125 0.125 0.0859375
16 0.84140625 0.35703125 0.125 0.05703125
17 0.5875 0.3984375 0.09609375 0.07890625
17 0.403125 0.8796875 0.0875 0.1015625
18 0.2578125 0.27109375 0.10859375 0.05390625
18 0.3578125 0.43125 0.0765625 0.0734375
19 0.48203125 0.3640625 0.07109375 0.0859375
19 0.65234375 0.63671875 0.08203125 0.06953125
20 0.49296875 0.78125 0.08515625 0.05546875
20 0.4484375 0.41640625 0.06171875 0.05390625
21 0.8234375 0.66953125 0.078125 0.07109375
21 0.56796875 0.73671875 0.046875 0.09140625
22 0.72109375 0.51484375 0.11796875 0.16953125
23 0.7421875 0.5703125 0.065625 0.0625