0 0.3125 0.8734375 0.20546875 0.17265625
0 0.39375 0.4953125 0.09375 0.36328125
1 0.11484375 0.5359375 0.18984375 0.18046875
1 0.153125 0.28515625 0.13125 0.34140625
2 0.29765625 0.7421875 0.09375 0.2671875
2 0.8546875 0.3296875 0.1375 0.2328125
3 0.32890625 0.128125 0.25546875 0.14453125
3 0.7875 0.7921875 0.2640625 0.10234375
4 0.4625 0.7 0.109375 0.18671875
4 0.87890625 0.65625 0.14609375 0.18046875
8 0.57421875 0.4375 0.13984375 0.1609375
8 0.63515625 0.83828125 0.09140625 0.24296875
9 0.45625 0.27578125 0.10078125 0.22265625
9 0.7171875 0.29296875 0.1328125 0.2171875
10 0.890625 0.578125 0.0609375 0.20859375
10 0.2171875 0.6203125 0.0984375 0.2046875
11 0.403125 0.74921875 0.1546875 0.1484375
11 0.63125 0.75 0.18359375 0.10625
5 0.28828125 0.409375 0.09140625 0.16875
5 0.778125 0.38515625 0.1203125 0.19296875
6 0.49921875 0.1265625 0.08984375 0.1765625
6 0.340625 0.1859375 0.1484375 0.1625
7 0.2671875 0.3015625 0.203125 0.0921875
7 0.72890625 0.47421875 0.153125 0.140625
12 0.615625 0.26640625 0.0875 0.146875
12 0.54921875 0.4640625 0.15078125 0.11640625
13 0.14375 0.715625 0.06953125 0.17890625
13 0.765625 0.38671875 0.10234375 0.13828125
14 0.08984375 0.5703125 0.153125 0.0765625
14 0.359375 0.17734375 0.16796875 0.06640625
15 0.3 0.5984375 0.10703125 0.10859375
15 0.459375 0.41328125 0.10234375 0.12421875
16 0.6703125 0.60625 0.065625 0.14453125
16 0.2828125 0.36484375 0.1421875 0.07421875
17 0.653125 0.31015625 0.0828125 0.11875
17 0.24765625 0.6890625 0.0546875 0.1125
18 0.35390625 0.52734375 0.0828125 0.10234375
18 0.72265625 0.5921875 0.05703125 0.11640625
19 0.61796875 0.58125 0.06953125 0.10234375
19 0.76328125 0.6859375 0.06328125 0.10625
20 0.22734375 0.4234375 0.109375 0.05234375
20 0.525 0.3234375 0.115625 0.05625
21 0.54765625 0.1078125 0.065625 0.0984375
21 0.5328125 0.590625 0.109375 0.08046875
22 0.634375 0.13515625 0.16796875 0.11015625
23 0.55234375 0.6703125 0.07890625 0.09609375