0 0.64921875 0.29765625 0.0703125 0.16640625
0 0.63984375 0.84921875 0.15 0.0734375
1 0.06796875 0.57890625 0.11640625 0.17578125
1 0.5109375 0.73203125 0.06875 0.2515625
2 0.57109375 0.57421875 0.04140625 0.22109375
2 0.653125 0.7578125 0.1203125 0.1171875
3 0.67578125 0.3640625 0.06875 0.1484375
3 0.24609375 0.76484375 0.1046875 0.0765625
4 0.86484375 0.63515625 0.090625 0.121875
4 0.44140625 0.825 0.0765625 0.18046875
8 0.2671875 0.7703125 0.04140625 0.184375
8 0.6609375 0.721875 0.07890625 0.16015625
9 0.8015625 0.63515625 0.0640625 0.15078125
9 0.7140625 0.671875 0.06953125 0.121875
10 0.54296875 0.9375 0.08828125 0.0578125
10 0.74765625 0.1109375 0.0921875 0.11015625
11 0.65078125 0.90703125 0.07890625 0.0796875
11 0.53828125 0.63359375 0.0296875 0.15390625
5 0.153125 0.62734375 0.075 0.1375
5 0.7 0.065625 0.0921875 0.0734375
6 0.82421875 0.80546875 0.08203125 0.1328125
6 0.61640625 0.51015625 0.04765625 0.125
7 0.94765625 0.31796875 0.09375 0.11015625
7 0.77265625 0.81875 0.090625 0.05625
12 0.9234375 0.68984375 0.034375 0.13125
12 0.32421875 0.73203125 0.0625 0.09765625
13 0.24140625 0.56875 0.06796875 0.08515625
13 0.56171875 0.56171875 0.025 0.125
14 0.60078125 0.40625 0.06015625 0.08984375
14 0.64375 0.47890625 0.04765625 0.1171875
15 0.24140625 0.62265625 0.05546875 0.0671875
15 0.67109375 0.7703125 0.0515625 0.08125
16 0.62109375 0.63828125 0.040625 0.10234375
16 0.58828125 0.6640625 0.03125 0.10234375
17 0.16640625 0.51171875 0.05703125 0.0546875
17 0.76796875 0.1140625 0.04296875 0.10390625
18 0.76484375 0.67265625 0.0421875 0.075
18 0.39453125 0.4125 0.0515625 0.0765625
19 0.228125 0.71015625 0.04375 0.0734375
19 0.44921875 0.78671875 0.03828125 0.08515625
20 0.184375 0.7859375 0.0265625 0.0734375
20 0.44453125 0.65859375 0.03203125 0.06875
21 0.64296875 0.821875 0.0390625 0.04296875
21 0.60390625 0.5875 0.040625 0.04765625
22 0.5140625 0.52421875 0.08828125 0.065625
22 0.484375 0.846875 0.0375 0.1453125