0 0.4109375 0.85 0.065625 0.23828125
0 0.17265625 0.27578125 0.1015625 0.184375
1 0.2375 0.465625 0.1578125 0.08671875
1 0.54765625 0.75625 0.15703125 0.1125
2 0.13515625 0.38984375 0.1203125 0.1125
2 0.246875 0.5390625 0.04296875 0.1921875
3 0.40859375 0.18046875 0.11484375 0.078125
3 0.35390625 0.246875 0.06796875 0.18046875
4 0.33515625 0.46796875 0.11171875 0.090625
4 0.28515625 0.66171875 0.0984375 0.12421875
8 0.5046875 0.65390625 0.0921875 0.11953125
8 0.24140625 0.66015625 0.0984375 0.08671875
9 0.1375 0.28046875 0.096875 0.06953125
9 0.31640625 0.77421875 0.1 0.04921875
10 0.34296875 0.84921875 0.071875 0.10390625
10 0.4390625 0.8015625 0.078125 0.1171875
11 0.56015625 0.46484375 0.05625 0.115625
11 0.44296875 0.8234375 0.0796875 0.06953125
5 0.23125 0.4640625 0.03046875 0.14140625
5 0.934375 0.14375 0.0421875 0.16171875
6 0.41953125 0.57421875 0.08046875 0.0953125
6 0.559375 0.496875 0.05859375 0.14453125
7 0.375 0.6828125 0.08359375 0.071875
7 0.5921875 0.66171875 0.040625 0.14453125
12 0.559375 0.59453125 0.059375 0.08203125
12 0.509375 0.31328125 0.078125 0.06796875
13 0.515625 0.61640625 0.034375 0.1125
13 0.13515625 0.48203125 0.05546875 0.075
14 0.03671875 0.4625 0.0640625 0.0765625
14 0.18203125 0.42109375 0.06484375 0.0578125
15 0.2890625 0.7109375 0.05859375 0.04921875
15 0.27109375 0.43046875 0.0578125 0.05625
16 0.6203125 0.53515625 0.03046875 0.10546875
16 0.49453125 0.15703125 0.0671875 0.06796875
17 0.20078125 0.31015625 0.05625 0.05078125
17 0.29921875 0.39609375 0.0546875 0.04921875
18 0.53984375 0.64921875 0.03515625 0.06796875
18 0.421875 0.45625 0.0515625 0.0546875
19 0.49765625 0.8765625 0.0515625 0.04921875
19 0.14140625 0.59296875 0.03671875 0.071875
20 0.28046875 0.85546875 0.03046875 0.06796875
20 0.27734375 0.596875 0.03828125 0.04609375
21 0.1390625 0.36484375 0.03515625 0.06171875
21 0.1125 0.5125 0.03515625 0.0578125
22 0.30859375 0.859375 0.065625 0.12421875
23 0.27265625 0.52734375 0.025 0.04609375