0 0.390625 0.4125 0.10546875 0.12109375
0 0.17109375 0.5578125 0.0953125 0.1734375
1 0.34453125 0.63203125 0.13203125 0.05546875
1 0.53671875 0.49140625 0.07890625 0.0921875
2 0.0765625 0.234375 0.06875 0.1453125
2 0.5796875 0.39609375 0.09921875 0.10234375
3 0.28046875 0.5421875 0.08984375 0.08359375
3 0.03828125 0.1015625 0.04375 0.1578125
4 0.53515625 0.65078125 0.09609375 0.07734375
4 0.16484375 0.6171875 0.04296875 0.1609375
8 0.22734375 0.765625 0.10078125 0.04453125
8 0.234375 0.0703125 0.0703125 0.1046875
9 0.1609375 0.3 0.0859375 0.04296875
9 0.10859375 0.15703125 0.08203125 0.071875
10 0.62109375 0.640625 0.0828125 0.07734375
10 0.2921875 0.6015625 0.06875 0.05078125
11 0.334375 0.2140625 0.07265625 0.059375
11 0.4765625 0.54921875 0.071875 0.06171875
5 0.103125 0.209375 0.0796875 0.05703125
5 0.60703125 0.51328125 0.02578125 0.11875
6 0.38203125 0.5609375 0.07265625 0.08828125
6 0.3375 0.34140625 0.06171875 0.09140625
7 0.49609375 0.42734375 0.06796875 0.06328125
7 0.8046875 0.33828125 0.06875 0.08984375
12 0.5109375 0.69375 0.06328125 0.0546875
12 0.39296875 0.49140625 0.05859375 0.05546875
13 0.2578125 0.33046875 0.04765625 0.0921875
13 0.84140625 0.9140625 0.05859375 0.0859375
14 0.203125 0.26640625 0.0515625 0.06328125
14 0.46171875 0.66875 0.0296875 0.09609375
15 0.48203125 0.39921875 0.03828125 0.06953125
15 0.309375 0.4078125 0.053125 0.06484375
16 0.58515625 0.48203125 0.028125 0.084375
16 0.465625 0.5015625 0.0421875 0.0734375
17 0.36796875 0.37265625 0.02734375 0.07109375
17 0.9546875 0.93984375 0.05703125 0.05703125
18 0.2671875 0.4953125 0.0265625 0.06484375
18 0.11953125 0.10703125 0.034375 0.059375
19 0.4359375 0.33203125 0.03671875 0.059375
19 0.42734375 0.459375 0.0390625 0.059375
20 0.23359375 0.11875 0.03828125 0.040625
20 0.47734375 0.73671875 0.0421875 0.03828125
21 0.1578125 0.134375 0.04140625 0.03671875
21 0.45390625 0.4453125 0.03046875 0.04765625
22 0.16328125 0.07109375 0.0765625 0.0671875
22 0.19765625 0.4390625 0.0296875 0.125