0 0.6953125 0.24765625 0.1890625 0.165625
0 0.41796875 0.64375 0.1078125 0.20546875
1 0.153125 0.3625 0.153125 0.2515625
1 0.70546875 0.88359375 0.17734375 0.13046875
2 0.5609375 0.75703125 0.25 0.0984375
2 0.66640625 0.084375 0.14453125 0.0921875
3 0.484375 0.8765625 0.0796875 0.20546875
3 0.415625 0.17109375 0.12890625 0.134375
4 0.27578125 0.17734375 0.10546875 0.19140625
4 0.328125 0.60546875 0.13671875 0.0828125
8 0.61015625 0.84921875 0.2 0.12734375
8 0.44140625 0.08515625 0.27421875 0.06015625
9 0.59921875 0.3421875 0.090625 0.1140625
9 0.58828125 0.8796875 0.10546875 0.15546875
10 0.66484375 0.6796875 0.1421875 0.1328125
10 0.48515625 0.5234375 0.1234375 0.0640625
11 0.890625 0.58046875 0.090625 0.1328125
11 0.6703125 0.4078125 0.10234375 0.1359375
5 0.16875 0.8375 0.11953125 0.1390625
5 0.73984375 0.59296875 0.1875 0.0859375
6 0.36328125 0.71640625 0.12109375 0.1484375
6 0.70078125 0.6546875 0.17734375 0.1171875
7 0.21171875 0.17421875 0.1109375 0.14296875
7 0.19140625 0.771875 0.11484375 0.08203125
12 0.61953125 0.54609375 0.08515625 0.11171875
12 0.7171875 0.503125 0.153125 0.05703125
13 0.753125 0.503125 0.14765625 0.0734375
13 0.8 0.41640625 0.11640625 0.1140625
14 0.4140625 0.1328125 0.1890625 0.046875
14 0.76640625 0.67578125 0.19765625 0.04140625
15 0.7828125 0.48828125 0.059375 0.09921875
15 0.1390625 0.859375 0.06796875 0.08203125
16 0.78671875 0.5984375 0.0625 0.1109375
16 0.83671875 0.55625 0.0484375 0.11171875
17 0.55859375 0.496875 0.046875 0.0859375
17 0.6296875 0.1640625 0.07265625 0.0890625
18 0.73828125 0.4359375 0.0484375 0.0796875
18 0.88203125 0.49765625 0.0796875 0.07578125
19 0.51171875 0.58203125 0.08203125 0.0546875
19 0.71640625 0.59921875 0.0609375 0.075
20 0.72578125 0.36640625 0.0484375 0.053125
20 0.68984375 0.3 0.075 0.053125
21 0.6140625 0.41875 0.08984375 0.04375
21 0.53125 0.0578125 0.08828125 0.0421875
22 0.5484375 0.64453125 0.090625 0.10390625
22 0.815625 0.353125 0.16484375 0.1453125