0 0.08984375 0.2359375 0.12421875 0.134375
0 0.340625 0.8203125 0.1453125 0.2015625
1 0.58984375 0.7203125 0.20234375 0.12578125
1 0.61484375 0.57421875 0.2046875 0.075
2 0.540625 0.41328125 0.15703125 0.08984375
2 0.09140625 0.08984375 0.12421875 0.1671875
3 0.1890625 0.5015625 0.13984375 0.13359375
3 0.20078125 0.853125 0.1296875 0.109375
4 0.8546875 0.6109375 0.15859375 0.14296875
4 0.37890625 0.7109375 0.11640625 0.12265625
8 0.503125 0.8015625 0.10546875 0.14921875
8 0.290625 0.53828125 0.06875 0.17734375
9 0.87421875 0.58671875 0.1453125 0.1140625
9 0.70859375 0.89609375 0.18125 0.11171875
10 0.28046875 0.42578125 0.1390625 0.103125
10 0.490625 0.875 0.1515625 0.05078125
11 0.6203125 0.49296875 0.11484375 0.1140625
11 0.62265625 0.6609375 0.0515625 0.1453125
5 0.56328125 0.575 0.1015625 0.103125
5 0.21953125 0.49765625 0.121875 0.07421875
6 0.07734375 0.45078125 0.06484375 0.15
6 0.1203125 0.57734375 0.07421875 0.08828125
7 0.43828125 0.646875 0.10859375 0.1171875
7 0.93828125 0.93671875 0.08046875 0.0765625
12 0.13359375 0.7734375 0.07421875 0.09921875
12 0.13046875 0.678125 0.08203125 0.11015625
13 0.565625 0.8 0.04765625 0.1140625
13 0.24765625 0.80625 0.0515625 0.11640625
14 0.22265625 0.67890625 0.1203125 0.0609375
14 0.403125 0.3875 0.1296875 0.04765625
15 0.5 0.5140625 0.0671875 0.07734375
15 0.15546875 0.278125 0.1046875 0.090625
16 0.7421875 0.54296875 0.084375 0.07734375
16 0.10546875 0.50390625 0.05 0.09296875
17 0.13671875 0.08125 0.1015625 0.0390625
17 0.203125 0.4078125 0.084375 0.06875
18 0.378125 0.72734375 0.05546875 0.065625
18 0.21484375 0.49140625 0.05390625 0.0765625
19 0.259375 0.3578125 0.05390625 0.071875
19 0.4125 0.34765625 0.07109375 0.05078125
20 0.48359375 0.5765625 0.07109375 0.04453125
20 0.54453125 0.73203125 0.07421875 0.04375
21 0.3734375 0.35703125 0.06484375 0.059375
21 0.4359375 0.7921875 0.06328125 0.059375
22 0.821875 0.653125 0.0765625 0.12578125
22 0.4578125 0.84453125 0.1515625 0.05078125