0 0.31328125 0.2203125 0.14765625 0.13125
0 0.90234375 0.25703125 0.1359375 0.14296875
1 0.49375 0.89375 0.06171875 0.13828125
1 0.40078125 0.51171875 0.1140625 0.12109375
2 0.625 0.93671875 0.08125 0.12421875
2 0.43984375 0.665625 0.08359375 0.096875
3 0.4375 0.2546875 0.0546875 0.12578125
3 0.33359375 0.12734375 0.05 0.1203125
4 0.5171875 0.215625 0.0328125 0.1328125
4 0.53046875 0.871875 0.07109375 0.1046875
8 0.4328125 0.53828125 0.0828125 0.06796875
8 0.4671875 0.5453125 0.09921875 0.0578125
9 0.41953125 0.35390625 0.05625 0.10078125
9 0.94609375 0.346875 0.090625 0.0796875
10 0.03359375 0.32578125 0.034375 0.1046875
10 0.84453125 0.25703125 0.078125 0.04765625
11 0.48984375 0.66640625 0.0984375 0.03359375
11 0.34609375 0.2984375 0.0453125 0.08671875
5 0.7109375 0.83046875 0.07265625 0.075
5 0.584375 0.8375 0.090625 0.0546875
6 0.06640625 0.42109375 0.05390625 0.09609375
6 0.48671875 0.5953125 0.08359375 0.0484375
7 0.49921875 0.784375 0.075 0.05078125
7 0.4359375 0.56875 0.03046875 0.0875
12 0.60390625 0.2 0.05390625 0.075
12 0.465625 0.7515625 0.05703125 0.075
13 0.36953125 0.21484375 0.06640625 0.040625
13 0.9140625 0.24140625 0.03984375 0.071875
14 0.36953125 0.64609375 0.06484375 0.04453125
14 0.3875 0.18046875 0.05078125 0.071875
15 0.31796875 0.18046875 0.04375 0.059375
15 0.47421875 0.584375 0.06015625 0.03046875
16 0.3453125 0.50625 0.05390625 0.059375
16 0.20078125 0.07890625 0.046875 0.06640625
17 0.2828125 0.05078125 0.04375 0.06171875
17 0.46171875 0.2203125 0.0546875 0.03046875
18 0.6234375 0.253125 0.05078125 0.03203125
18 0.47578125 0.915625 0.05 0.0359375
19 0.42109375 0.87421875 0.03203125 0.05546875
19 0.3921875 0.5375 0.0359375 0.0453125
20 0.40234375 0.45078125 0.0375 0.03515625
20 0.5375 0.83828125 0.028125 0.03828125
21 0.584375 0.87734375 0.0484375 0.03125
21 0.47578125 0.30234375 0.02578125 0.04609375
22 0.403125 0.39140625 0.06171875 0.08984375
22 0.45859375 0.35078125 0.0609375 0.06328125