0 0.48515625 0.8953125 0.1484375 0.20546875
0 0.871875 0.63046875 0.1203125 0.35078125
1 0.64921875 0.68125 0.2046875 0.2625
1 0.7296875 0.3671875 0.2203125 0.20546875
2 0.61015625 0.7921875 0.1265625 0.171875
2 0.2703125 0.2140625 0.16015625 0.18984375
3 0.25078125 0.56484375 0.18828125 0.1765625
3 0.74921875 0.3609375 0.06796875 0.28046875
4 0.39609375 0.55 0.078125 0.2515625
4 0.23125 0.4515625 0.13828125 0.20078125
8 0.0890625 0.5296875 0.10234375 0.18984375
8 0.65859375 0.17578125 0.16640625 0.15234375
9 0.11953125 0.36328125 0.10234375 0.2140625
9 0.39453125 0.84453125 0.08828125 0.15234375
10 0.5921875 0.465625 0.10625 0.18984375
10 0.13359375 0.25078125 0.1265625 0.1875
11 0.46875 0.48203125 0.10859375 0.12578125
11 0.54609375 0.89765625 0.1546875 0.1125
5 0.85234375 0.29453125 0.134375 0.12578125
5 0.71875 0.3015625 0.13828125 0.15703125
6 0.41171875 0.22734375 0.18671875 0.096875
6 0.58984375 0.35625 0.09453125 0.20546875
7 0.43359375 0.346875 0.1421875 0.08828125
7 0.21328125 0.59296875 0.0703125 0.17421875
12 0.20078125 0.56328125 0.13203125 0.053125
12 0.25546875 0.77578125 0.0578125 0.14375
13 0.2546875 0.72109375 0.1484375 0.0953125
13 0.28359375 0.28046875 0.0984375 0.14140625
14 0.421875 0.72421875 0.1265625 0.08828125
14 0.309375 0.43359375 0.11015625 0.1171875
15 0.453125 0.165625 0.11640625 0.0796875
15 0.21953125 0.69609375 0.121875 0.059375
16 0.64921875 0.65234375 0.0640625 0.134375
16 0.84375 0.5078125 0.14453125 0.05703125
17 0.5203125 0.67109375 0.078125 0.10625
17 0.47109375 0.09375 0.10390625 0.08203125
18 0.33046875 0.19609375 0.084375 0.075
18 0.82578125 0.6015625 0.05234375 0.1171875
19 0.40390625 0.38984375 0.08984375 0.0859375
19 0.5203125 0.834375 0.08203125 0.096875
20 0.48671875 0.259375 0.084375 0.05546875
20 0.315625 0.4046875 0.0625 0.05546875
21 0.72421875 0.56953125 0.08984375 0.06171875
21 0.1453125 0.66640625 0.0984375 0.04453125
22 0.0484375 0.425 0.09609375 0.1171875
22 0.47265625 0.55703125 0.06015625 0.20546875