0 0.278125 0.1109375 0.2234375 0.096875
0 0.58046875 0.25703125 0.14140625 0.159375
1 0.2203125 0.2890625 0.203125 0.05625
1 0.284375 0.37734375 0.10703125 0.14453125
2 0.66953125 0.48515625 0.1734375 0.04453125
2 0.5421875 0.309375 0.08671875 0.1328125
3 0.6640625 0.63359375 0.115625 0.11171875
3 0.4125 0.43203125 0.04296875 0.1328125
4 0.396875 0.1609375 0.16171875 0.05234375
4 0.56796875 0.24765625 0.1171875 0.109375
8 0.9515625 0.36328125 0.0765625 0.12578125
8 0.3078125 0.5265625 0.10859375 0.06484375
9 0.86875 0.4765625 0.071875 0.11796875
9 0.4109375 0.2953125 0.06953125 0.1140625
10 0.7890625 0.43359375 0.0578125 0.10390625
10 0.56640625 0.4765625 0.05078125 0.10625
11 0.20703125 0.3015625 0.053125 0.0953125
11 0.86796875 0.38671875 0.07109375 0.09921875
5 0.11796875 0.37109375 0.134375 0.0359375
5 0.43046875 0.3359375 0.09921875 0.08515625
6 0.47421875 0.325 0.08203125 0.090625
6 0.8453125 0.58359375 0.13828125 0.0328125
7 0.6125 0.60859375 0.134375 0.0421875
7 0.528125 0.0359375 0.109375 0.06953125
12 0.48125 0.5953125 0.0796875 0.06875
12 0.70859375 0.49921875 0.071875 0.08515625
13 0.15390625 0.259375 0.08203125 0.06953125
13 0.71484375 0.21171875 0.04765625 0.08359375
14 0.4375 0.11953125 0.06640625 0.07421875
14 0.86796875 0.25859375 0.08203125 0.071875
15 0.83359375 0.3515625 0.04453125 0.08125
15 0.86171875 0.25703125 0.075 0.07578125
16 0.2640625 0.325 0.08671875 0.03828125
16 0.64453125 0.38828125 0.04453125 0.0875
17 0.23046875 0.46875 0.0796875 0.040625
17 0.50546875 0.0765625 0.0765625 0.04765625
18 0.528125 0.38515625 0.04921875 0.05859375
18 0.8296875 0.9578125 0.04921875 0.04921875
19 0.80546875 0.19296875 0.078125 0.04453125
19 0.35859375 0.33203125 0.04765625 0.0546875
20 0.6359375 0.096875 0.06484375 0.03359375
20 0.925 0.48125 0.040625 0.0546875
21 0.35546875 0.38125 0.05625 0.0453125
21 0.315625 0.41640625 0.06171875 0.0453125
22 0.2671875 0.18203125 0.13828125 0.04296875
22 0.27578125 0.2703125 0.0578125 0.0953125