0 0.3390625 0.28984375 0.1234375 0.25625
0 0.2984375 0.20703125 0.14140625 0.09921875
1 0.475 0.74921875 0.19296875 0.12578125
1 0.6640625 0.11171875 0.20078125 0.10234375
2 0.52265625 0.8640625 0.20078125 0.053125
2 0.12421875 0.653125 0.140625 0.09765625
3 0.6203125 0.74453125 0.10390625 0.15234375
3 0.80625 0.46875 0.18515625 0.09921875
4 0.26953125 0.6203125 0.16171875 0.0875
4 0.196875 0.7484375 0.1703125 0.04765625
8 0.87890625 0.32890625 0.14296875 0.12109375
8 0.20703125 0.7296875 0.06484375 0.15546875
9 0.58671875 0.6171875 0.16328125 0.0609375
9 0.659375 0.21328125 0.165625 0.10078125
10 0.421875 0.10390625 0.15859375 0.059375
10 0.2328125 0.88984375 0.06796875 0.13203125
11 0.75078125 0.21796875 0.096875 0.115625
11 0.53671875 0.68359375 0.090625 0.0875
5 0.83046875 0.2078125 0.134375 0.1171875
5 0.57734375 0.390625 0.10234375 0.1375
6 0.4609375 0.821875 0.128125 0.05625
6 0.728125 0.5703125 0.090625 0.13359375
7 0.1453125 0.8171875 0.11015625 0.1109375
7 0.39765625 0.4828125 0.140625 0.04765625
12 0.71328125 0.33125 0.06640625 0.09609375
12 0.3234375 0.5359375 0.07109375 0.0890625
13 0.77734375 0.46171875 0.0921875 0.09609375
13 0.42890625 0.43671875 0.10078125 0.04765625
14 0.459375 0.22890625 0.053125 0.1078125
14 0.58828125 0.25234375 0.09921875 0.1171875
15 0.46484375 0.634375 0.06953125 0.09453125
15 0.48203125 0.36328125 0.0828125 0.0828125
16 0.7296875 0.4 0.10546875 0.059375
16 0.27890625 0.4671875 0.0515625 0.10234375
17 0.5515625 0.5734375 0.0890625 0.04765625
17 0.29609375 0.18984375 0.05 0.0859375
18 0.36171875 0.60625 0.078125 0.05
18 0.32734375 0.784375 0.078125 0.0515625
19 0.571875 0.36875 0.08125 0.053125
19 0.2953125 0.67890625 0.06953125 0.0625
20 0.63125 0.38828125 0.06171875 0.05
20 0.66171875 0.54140625 0.05546875 0.06953125
21 0.52265625 0.26015625 0.053125 0.07265625
21 0.14453125 0.67421875 0.06328125 0.04453125
22 0.44921875 0.91796875 0.14140625 0.07265625
23 0.3578125 0.4109375 0.0453125 0.0578125