0 0.67890625 0.1078125 0.09375 0.1234375
0 0.1359375 0.70546875 0.1703125 0.10703125
1 0.7890625 0.13671875 0.10234375 0.16953125
1 0.8328125 0.31328125 0.1515625 0.16953125
2 0.4171875 0.21640625 0.10625 0.1421875
2 0.57265625 0.09375 0.11171875 0.0875
3 0.28515625 0.7765625 0.19609375 0.0578125
3 0.28828125 0.52421875 0.11015625 0.1
4 0.65546875 0.23203125 0.1734375 0.05625
4 0.2984375 0.421875 0.1078125 0.11875
8 0.9109375 0.22109375 0.09921875 0.13046875
8 0.19609375 0.62578125 0.0671875 0.09609375
9 0.4578125 0.3921875 0.13515625 0.0828125
9 0.75546875 0.09921875 0.0890625 0.13359375
10 0.1375 0.9328125 0.13359375 0.07265625
10 0.3671875 0.334375 0.065625 0.09453125
11 0.4359375 0.57265625 0.11328125 0.08671875
11 0.72578125 0.32734375 0.0765625 0.0875
5 0.26640625 0.65703125 0.109375 0.09375
5 0.359375 0.61953125 0.11328125 0.06953125
6 0.40078125 0.29140625 0.06796875 0.0890625
6 0.2390625 0.62578125 0.0734375 0.0796875
7 0.53515625 0.5515625 0.04765625 0.12109375
7 0.29609375 0.54140625 0.08984375 0.10234375
12 0.4640625 0.1609375 0.08203125 0.084375
12 0.353125 0.45 0.0953125 0.0484375
13 0.446875 0.4578125 0.096875 0.0671875
13 0.46875 0.58828125 0.0859375 0.0578125
14 0.421875 0.20859375 0.1078125 0.034375
14 0.5203125 0.66171875 0.11015625 0.04296875
15 0.46171875 0.3375 0.06171875 0.07734375
15 0.68046875 0.30625 0.053125 0.065625
16 0.6140625 0.15703125 0.0515625 0.0875
16 0.39921875 0.37578125 0.06953125 0.0734375
17 0.459375 0.48359375 0.0640625 0.0671875
17 0.6046875 0.27578125 0.084375 0.0390625
18 0.54296875 0.3390625 0.04921875 0.0671875
18 0.68984375 0.2625 0.06953125 0.05390625
19 0.2578125 0.74140625 0.07890625 0.04140625
19 0.4203125 0.44609375 0.06015625 0.05625
20 0.553125 0.43125 0.05859375 0.0484375
20 0.5109375 0.6265625 0.03984375 0.0453125
21 0.47578125 0.62890625 0.04921875 0.05390625
21 0.51171875 0.45234375 0.040625 0.053125
22 0.459375 0.1078125 0.08046875 0.08203125
23 0.4265625 0.65078125 0.0421875 0.05078125