0 0.53828125 0.92734375 0.15703125 0.096875
0 0.77421875 0.30703125 0.14609375 0.12734375
1 0.42265625 0.240625 0.134375 0.13046875
1 0.5078125 0.63125 0.090625 0.11171875
2 0.80703125 0.71171875 0.109375 0.12109375
2 0.42578125 0.26171875 0.11484375 0.13984375
3 0.346875 0.50078125 0.08671875 0.1125
3 0.56640625 0.55546875 0.0578125 0.14765625
4 0.5734375 0.30078125 0.10859375 0.10234375
4 0.56640625 0.5640625 0.109375 0.0859375
8 0.4890625 0.484375 0.10390625 0.08828125
8 0.109375 0.246875 0.11640625 0.078125
9 0.59609375 0.4046875 0.0484375 0.1140625
9 0.4640625 0.3328125 0.11015625 0.0671875
10 0.58984375 0.19921875 0.09921875 0.046875
10 0.825 0.61640625 0.04140625 0.11171875
11 0.49921875 0.29453125 0.046875 0.09765625
11 0.86796875 0.59296875 0.05546875 0.1046875
5 0.53359375 0.41171875 0.090625 0.0578125
5 0.546875 0.278125 0.05859375 0.11015625
6 0.5359375 0.36640625 0.0875 0.075
6 0.7078125 0.36328125 0.084375 0.06875
7 0.71015625 0.2015625 0.08515625 0.08828125
7 0.86328125 0.5828125 0.04140625 0.11796875
12 0.43359375 0.61484375 0.05 0.1046875
12 0.715625 0.31640625 0.07578125 0.04296875
13 0.86796875 0.46171875 0.065625 0.075
13 0.44609375 0.38046875 0.0453125 0.10078125
14 0.76328125 0.37890625 0.04453125 0.0875
14 0.6359375 0.353125 0.0390625 0.09140625
15 0.63984375 0.28359375 0.0515625 0.078125
15 0.0390625 0.43984375 0.03984375 0.09765625
16 0.16015625 0.38984375 0.0578125 0.07890625
16 0.82734375 0.40546875 0.046875 0.078125
17 0.35859375 0.275 0.06328125 0.0453125
17 0.09453125 0.04296875 0.0625 0.06171875
18 0.8984375 0.47890625 0.05390625 0.04296875
18 0.821875 0.553125 0.0328125 0.0640625
19 0.3640625 0.58203125 0.05 0.06328125
19 0.3625 0.33125 0.0515625 0.06015625
20 0.79453125 0.36875 0.0296875 0.0578125
20 0.79921875 0.421875 0.0359375 0.05234375
21 0.65625 0.38359375 0.0375 0.05234375
21 0.65234375 0.215625 0.05390625 0.04453125
22 0.959375 0.6203125 0.0796875 0.096875
22 0.46953125 0.5453125 0.05546875 0.09140625