0 0.7359375 0.5890625 0.17734375 0.14140625
0 0.2875 0.69296875 0.21328125 0.2203125
1 0.35390625 0.39375 0.103125 0.13515625
1 0.2640625 0.42578125 0.234375 0.28203125
2 0.84296875 0.51953125 0.13515625 0.18828125
2 0.26015625 0.3078125 0.2796875 0.1515625
3 0.44765625 0.47734375 0.15234375 0.1234375
3 0.73203125 0.32890625 0.1046875 0.22578125
4 0.59453125 0.17734375 0.1296875 0.209375
4 0.84375 0.4375 0.14453125 0.1703125
8 0.3578125 0.50546875 0.12578125 0.2328125
8 0.3171875 0.91640625 0.1125 0.159375
9 0.5171875 0.36328125 0.08984375 0.15703125
9 0.0953125 0.73984375 0.175 0.1296875
10 0.52890625 0.56015625 0.1046875 0.0796875
10 0.42109375 0.80078125 0.1375 0.115625
11 0.59140625 0.53828125 0.07421875 0.16640625
11 0.1921875 0.91953125 0.21328125 0.0671875
5 0.1015625 0.61015625 0.07421875 0.1640625
5 0.18125 0.340625 0.17109375 0.07265625
6 0.51953125 0.04921875 0.1171875 0.0984375
6 0.14453125 0.64140625 0.20546875 0.14140625
7 0.2 0.2203125 0.16796875 0.1234375
7 0.4390625 0.68671875 0.10859375 0.1140625
12 0.8875 0.2828125 0.16796875 0.07265625
12 0.4921875 0.66640625 0.16171875 0.059375
13 0.68828125 0.39453125 0.11640625 0.10703125
13 0.50859375 0.83046875 0.1484375 0.09609375
14 0.05625 0.5265625 0.1046875 0.07421875
14 0.23828125 0.49453125 0.1828125 0.10078125
15 0.1015625 0.4234375 0.1046875 0.06640625
15 0.13984375 0.73515625 0.1234375 0.059375
16 0.26796875 0.52734375 0.1125 0.05625
16 0.2484375 0.884375 0.0859375 0.140625
17 0.6 0.65546875 0.0875 0.07578125
17 0.39296875 0.14921875 0.05546875 0.10859375
18 0.40078125 0.59140625 0.1125 0.03828125
18 0.059375 0.753125 0.11796875 0.03984375
19 0.3765625 0.65625 0.06640625 0.071875
19 0.43828125 0.43671875 0.07265625 0.05625
20 0.93046875 0.515625 0.10078125 0.03828125
20 0.76015625 0.3765625 0.05703125 0.0546875
21 0.36953125 0.78125 0.11015625 0.06875
21 0.25625 0.790625 0.059375 0.06640625
22 0.3703125 0.9328125 0.23828125 0.071875
23 0.5203125 0.8796875 0.0609375 0.07265625