0 0.49921875 0.60859375 0.11953125 0.1203125
0 0.41796875 0.8078125 0.1015625 0.13203125
1 0.91953125 0.8078125 0.13515625 0.2
1 0.5984375 0.3171875 0.090625 0.23515625
2 0.19609375 0.69296875 0.12890625 0.075
2 0.71796875 0.578125 0.11953125 0.16953125
3 0.71953125 0.54453125 0.084375 0.22578125
3 0.0953125 0.6609375 0.06015625 0.20703125
4 0.1640625 0.27109375 0.1265625 0.08671875
4 0.35859375 0.62734375 0.12265625 0.08671875
8 0.175 0.51875 0.0484375 0.23515625
8 0.35625 0.17578125 0.06875 0.2015625
9 0.38984375 0.39296875 0.05078125 0.19765625
9 0.56875 0.64140625 0.0328125 0.2015625
10 0.6921875 0.4203125 0.0953125 0.090625
10 0.928125 0.6828125 0.07734375 0.10390625
11 0.3859375 0.234375 0.06484375 0.17109375
11 0.41640625 0.71171875 0.08515625 0.06796875
5 0.13984375 0.88046875 0.07109375 0.15234375
5 0.11875 0.44453125 0.034375 0.18828125
6 0.46640625 0.41640625 0.0921875 0.090625
6 0.27421875 0.865625 0.06875 0.11875
7 0.59375 0.5140625 0.034375 0.17734375
7 0.49609375 0.28515625 0.07734375 0.1453125
12 0.68125 0.33359375 0.08125 0.09453125
12 0.48203125 0.9421875 0.05703125 0.0734375
13 0.4734375 0.80390625 0.0296875 0.128125
13 0.49453125 0.709375 0.046875 0.13359375
14 0.534375 0.7046875 0.06015625 0.128125
14 0.2703125 0.7796875 0.0375 0.15078125
15 0.04453125 0.42734375 0.04375 0.128125
15 0.36015625 0.48671875 0.05 0.11875
16 0.26015625 0.48046875 0.06328125 0.10546875
16 0.4734375 0.140625 0.07109375 0.05859375
17 0.20234375 0.41640625 0.04765625 0.10546875
17 0.44921875 0.071875 0.0578125 0.09453125
18 0.24375 0.6265625 0.05078125 0.065625
18 0.340625 0.67109375 0.05390625 0.06953125
19 0.434375 0.5703125 0.04296875 0.09765625
19 0.490625 0.20703125 0.053125 0.07890625
20 0.38671875 0.5828125 0.04453125 0.0546875
20 0.478125 0.49921875 0.0484375 0.0640625
21 0.4078125 0.53671875 0.03671875 0.075
21 0.496875 0.0671875 0.05 0.0546875
22 0.07734375 0.38828125 0.07421875 0.1578125
22 0.2015625 0.87734375 0.08828125 0.10546875