0 0.5125 0.81484375 0.1734375 0.0859375
0 0.33984375 0.6171875 0.09140625 0.2109375
1 0.665625 0.65546875 0.1546875 0.0875
1 0.725 0.3984375 0.1671875 0.0625
2 0.6546875 0.509375 0.12421875 0.1140625
2 0.27109375 0.434375 0.1484375 0.07265625
3 0.10703125 0.36484375 0.1359375 0.053125
3 0.73515625 0.49453125 0.11875 0.103125
4 0.48359375 0.53671875 0.1015625 0.09921875
4 0.12265625 0.32890625 0.0546875 0.159375
8 0.24921875 0.5328125 0.08359375 0.13671875
8 0.4515625 0.884375 0.0796875 0.14609375
9 0.15859375 0.659375 0.1234375 0.053125
9 0.5171875 0.23203125 0.12265625 0.053125
10 0.575 0.72421875 0.075 0.11640625
10 0.25625 0.85 0.0921875 0.09296875
11 0.30234375 0.58515625 0.040625 0.125
11 0.33828125 0.91875 0.08984375 0.08359375
5 0.23515625 0.26171875 0.071875 0.11015625
5 0.23359375 0.196875 0.0796875 0.096875
6 0.3296875 0.184375 0.096875 0.05859375
6 0.24375 0.43046875 0.0421875 0.13359375
7 0.80859375 0.76171875 0.05703125 0.12578125
7 0.18359375 0.8015625 0.103125 0.07265625
12 0.08359375 0.778125 0.0859375 0.05546875
12 0.415625 0.81640625 0.03671875 0.10234375
13 0.384375 0.5953125 0.03671875 0.0984375
13 0.55234375 0.81484375 0.0765625 0.078125
14 0.7625 0.54609375 0.0609375 0.0875
14 0.3765625 0.6859375 0.0515625 0.103125
15 0.59921875 0.74296875 0.0484375 0.08515625
15 0.54921875 0.56328125 0.03828125 0.0890625
16 0.29375 0.86953125 0.071875 0.06796875
16 0.71484375 0.21640625 0.06328125 0.0984375
17 0.6890625 0.7078125 0.04296875 0.08359375
17 0.49609375 0.7859375 0.040625 0.0859375
18 0.0640625 0.67734375 0.0640625 0.0546875
18 0.790625 0.8 0.04296875 0.0796875
19 0.30625 0.92890625 0.06328125 0.05703125
19 0.6625 0.45703125 0.0546875 0.0546875
20 0.165625 0.321875 0.05078125 0.04140625
20 0.890625 0.6078125 0.04921875 0.04921875
21 0.9546875 0.740625 0.05078125 0.0546875
21 0.94296875 0.06328125 0.04296875 0.06328125
22 0.275 0.3296875 0.11015625 0.0546875
23 0.5140625 0.8609375 0.046875 0.0421875