0 0.51171875 0.71640625 0.11875 0.2609375
0 0.234375 0.3578125 0.1515625 0.2578125
1 0.58828125 0.21640625 0.2234375 0.09921875
1 0.47890625 0.0984375 0.18359375 0.16640625
2 0.72109375 0.4015625 0.1078125 0.1828125
2 0.77578125 0.734375 0.2359375 0.07578125
3 0.790625 0.46171875 0.146875 0.1484375
3 0.471875 0.80546875 0.20078125 0.07578125
4 0.69453125 0.63046875 0.12890625 0.18125
4 0.55078125 0.2640625 0.16953125 0.13515625
8 0.5 0.703125 0.20078125 0.059375
8 0.2953125 0.39921875 0.21640625 0.059375
9 0.78203125 0.6578125 0.18515625 0.07109375
9 0.82265625 0.4390625 0.18671875 0.07578125
10 0.49453125 0.475 0.14453125 0.10859375
10 0.82578125 0.36796875 0.11171875 0.07578125
11 0.35234375 0.78984375 0.0734375 0.15
11 0.5375 0.575 0.1359375 0.12734375
5 0.11328125 0.34765625 0.15703125 0.08046875
5 0.25546875 0.25234375 0.12734375 0.12578125
6 0.56640625 0.33671875 0.14453125 0.12578125
6 0.4953125 0.41171875 0.15390625 0.0640625
7 0.19375 0.709375 0.11171875 0.1484375
7 0.6765625 0.865625 0.0890625 0.146875
12 0.76640625 0.27734375 0.13984375 0.0890625
12 0.78203125 0.59296875 0.121875 0.08046875
13 0.240625 0.634375 0.0734375 0.1203125
13 0.45625 0.50625 0.12421875 0.07890625
14 0.36796875 0.61953125 0.11171875 0.09765625
14 0.6078125 0.71484375 0.06796875 0.12890625
15 0.91015625 0.28359375 0.07890625 0.10859375
15 0.68359375 0.6 0.0890625 0.08046875
16 0.5515625 0.3578125 0.09453125 0.0859375
16 0.28671875 0.70859375 0.09921875 0.08046875
17 0.66171875 0.3140625 0.06640625 0.090625
17 0.3890625 0.56015625 0.0625 0.09765625
18 0.29375 0.628125 0.05390625 0.0875
18 0.3375 0.45546875 0.0609375 0.0921875
19 0.12578125 0.56796875 0.059375 0.09609375
19 0.37734375 0.3375 0.05546875 0.0875
20 0.18984375 0.54375 0.0765625 0.0609375
20 0.2671875 0.53828125 0.06953125 0.07265625
21 0.4828125 0.54140625 0.09609375 0.04609375
21 0.6 0.49140625 0.05234375 0.0828125
22 0.57578125 0.0921875 0.17109375 0.09921875
23 0.61796875 0.5765625 0.059375 0.0640625