0 0.68359375 0.453125 0.1890625 0.2015625
0 0.35234375 0.5671875 0.13359375 0.16875
1 0.81015625 0.72421875 0.178125 0.14921875
1 0.7140625 0.540625 0.13125 0.225
2 0.76875 0.4328125 0.14765625 0.14921875
2 0.459375 0.28125 0.1703125 0.1859375
3 0.52890625 0.36640625 0.09453125 0.2171875
3 0.653125 0.57265625 0.20546875 0.07578125
4 0.79765625 0.8296875 0.1828125 0.09296875
4 0.09375 0.4390625 0.1171875 0.203125
8 0.59609375 0.30234375 0.1265625 0.178125
8 0.38125 0.6265625 0.09140625 0.16484375
9 0.32421875 0.22578125 0.15390625 0.0953125
9 0.53984375 0.1375 0.1140625 0.16640625
10 0.51015625 0.6625 0.0640625 0.18203125
10 0.509375 0.125 0.15234375 0.071875
11 0.25546875 0.31953125 0.08046875 0.1546875
11 0.47109375 0.45625 0.10078125 0.13359375
5 0.628125 0.11171875 0.1109375 0.11796875
5 0.07265625 0.503125 0.09140625 0.1765625
6 0.578125 0.73046875 0.11875 0.13984375
6 0.6421875 0.4875 0.121875 0.1296875
7 0.809375 0.66875 0.0546875 0.1625
7 0.58671875 0.73046875 0.08203125 0.17421875
12 0.40546875 0.80703125 0.06875 0.14140625
12 0.28828125 0.19609375 0.09453125 0.12421875
13 0.509375 0.75703125 0.07890625 0.12578125
13 0.48671875 0.3453125 0.0453125 0.1359375
14 0.415625 0.22734375 0.0515625 0.12578125
14 0.5953125 0.4546875 0.0609375 0.11796875
15 0.42421875 0.48125 0.053125 0.1140625
15 0.93671875 0.8625 0.10078125 0.10078125
16 0.4734375 0.2484375 0.09296875 0.0890625
16 0.77109375 0.721875 0.046875 0.121875
17 0.16953125 0.40390625 0.053125 0.10625
17 0.67890625 0.78671875 0.09609375 0.0578125
18 0.6734375 0.3390625 0.05625 0.096875
18 0.5078125 0.1703125 0.07578125 0.065625
19 0.44765625 0.57265625 0.0671875 0.09140625
19 0.26328125 0.3 0.08046875 0.07734375
20 0.46015625 0.18984375 0.059375 0.0578125
20 0.384375 0.14140625 0.046875 0.07734375
21 0.371875 0.46015625 0.065625 0.071875
21 0.65703125 0.6125 0.05625 0.065625
22 0.4484375 0.87578125 0.1140625 0.1625
23 0.46796875 0.9234375 0.065625 0.06796875