0 0.71171875 0.5390625 0.21953125 0.16171875
0 0.1890625 0.4578125 0.19453125 0.11015625
1 0.48671875 0.76015625 0.175 0.14375
1 0.30390625 0.27890625 0.14921875 0.16484375
2 0.5890625 0.37265625 0.1671875 0.215625
2 0.17109375 0.45390625 0.11328125 0.2046875
3 0.49296875 0.39765625 0.14765625 0.17578125
3 0.6078125 0.72421875 0.18203125 0.1421875
4 0.47890625 0.11640625 0.1 0.159375
4 0.41484375 0.6046875 0.1390625 0.1296875
8 0.3625 0.6 0.2046875 0.1515625
8 0.7765625 0.38203125 0.12265625 0.159375
9 0.37265625 0.1984375 0.1421875 0.16328125
9 0.753125 0.33671875 0.11796875 0.1984375
10 0.28359375 0.09375 0.16875 0.071875
10 0.209375 0.23046875 0.1796875 0.04296875
11 0.71015625 0.7921875 0.140625 0.11484375
11 0.7625 0.82421875 0.14765625 0.0765625
5 0.8921875 0.4640625 0.15703125 0.05625
5 0.8 0.2125 0.0625 0.16953125
6 0.20625 0.26640625 0.06875 0.15625
6 0.28828125 0.16953125 0.12734375 0.12109375
7 0.1125 0.34375 0.12890625 0.140625
7 0.70859375 0.45703125 0.08828125 0.146875
12 0.2953125 0.315625 0.0640625 0.1359375
12 0.39609375 0.325 0.06875 0.1421875
13 0.56328125 0.496875 0.05234375 0.1375
13 0.39375 0.40625 0.08359375 0.11640625
14 0.31328125 0.57109375 0.1453125 0.06875
14 0.3140625 0.5046875 0.0390625 0.1375
15 0.6609375 0.87578125 0.0984375 0.09921875
15 0.4875 0.26953125 0.0953125 0.06875
16 0.46953125 0.3234375 0.1046875 0.0625
16 0.815625 0.33671875 0.08984375 0.09296875
17 0.44140625 0.2109375 0.08671875 0.0765625
17 0.378125 0.734375 0.05546875 0.09453125
18 0.4703125 0.36171875 0.0609375 0.05234375
18 0.4671875 0.5765625 0.0734375 0.0671875
19 0.709375 0.5859375 0.05390625 0.08984375
19 0.31640625 0.50546875 0.08984375 0.03984375
20 0.7703125 0.446875 0.04765625 0.071875
20 0.63828125 0.453125 0.071875 0.04296875
21 0.70078125 0.52734375 0.08515625 0.0546875
21 0.4984375 0.4171875 0.08359375 0.03828125
22 0.59296875 0.64296875 0.171875 0.065625
22 0.46484375 0.58671875 0.07890625 0.18359375