0 0.31015625 0.528125 0.1984375 0.17421875
0 0.440625 0.28359375 0.19140625 0.12421875
1 0.55390625 0.28515625 0.24921875 0.19609375
1 0.546875 0.56015625 0.16640625 0.25625
2 0.5625 0.84609375 0.2578125 0.13515625
2 0.48828125 0.81328125 0.21484375 0.15390625
3 0.85390625 0.303125 0.115625 0.23984375
3 0.74453125 0.7078125 0.221875 0.14453125
4 0.1578125 0.4359375 0.0953125 0.2453125
4 0.7640625 0.59765625 0.22890625 0.16328125
8 0.5421875 0.90625 0.24765625 0.12109375
8 0.8140625 0.44609375 0.11875 0.2359375
9 0.09921875 0.503125 0.1296875 0.13359375
9 0.50390625 0.41875 0.22734375 0.08984375
10 0.56953125 0.7125 0.15 0.146875
10 0.725 0.51953125 0.08125 0.20703125
11 0.3640625 0.653125 0.18984375 0.06796875
11 0.3359375 0.75546875 0.1953125 0.06796875
5 0.63515625 0.078125 0.1765625 0.15546875
5 0.58046875 0.59609375 0.103125 0.17421875
6 0.75703125 0.71796875 0.15 0.17578125
6 0.21484375 0.340625 0.10078125 0.2015625
7 0.90234375 0.58046875 0.10859375 0.13203125
7 0.23828125 0.396875 0.15546875 0.115625
12 0.33515625 0.3296875 0.13515625 0.09921875
12 0.36171875 0.71953125 0.17890625 0.0625
13 0.85859375 0.4796875 0.1640625 0.0546875
13 0.33125 0.7359375 0.0921875 0.1578125
14 0.678125 0.60546875 0.12109375 0.12265625
14 0.38515625 0.85234375 0.15 0.0640625
15 0.50078125 0.69140625 0.08515625 0.1265625
15 0.28359375 0.46875 0.10078125 0.09921875
16 0.44765625 0.40390625 0.09765625 0.14140625
16 0.58671875 0.19609375 0.10859375 0.10234375
17 0.3953125 0.171875 0.06484375 0.12109375
17 0.37265625 0.90625 0.1171875 0.0765625
18 0.49609375 0.575 0.10859375 0.0765625
18 0.28125 0.2375 0.0796875 0.1078125
19 0.56015625 0.1078125 0.0953125 0.09140625
19 0.7921875 0.53671875 0.08671875 0.0953125
20 0.434375 0.51015625 0.0703125 0.0859375
20 0.51796875 0.60859375 0.071875 0.07109375
21 0.28671875 0.53515625 0.10078125 0.0734375
21 0.33515625 0.3578125 0.11015625 0.04609375
22 0.92890625 0.40625 0.1390625 0.19375
22 0.46015625 0.1015625 0.1046875 0.16328125