0 0.3296875 0.8046875 0.15546875 0.08828125
0 0.29296875 0.3515625 0.071875 0.19375
1 0.51875 0.63125 0.10390625 0.096875
1 0.2890625 0.19921875 0.1234375 0.125
2 0.08046875 0.16953125 0.1328125 0.0640625
2 0.4125 0.83828125 0.05390625 0.1546875
3 0.6390625 0.34296875 0.1359375 0.1125
3 0.078125 0.21484375 0.03984375 0.1609375
4 0.48984375 0.940625 0.09765625 0.096875
4 0.34453125 0.203125 0.06171875 0.12890625
8 0.38671875 0.71015625 0.11171875 0.05859375
8 0.2625 0.16875 0.10546875 0.08203125
9 0.40234375 0.77265625 0.10078125 0.05859375
9 0.584375 0.5640625 0.04375 0.12734375
10 0.215625 0.42578125 0.05390625 0.10390625
10 0.265625 0.22890625 0.08515625 0.07890625
11 0.5265625 0.6734375 0.0859375 0.0859375
11 0.30546875 0.73046875 0.0953125 0.04921875
5 0.4125 0.9140625 0.0765625 0.07421875
5 0.5875 0.9625 0.08984375 0.071875
6 0.59765625 0.0703125 0.059375 0.1046875
6 0.16328125 0.353125 0.09921875 0.03515625
7 0.478125 0.20625 0.0453125 0.121875
7 0.64375 0.453125 0.0859375 0.08359375
12 0.11171875 0.24140625 0.0390625 0.08828125
12 0.1796875 0.246875 0.08359375 0.05390625
13 0.18515625 0.090625 0.05078125 0.0796875
13 0.15390625 0.3078125 0.05703125 0.071875
14 0.22265625 0.37578125 0.06484375 0.0609375
14 0.26328125 0.40703125 0.065625 0.065625
15 0.4140625 0.34140625 0.06953125 0.06796875
15 0.8 0.6921875 0.04375 0.0765625
16 0.40234375 0.8734375 0.03515625 0.065625
16 0.16640625 0.38125 0.06484375 0.03984375
17 0.390625 0.82734375 0.0546875 0.03828125
17 0.27578125 0.4609375 0.065625 0.040625
18 0.13125 0.13046875 0.053125 0.03984375
18 0.4515625 0.61796875 0.03359375 0.071875
19 0.234375 0.06484375 0.05703125 0.03984375
19 0.96328125 0.32265625 0.0578125 0.0640625
20 0.5875 0.66484375 0.03359375 0.05859375
20 0.278125 0.365625 0.04296875 0.0515625
21 0.81015625 0.6359375 0.04296875 0.04765625
21 0.1 0.13515625 0.04921875 0.040625
22 0.3046875 0.27578125 0.1078125 0.04375
23 0.7984375 0.56953125 0.03203125 0.06328125