0 0.6609375 0.44140625 0.13984375 0.1875
0 0.4890625 0.871875 0.1828125 0.2203125
1 0.4921875 0.69296875 0.15234375 0.27734375
1 0.78359375 0.47734375 0.24609375 0.115625
2 0.35625 0.69609375 0.15703125 0.20703125
2 0.18359375 0.49375 0.09375 0.24921875
3 0.55234375 0.08984375 0.2015625 0.09765625
3 0.5625 0.30625 0.0921875 0.2140625
4 0.37109375 0.3265625 0.096875 0.221875
4 0.89921875 0.64140625 0.1703125 0.16015625
8 0.3203125 0.5921875 0.06640625 0.20546875
8 0.6390625 0.62890625 0.0765625 0.13203125
9 0.4640625 0.19609375 0.1015625 0.09765625
9 0.20546875 0.41796875 0.13203125 0.1796875
10 0.77578125 0.3515625 0.1625 0.0734375
10 0.490625 0.39609375 0.13671875 0.1078125
11 0.275 0.5546875 0.0796875 0.1171875
11 0.1890625 0.31171875 0.0828125 0.153125
5 0.315625 0.428125 0.12421875 0.13203125
5 0.54375 0.15625 0.06484375 0.153125
6 0.853125 0.7171875 0.12421875 0.103125
6 0.6390625 0.23828125 0.0828125 0.15625
7 0.73125 0.25078125 0.0828125 0.1546875
7 0.50625 0.31015625 0.06875 0.16953125
12 0.24921875 0.26640625 0.12890625 0.08984375
12 0.4984375 0.2640625 0.13046875 0.05859375
13 0.075 0.4390625 0.11640625 0.12734375
13 0.571875 0.334375 0.12109375 0.05546875
14 0.76953125 0.7578125 0.06484375 0.1421875
14 0.2984375 0.30078125 0.06328125 0.13828125
15 0.6234375 0.76484375 0.0953125 0.10078125
15 0.5796875 0.4453125 0.096875 0.08828125
16 0.690625 0.61953125 0.06640625 0.1140625
16 0.76328125 0.5796875 0.04609375 0.11875
17 0.83671875 0.5234375 0.06640625 0.09140625
17 0.53125 0.69375 0.0828125 0.09921875
18 0.64296875 0.46015625 0.06015625 0.078125
18 0.409375 0.16796875 0.05703125 0.08515625
19 0.3671875 0.14765625 0.04609375 0.09921875
19 0.42734375 0.28984375 0.0890625 0.05703125
20 0.71640625 0.5484375 0.05390625 0.075
20 0.440625 0.725 0.05546875 0.0796875
21 0.30390625 0.38125 0.04921875 0.0828125
21 0.5921875 0.67890625 0.04140625 0.09140625
22 0.3234375 0.69765625 0.1890625 0.06015625
23 0.70546875 0.74296875 0.05078125 0.09296875