0 0.6296875 0.83515625 0.396875 0.06015625
0 0.22421875 0.55234375 0.29921875 0.09921875
1 0.5796875 0.23203125 0.29296875 0.1109375
1 0.7640625 0.66875 0.2375 0.13125
2 0.50859375 0.88671875 0.30390625 0.07734375
2 0.78359375 0.3234375 0.2421875 0.14375
3 0.59453125 0.18359375 0.225 0.0921875
3 0.8484375 0.58359375 0.22734375 0.11796875
4 0.3734375 0.20546875 0.19140625 0.1328125
4 0.78671875 0.525 0.07421875 0.1609375
8 0.59140625 0.06640625 0.25703125 0.0734375
8 0.41015625 0.5625 0.09375 0.1375
9 0.28203125 0.4796875 0.2078125 0.08515625
9 0.79921875 0.43671875 0.25234375 0.040625
10 0.73046875 0.94140625 0.19921875 0.103125
10 0.66875 0.9109375 0.1953125 0.08984375
11 0.175 0.66328125 0.2140625 0.0640625
11 0.55390625 0.921875 0.2125 0.08984375
5 0.25546875 0.615625 0.19765625 0.07109375
5 0.71796875 0.64765625 0.1484375 0.096875
6 0.53203125 0.53125 0.146875 0.096875
6 0.25703125 0.81171875 0.11875 0.1203125
7 0.35859375 0.771875 0.2078125 0.04296875
7 0.7546875 0.4296875 0.12109375 0.109375
12 0.571875 0.72265625 0.159375 0.0578125
12 0.5234375 0.32734375 0.0703125 0.0921875
13 0.68125 0.23203125 0.165625 0.0390625
13 0.3734375 0.71796875 0.165625 0.05
14 0.58984375 0.76875 0.1359375 0.075
14 0.64140625 0.29453125 0.0765625 0.0875
15 0.68984375 0.4875 0.11875 0.06875
15 0.38203125 0.42421875 0.1015625 0.08203125
16 0.65 0.5359375 0.13125 0.05625
16 0.5890625 0.3203125 0.0828125 0.07578125
17 0.67734375 0.66484375 0.10625 0.0671875
17 0.553125 0.4109375 0.125 0.04765625
18 0.48125 0.79921875 0.11640625 0.04296875
18 0.5890625 0.6640625 0.1125 0.0453125
19 0.71640625 0.75 0.10859375 0.0578125
19 0.596875 0.4953125 0.1015625 0.05546875
20 0.48125 0.7453125 0.09140625 0.0515625
20 0.69140625 0.40546875 0.0953125 0.0390625
21 0.4875 0.37890625 0.09140625 0.05
21 0.6203125 0.59921875 0.1015625 0.04296875
22 0.73359375 0.303125 0.159375 0.1078125
22 0.21875 0.82265625 0.2421875 0.0578125