0 0.6734375 0.315625 0.05234375 0.2140625
0 0.72578125 0.11640625 0.071875 0.17578125
1 0.71484375 0.9015625 0.09375 0.1734375
1 0.1109375 0.34140625 0.0640625 0.18515625
2 0.553125 0.69453125 0.09765625 0.10859375
2 0.7921875 0.10234375 0.1046875 0.090625
3 0.09453125 0.11796875 0.11796875 0.0546875
3 0.89296875 0.209375 0.04375 0.14609375
4 0.2421875 0.3921875 0.1046875 0.0765625
4 0.4671875 0.4171875 0.08125 0.06484375
8 0.04140625 0.29609375 0.0328125 0.14375
8 0.17890625 0.4796875 0.0890625 0.084375
9 0.19453125 0.4453125 0.07578125 0.09609375
9 0.90546875 0.4515625 0.0890625 0.06640625
10 0.64296875 0.47578125 0.0578125 0.1078125
10 0.8375 0.26171875 0.0328125 0.1140625
11 0.6453125 0.66796875 0.078125 0.03984375
11 0.8734375 0.68359375 0.08203125 0.07265625
5 0.5796875 0.62734375 0.06328125 0.08125
5 0.73828125 0.51953125 0.02890625 0.11171875
6 0.553125 0.54375 0.0796875 0.06328125
6 0.78125 0.2578125 0.04296875 0.10859375
7 0.8109375 0.53984375 0.040625 0.10078125
7 0.7421875 0.321875 0.0359375 0.11796875
12 0.8984375 0.475 0.0484375 0.09296875
12 0.79765625 0.80859375 0.025 0.08828125
13 0.440625 0.45 0.03984375 0.06875
13 0.6265625 0.46015625 0.053125 0.0671875
14 0.4625 0.29375 0.05703125 0.04140625
14 0.709375 0.54609375 0.03203125 0.06875
15 0.16953125 0.24765625 0.0484375 0.05703125
15 0.74375 0.6953125 0.05 0.04921875
16 0.6390625 0.33359375 0.05546875 0.0296875
16 0.79296875 0.14296875 0.03359375 0.08125
17 0.84609375 0.4078125 0.0328125 0.0703125
17 0.67109375 0.8703125 0.04453125 0.0515625
18 0.5140625 0.259375 0.0234375 0.0609375
18 0.646875 0.5953125 0.03984375 0.0453125
19 0.43046875 0.32890625 0.03125 0.05703125
19 0.959375 0.62578125 0.04609375 0.04375
20 0.69375 0.278125 0.02421875 0.04140625
20 0.7296875 0.44609375 0.03671875 0.0375
21 0.75859375 0.2484375 0.03359375 0.046875
21 0.47109375 0.46015625 0.028125 0.04375
22 0.76875 0.4609375 0.03125 0.11953125
22 0.86953125 0.86640625 0.078125 0.07734375