0 0.41796875 0.1859375 0.09375 0.11484375
0 0.66015625 0.821875 0.146875 0.0671875
1 0.57890625 0.63515625 0.0828125 0.1671875
1 0.6609375 0.7546875 0.1234375 0.08515625
2 0.53359375 0.8140625 0.06875 0.11171875
2 0.528125 0.88984375 0.1140625 0.07109375
3 0.48125 0.6109375 0.09453125 0.06953125
3 0.88359375 0.921875 0.09921875 0.0984375
4 0.65625 0.46171875 0.09453125 0.0765625
4 0.68046875 0.8640625 0.09921875 0.05625
8 0.68671875 0.41015625 0.09296875 0.0765625
8 0.4890625 0.66953125 0.09921875 0.07109375
9 0.89140625 0.72578125 0.07734375 0.10390625
9 0.24765625 0.86796875 0.08125 0.10390625
10 0.90390625 0.6578125 0.06953125 0.0921875
10 0.50390625 0.49765625 0.04609375 0.11484375
11 0.4765625 0.73515625 0.08125 0.06484375
11 0.78515625 0.50859375 0.075 0.08046875
5 0.0359375 0.5296875 0.0703125 0.08515625
5 0.578125 0.73515625 0.0296875 0.11484375
6 0.2796875 0.51171875 0.078125 0.08125
6 0.49140625 0.55234375 0.07578125 0.0421875
7 0.728125 0.39296875 0.06953125 0.06953125
7 0.64296875 0.78984375 0.075 0.0421875
12 0.7375 0.659375 0.05546875 0.06875
12 0.84140625 0.69921875 0.02578125 0.10390625
13 0.78359375 0.72265625 0.0375 0.09609375
13 0.2625 0.80234375 0.065625 0.0515625
14 0.72109375 0.69140625 0.0578125 0.05625
14 0.69765625 0.89609375 0.065625 0.03984375
15 0.56953125 0.34296875 0.05703125 0.0515625
15 0.5578125 0.60859375 0.04453125 0.075
16 0.16015625 0.78359375 0.0546875 0.05625
16 0.415625 0.4375 0.0578125 0.04375
17 0.95078125 0.83984375 0.04453125 0.06953125
17 0.7296875 0.740625 0.0453125 0.05546875
18 0.97734375 0.72421875 0.04453125 0.0671875
18 0.6859375 0.04296875 0.04296875 0.0671875
19 0.8171875 0.62265625 0.03671875 0.06328125
19 0.47734375 0.6984375 0.0390625 0.03984375
20 0.88984375 0.87109375 0.034375 0.0578125
20 0.36875 0.890625 0.03125 0.06328125
21 0.66953125 0.9328125 0.03828125 0.04453125
21 0.38203125 0.25625 0.03125 0.06328125
22 0.83828125 0.79921875 0.0625 0.11484375
23 0.80546875 0.31484375 0.03828125 0.040625