0 0.6359375 0.61484375 0.16796875 0.1515625
0 0.6890625 0.61640625 0.15390625 0.15703125
1 0.4109375 0.53203125 0.13828125 0.1453125
1 0.64375 0.7703125 0.184375 0.0765625
2 0.07734375 0.1078125 0.09765625 0.175
2 0.25078125 0.9203125 0.13984375 0.084375
3 0.73828125 0.4359375 0.07421875 0.15703125
3 0.31328125 0.55859375 0.05546875 0.16328125
4 0.253125 0.87265625 0.10703125 0.1109375
4 0.59140625 0.46796875 0.11953125 0.10390625
8 0.3984375 0.43359375 0.1125 0.1125
8 0.3515625 0.63671875 0.0953125 0.13046875
9 0.52265625 0.5640625 0.09609375 0.1015625
9 0.4375 0.3984375 0.07890625 0.125
10 0.7671875 0.4078125 0.04453125 0.121875
10 0.5734375 0.940625 0.0890625 0.10546875
11 0.47890625 0.74375 0.0765625 0.1140625
11 0.59140625 0.31640625 0.1046875 0.1
5 0.64140625 0.775 0.04453125 0.125
5 0.39921875 0.89375 0.08359375 0.10703125
6 0.7828125 0.64453125 0.10078125 0.0765625
6 0.45625 0.69921875 0.08671875 0.08046875
7 0.646875 0.53359375 0.1 0.04609375
7 0.72890625 0.71796875 0.10078125 0.05390625
12 0.38046875 0.54921875 0.075 0.071875
12 0.78515625 0.6953125 0.0890625 0.05390625
13 0.68984375 0.440625 0.06796875 0.0765625
13 0.3203125 0.865625 0.04609375 0.096875
14 0.5796875 0.4015625 0.03671875 0.0953125
14 0.66015625 0.48359375 0.0515625 0.08203125
15 0.5125 0.3640625 0.0609375 0.08203125
15 0.61171875 0.96640625 0.07421875 0.05703125
16 0.6625 0.3484375 0.0765625 0.05703125
16 0.95625 0.8046875 0.075 0.046875
17 0.65546875 0.3890625 0.065625 0.05703125
17 0.7046875 0.5359375 0.034375 0.0734375
18 0.41015625 0.684375 0.046875 0.07109375
18 0.51640625 0.4859375 0.06015625 0.05390625
19 0.96328125 0.84609375 0.0625 0.04453125
19 0.24296875 0.63046875 0.0609375 0.0515625
20 0.7125 0.62421875 0.0484375 0.0390625
20 0.80625 0.57734375 0.05390625 0.05
21 0.67109375 0.57109375 0.046875 0.0515625
21 0.41171875 0.6328125 0.05546875 0.04453125
22 0.465625 0.3375 0.065625 0.13203125
22 0.7453125 0.5765625 0.05625 0.1265625