0 0.80078125 0.81015625 0.2328125 0.1890625
0 0.78671875 0.121875 0.24921875 0.18515625
1 0.23359375 0.33828125 0.13828125 0.26953125
1 0.2140625 0.89375 0.21796875 0.0953125
2 0.9125 0.62109375 0.11875 0.240625
2 0.93984375 0.57265625 0.0875 0.253125
3 0.2 0.25390625 0.065625 0.20390625
3 0.3515625 0.871875 0.13984375 0.1796875
4 0.31640625 0.509375 0.0828125 0.2109375
4 0.75859375 0.3515625 0.16484375 0.0859375
8 0.0859375 0.6609375 0.15703125 0.1171875
8 0.296875 0.31640625 0.0890625 0.20703125
9 0.89609375 0.290625 0.13046875 0.13046875
9 0.4015625 0.2046875 0.06953125 0.18515625
10 0.68671875 0.6015625 0.121875 0.128125
10 0.55234375 0.728125 0.07890625 0.11015625
11 0.125 0.7328125 0.1125 0.1375
11 0.57890625 0.62578125 0.12734375 0.08828125
5 0.4078125 0.5609375 0.0953125 0.14140625
5 0.546875 0.50390625 0.090625 0.13359375
6 0.49609375 0.16796875 0.09375 0.1484375
6 0.82890625 0.240625 0.0515625 0.16171875
7 0.171875 0.86875 0.04765625 0.159375
7 0.2234375 0.5203125 0.13515625 0.071875
12 0.725 0.22109375 0.10546875 0.0859375
12 0.34375 0.47578125 0.10234375 0.0609375
13 0.65546875 0.1515625 0.12734375 0.05703125
13 0.521875 0.2578125 0.11015625 0.053125
14 0.19375 0.6578125 0.090625 0.11171875
14 0.87890625 0.55859375 0.0546875 0.13359375
15 0.803125 0.40703125 0.09375 0.06953125
15 0.76875 0.51640625 0.0890625 0.0828125
16 0.6515625 0.48203125 0.0890625 0.071875
16 0.25625 0.36875 0.07578125 0.09921875
17 0.484375 0.60390625 0.0578125 0.0953125
17 0.4953125 0.43359375 0.07109375 0.08984375
18 0.73046875 0.54375 0.03984375 0.09375
18 0.5375 0.803125 0.0640625 0.0828125
19 0.70234375 0.446875 0.06953125 0.0828125
19 0.6 0.31640625 0.08125 0.05703125
20 0.8296875 0.4515625 0.065625 0.0546875
20 0.36015625 0.428125 0.05078125 0.07890625
21 0.91953125 0.7140625 0.05078125 0.0953125
21 0.46171875 0.7640625 0.053125 0.07890625
22 0.77109375 0.12578125 0.07890625 0.1703125
23 0.43359375 0.66484375 0.0625 0.05703125