0 0.2234375 0.3515625 0.15078125 0.15390625
0 0.32578125 0.87265625 0.10546875 0.196875
1 0.68671875 0.203125 0.146875 0.1625
1 0.26953125 0.52890625 0.1109375 0.1515625
2 0.54296875 0.571875 0.16484375 0.11328125
2 0.40390625 0.084375 0.078125 0.16875
3 0.8171875 0.53125 0.20703125 0.04609375
3 0.49609375 0.65859375 0.1328125 0.1265625
4 0.14375 0.35390625 0.10703125 0.14765625
4 0.6671875 0.55234375 0.103125 0.13203125
8 0.92421875 0.61484375 0.13984375 0.12421875
8 0.2578125 0.31328125 0.12109375 0.12734375
9 0.1140625 0.43984375 0.134375 0.0859375
9 0.64296875 0.47734375 0.1546875 0.09140625
10 0.32265625 0.25390625 0.0546875 0.12578125
10 0.603125 0.4578125 0.103125 0.09921875
11 0.5515625 0.4265625 0.159375 0.0421875
11 0.57265625 0.49765625 0.17421875 0.05078125
5 0.08359375 0.48125 0.10703125 0.1171875
5 0.78359375 0.5234375 0.07421875 0.09453125
6 0.41953125 0.5703125 0.134375 0.06640625
6 0.26171875 0.1484375 0.134375 0.0984375
7 0.42421875 0.38984375 0.13828125 0.07265625
7 0.65 0.371875 0.05234375 0.11953125
12 0.54453125 0.365625 0.09609375 0.0734375
12 0.2390625 0.15078125 0.12109375 0.0890625
13 0.025 0.36171875 0.04375 0.10859375
13 0.4015625 0.4421875 0.04921875 0.10625
14 0.784375 0.34375 0.10390625 0.0609375
14 0.2609375 0.7953125 0.078125 0.08828125
15 0.6640625 0.3046875 0.0546875 0.078125
15 0.12421875 0.52578125 0.1109375 0.05390625
16 0.58671875 0.3328125 0.0921875 0.06875
16 0.3171875 0.41328125 0.046875 0.0890625
17 0.7328125 0.59453125 0.0796875 0.06015625
17 0.259375 0.4390625 0.0875 0.03984375
18 0.85859375 0.3828125 0.0546875 0.078125
18 0.8390625 0.484375 0.053125 0.0625
19 0.2453125 0.22734375 0.065625 0.0609375
19 0.5078125 0.46484375 0.0765625 0.053125
20 0.28359375 0.20859375 0.059375 0.0421875
20 0.61015625 0.29453125 0.04921875 0.05390625
21 0.39609375 0.21484375 0.06171875 0.05390625
21 0.72734375 0.30546875 0.08359375 0.03828125
22 0.13046875 0.5875 0.1015625 0.09921875
22 0.65 0.2234375 0.15078125 0.078125