0 0.68125 0.5234375 0.2515625 0.14375
0 0.5890625 0.3828125 0.2515625 0.1578125
1 0.5421875 0.18203125 0.17265625 0.16875
1 0.31015625 0.59140625 0.1703125 0.1671875
2 0.5453125 0.7234375 0.21953125 0.19375
2 0.60859375 0.290625 0.16015625 0.1546875
3 0.36640625 0.5609375 0.11796875 0.2484375
3 0.62890625 0.19453125 0.103125 0.20078125
4 0.4984375 0.66484375 0.15234375 0.16875
4 0.75390625 0.790625 0.21796875 0.16328125
8 0.4734375 0.9203125 0.184375 0.13828125
8 0.87265625 0.17421875 0.17421875 0.15625
9 0.728125 0.61640625 0.13828125 0.2453125
9 0.83046875 0.31953125 0.225 0.1140625
10 0.73828125 0.14921875 0.11796875 0.13125
10 0.59453125 0.42578125 0.1078125 0.140625
11 0.21796875 0.83828125 0.1421875 0.1703125
11 0.17109375 0.6796875 0.1203125 0.18671875
5 0.83984375 0.66640625 0.1453125 0.128125
5 0.6296875 0.61640625 0.13828125 0.16015625
6 0.43125 0.4265625 0.09296875 0.18125
6 0.27421875 0.80625 0.103125 0.1953125
7 0.12890625 0.84296875 0.17734375 0.13359375
7 0.378125 0.734375 0.1828125 0.1015625
12 0.8703125 0.2203125 0.09765625 0.16328125
12 0.8140625 0.59765625 0.1421875 0.10859375
13 0.1953125 0.609375 0.0828125 0.14921875
13 0.41796875 0.7578125 0.13984375 0.065625
14 0.878125 0.71640625 0.09140625 0.140625
14 0.49921875 0.82578125 0.14375 0.0671875
15 0.475 0.4921875 0.084375 0.12421875
15 0.6109375 0.32734375 0.1234375 0.09765625
16 0.12578125 0.90390625 0.146875 0.0640625
16 0.84453125 0.790625 0.1453125 0.0640625
17 0.79296875 0.3078125 0.05546875 0.12578125
17 0.3765625 0.8984375 0.1078125 0.09609375
18 0.540625 0.18359375 0.09140625 0.07265625
18 0.73984375 0.69765625 0.09140625 0.09609375
19 0.6765625 0.62109375 0.0828125 0.09375
19 0.184375 0.7140625 0.1078125 0.05703125
20 0.7453125 0.43515625 0.05078125 0.09609375
20 0.8546875 0.12734375 0.0609375 0.08671875
21 0.70859375 0.33515625 0.04921875 0.1046875
21 0.35703125 0.6765625 0.04921875 0.0921875
22 0.77109375 0.0640625 0.21484375 0.08515625
22 0.4140625 0.16484375 0.15234375 0.13828125