0 0.91484375 0.1125 0.1375 0.1640625
0 0.4890625 0.73203125 0.125 0.1125
1 0.09765625 0.6890625 0.11796875 0.10625
1 0.84765625 0.740625 0.096875 0.1671875
2 0.21328125 0.86953125 0.10390625 0.08203125
2 0.859375 0.21484375 0.1265625 0.09765625
3 0.371875 0.9171875 0.16171875 0.1078125
3 0.2390625 0.80078125 0.1734375 0.06015625
4 0.36640625 0.7375 0.0875 0.12109375
4 0.08125 0.58984375 0.09921875 0.10234375
8 0.21328125 0.57109375 0.10390625 0.1453125
8 0.671875 0.70546875 0.1734375 0.09375
9 0.2765625 0.60546875 0.06796875 0.15
9 0.54609375 0.78203125 0.1234375 0.125
10 0.25859375 0.81171875 0.07421875 0.14296875
10 0.45546875 0.91015625 0.1234375 0.1078125
11 0.59765625 0.53671875 0.1359375 0.090625
11 0.9078125 0.0734375 0.10234375 0.13828125
5 0.259375 0.72265625 0.10546875 0.09921875
5 0.5171875 0.740625 0.078125 0.13828125
6 0.17890625 0.59921875 0.140625 0.071875
6 0.315625 0.86484375 0.053125 0.12109375
7 0.7625 0.48515625 0.0796875 0.13984375
7 0.7359375 0.54921875 0.1328125 0.0921875
12 0.12578125 0.50703125 0.128125 0.06015625
12 0.3046875 0.52109375 0.15390625 0.0390625
13 0.18359375 0.75 0.09765625 0.08515625
13 0.1515625 0.73203125 0.09765625 0.06953125
14 0.7046875 0.6453125 0.11796875 0.04609375
14 0.17265625 0.54140625 0.11640625 0.06015625
15 0.43828125 0.80625 0.05546875 0.09375
15 0.65625 0.4421875 0.06953125 0.10078125
16 0.75546875 0.61328125 0.09921875 0.05078125
16 0.86328125 0.13359375 0.0765625 0.0703125
17 0.3984375 0.59609375 0.0421875 0.08828125
17 0.8078125 0.75234375 0.046875 0.08359375
18 0.5734375 0.5546875 0.084375 0.0546875
18 0.76484375 0.7203125 0.06015625 0.06640625
19 0.434375 0.559375 0.06953125 0.06953125
19 0.4484375 0.65546875 0.07109375 0.0515625
20 0.546875 0.51171875 0.07421875 0.04609375
20 0.68046875 0.621875 0.05703125 0.04140625
21 0.6140625 0.4578125 0.05703125 0.0703125
21 0.3515625 0.88984375 0.06328125 0.05078125
22 0.70859375 0.69453125 0.14453125 0.08359375
23 0.69921875 0.46953125 0.04375 0.06953125