0 0.60390625 0.59453125 0.27421875 0.1140625
0 0.734375 0.8046875 0.1359375 0.3296875
1 0.42578125 0.1703125 0.20078125 0.20625
1 0.17109375 0.21328125 0.1625 0.17890625
2 0.1140625 0.36015625 0.17421875 0.12734375
2 0.26484375 0.5375 0.1078125 0.2
3 0.23671875 0.64765625 0.184375 0.13125
3 0.62109375 0.3625 0.06015625 0.246875
4 0.83203125 0.2359375 0.15625 0.1984375
4 0.4609375 0.2734375 0.14453125 0.14296875
8 0.17109375 0.16171875 0.06953125 0.196875
8 0.37734375 0.51328125 0.0734375 0.23671875
9 0.84609375 0.36484375 0.20078125 0.0984375
9 0.6921875 0.25703125 0.09453125 0.17109375
10 0.35078125 0.1140625 0.153125 0.08515625
10 0.41796875 0.52109375 0.17421875 0.090625
11 0.16015625 0.47421875 0.1578125 0.1
11 0.27578125 0.57578125 0.14609375 0.0921875
5 0.46640625 0.534375 0.05625 0.18671875
5 0.48125 0.1625 0.1109375 0.10234375
6 0.6125 0.6828125 0.06796875 0.1828125
6 0.64453125 0.81796875 0.06953125 0.17890625
7 0.53828125 0.64453125 0.14609375 0.0984375
7 0.75234375 0.71015625 0.14296875 0.12109375
12 0.62265625 0.4140625 0.1328125 0.065625
12 0.3828125 0.26875 0.06171875 0.140625
13 0.62890625 0.36875 0.134375 0.0484375
13 0.571875 0.76484375 0.0546875 0.14296875
14 0.54921875 0.23046875 0.06484375 0.1328125
14 0.39140625 0.45 0.12109375 0.10234375
15 0.69921875 0.6328125 0.103125 0.06328125
15 0.31640625 0.18515625 0.06171875 0.11953125
16 0.28046875 0.38359375 0.0796875 0.115625
16 0.75546875 0.2890625 0.11328125 0.08828125
17 0.7875 0.54453125 0.0765625 0.10625
17 0.23359375 0.62265625 0.09140625 0.07734375
18 0.70546875 0.490625 0.084375 0.0828125
18 0.5859375 0.53671875 0.04453125 0.1171875
19 0.58828125 0.88828125 0.0765625 0.09609375
19 0.3984375 0.58828125 0.09296875 0.0671875
20 0.7328125 0.41171875 0.06640625 0.07890625
20 0.39296875 0.35859375 0.075 0.065625
21 0.52421875 0.36796875 0.0546875 0.0921875
21 0.32578125 0.45703125 0.04296875 0.08515625
22 0.1890625 0.45546875 0.103125 0.190625
23 0.44140625 0.23203125 0.06171875 0.07890625