0 0.5890625 0.55625 0.1390625 0.1328125
0 0.36015625 0.70546875 0.1265625 0.12421875
1 0.50078125 0.6765625 0.09609375 0.10546875
1 0.5546875 0.9578125 0.09296875 0.08203125
2 0.4328125 0.5796875 0.05390625 0.13125
2 0.44921875 0.76328125 0.090625 0.1296875
3 0.303125 0.57421875 0.0625 0.12578125
3 0.81640625 0.71328125 0.053125 0.140625
4 0.66171875 0.2875 0.084375 0.1171875
4 0.29609375 0.73515625 0.10859375 0.109375
8 0.7546875 0.271875 0.1234375 0.1
8 0.64609375 0.84765625 0.153125 0.04296875
9 0.7546875 0.84375 0.1125 0.09609375
9 0.234375 0.54765625 0.053125 0.12578125
10 0.82421875 0.43984375 0.0984375 0.07421875
10 0.6875 0.71328125 0.1390625 0.04296875
11 0.815625 0.703125 0.128125 0.05078125
11 0.790625 0.49765625 0.090625 0.07265625
5 0.84296875 0.509375 0.06953125 0.09296875
5 0.2265625 0.69375 0.08046875 0.096875
6 0.8109375 0.03359375 0.1390625 0.04140625
6 0.428125 0.39921875 0.0515625 0.0859375
7 0.5796875 0.56640625 0.0765625 0.09609375
7 0.7296875 0.5640625 0.12109375 0.040625
12 0.55 0.82578125 0.09140625 0.06484375
12 0.71796875 0.37890625 0.10546875 0.04296875
13 0.503125 0.365625 0.0765625 0.06953125
13 0.62734375 0.42421875 0.09609375 0.05234375
14 0.89296875 0.47578125 0.09140625 0.05859375
14 0.6390625 0.34453125 0.071875 0.078125
15 0.79296875 0.540625 0.0859375 0.0578125
15 0.5859375 0.62890625 0.0890625 0.04140625
16 0.82265625 0.3796875 0.0875 0.04609375
16 0.08828125 0.61796875 0.08203125 0.06171875
17 0.915625 0.62109375 0.0640625 0.06484375
17 0.74375 0.43359375 0.059375 0.05859375
18 0.7203125 0.0546875 0.07890625 0.04296875
18 0.71796875 0.4640625 0.04140625 0.059375
19 0.496875 0.48984375 0.06640625 0.05078125
19 0.6640625 0.59609375 0.06953125 0.04296875
20 0.721875 0.6734375 0.04296875 0.05
20 0.80234375 0.84765625 0.0515625 0.04453125
21 0.71328125 0.62109375 0.05390625 0.04921875
21 0.0578125 0.64296875 0.0625 0.03203125
22 0.27421875 0.7953125 0.1125 0.06953125
22 0.71796875 0.78515625 0.1390625 0.034375