0 0.6515625 0.2109375 0.221875 0.22890625
0 0.7421875 0.6796875 0.2609375 0.1546875
1 0.52734375 0.60546875 0.1296875 0.17890625
1 0.56015625 0.17734375 0.20546875 0.16171875
2 0.5171875 0.9203125 0.25703125 0.1046875
2 0.93671875 0.62734375 0.12265625 0.253125
3 0.2984375 0.45703125 0.1078125 0.23203125
3 0.4828125 0.69140625 0.2359375 0.07734375
4 0.78125 0.21796875 0.2 0.11171875
4 0.72265625 0.53359375 0.20390625 0.08984375
8 0.72578125 0.3234375 0.2109375 0.06875
8 0.13671875 0.5109375 0.25546875 0.065625
9 0.09453125 0.64375 0.08671875 0.20625
9 0.83515625 0.72890625 0.07421875 0.20859375
10 0.9234375 0.88359375 0.08515625 0.1671875
10 0.4890625 0.4828125 0.18828125 0.07421875
11 0.24296875 0.7609375 0.11328125 0.1515625
11 0.3609375 0.61171875 0.15078125 0.1015625
5 0.3109375 0.22109375 0.1046875 0.17421875
5 0.63125 0.4640625 0.1203125 0.14296875
6 0.590625 0.140625 0.15234375 0.1328125
6 0.73203125 0.3828125 0.16640625 0.0671875
7 0.346875 0.44765625 0.16875 0.0828125
7 0.59765625 0.83671875 0.1734375 0.0859375
12 0.3796875 0.790625 0.078125 0.15
12 0.459375 0.54140625 0.134375 0.0640625
13 0.6625 0.871875 0.12265625 0.09140625
13 0.76953125 0.49921875 0.1171875 0.12421875
14 0.5546875 0.94921875 0.1171875 0.084375
14 0.6390625 0.69609375 0.1046875 0.11875
15 0.21015625 0.8234375 0.12578125 0.0640625
15 0.24765625 0.88828125 0.10078125 0.1
16 0.73125 0.9125 0.06171875 0.12421875
16 0.41640625 0.74453125 0.09609375 0.0984375
17 0.24765625 0.36796875 0.09765625 0.1
17 0.7890625 0.59375 0.11328125 0.0484375
18 0.196875 0.91796875 0.0640625 0.09453125
18 0.63671875 0.0546875 0.11015625 0.0515625
19 0.54375 0.35859375 0.06171875 0.0875
19 0.7015625 0.56015625 0.0796875 0.0703125
20 0.16484375 0.68984375 0.06015625 0.0828125
20 0.34140625 0.7984375 0.07265625 0.06171875
21 0.6 0.38359375 0.05859375 0.07890625
21 0.42734375 0.59921875 0.05 0.07265625
22 0.49765625 0.915625 0.07265625 0.15859375
22 0.75703125 0.675 0.13828125 0.0859375