0 0.71875 0.4015625 0.1234375 0.0921875
0 0.33125 0.1828125 0.146875 0.12421875
1 0.20078125 0.60234375 0.17734375 0.1
1 0.38046875 0.4953125 0.221875 0.0984375
2 0.83828125 0.575 0.15546875 0.08828125
2 0.10625 0.096875 0.1125 0.15546875
3 0.21015625 0.14609375 0.10234375 0.16640625
3 0.803125 0.465625 0.11328125 0.1234375
4 0.78828125 0.33515625 0.16328125 0.06796875
4 0.18046875 0.45390625 0.14140625 0.14609375
8 0.93359375 0.7125 0.109375 0.09453125
8 0.365625 0.17890625 0.08828125 0.11953125
9 0.353125 0.40859375 0.10703125 0.1265625
9 0.825 0.58046875 0.03984375 0.1703125
10 0.53984375 0.76171875 0.0984375 0.1203125
10 0.27734375 0.403125 0.0421875 0.13984375
11 0.6171875 0.490625 0.125 0.06796875
11 0.3359375 0.646875 0.12890625 0.05
5 0.5921875 0.64140625 0.05 0.1234375
5 0.7890625 0.67734375 0.08515625 0.1140625
6 0.571875 0.59140625 0.08046875 0.1296875
6 0.5734375 0.415625 0.11875 0.06171875
7 0.80234375 0.28359375 0.1125 0.06015625
7 0.7671875 0.46640625 0.1109375 0.071875
12 0.675 0.453125 0.06640625 0.08359375
12 0.71015625 0.490625 0.0609375 0.1015625
13 0.35390625 0.27421875 0.08046875 0.0875
13 0.32109375 0.58515625 0.08046875 0.07578125
14 0.4875 0.4515625 0.08125 0.09765625
14 0.50078125 0.509375 0.0703125 0.06015625
15 0.36796875 0.61171875 0.0828125 0.0765625
15 0.7671875 0.9453125 0.078125 0.08359375
16 0.5203125 0.54296875 0.08671875 0.04765625
16 0.42890625 0.68046875 0.090625 0.0703125
17 0.35234375 0.69921875 0.06640625 0.07578125
17 0.31484375 0.58359375 0.0609375 0.08203125
18 0.5609375 0.55859375 0.0625 0.0625
18 0.6828125 0.6671875 0.06484375 0.0578125
19 0.42890625 0.34453125 0.04375 0.078125
19 0.05859375 0.18828125 0.06875 0.05625
20 0.46328125 0.70078125 0.06015625 0.03984375
20 0.6296875 0.49921875 0.0296875 0.05
21 0.63046875 0.553125 0.040625 0.065625
21 0.6875 0.63359375 0.040625 0.0484375
22 0.69296875 0.63515625 0.075 0.1265625
23 0.35703125 0.35078125 0.04375 0.065625