0 0.5796875 0.565625 0.0890625 0.17421875
0 0.75390625 0.6 0.1609375 0.10234375
1 0.6453125 0.7296875 0.159375 0.10859375
1 0.54765625 0.74921875 0.1078125 0.08671875
2 0.34921875 0.33671875 0.12734375 0.06796875
2 0.446875 0.5421875 0.07578125 0.1328125
3 0.22265625 0.284375 0.11171875 0.1046875
3 0.7546875 0.66875 0.04921875 0.14765625
4 0.9109375 0.66171875 0.13359375 0.0453125
4 0.215625 0.64296875 0.12734375 0.04140625
8 0.41796875 0.57109375 0.10703125 0.0875
8 0.28984375 0.68359375 0.1109375 0.08203125
9 0.2375 0.69140625 0.11015625 0.04140625
9 0.44375 0.921875 0.0609375 0.13671875
10 0.11796875 0.271875 0.06328125 0.1046875
10 0.19296875 0.48203125 0.04140625 0.12890625
11 0.2625 0.54296875 0.053125 0.11953125
11 0.36171875 0.590625 0.071875 0.09609375
5 0.64296875 0.34453125 0.078125 0.10390625
5 0.94921875 0.52109375 0.09921875 0.04765625
6 0.35078125 0.10625 0.10546875 0.0390625
6 0.08125 0.52578125 0.09453125 0.065625
7 0.57109375 0.065625 0.07890625 0.0984375
7 0.7953125 0.60703125 0.06484375 0.1125
12 0.3796875 0.0484375 0.08515625 0.0390625
12 0.0859375 0.56796875 0.03046875 0.0953125
13 0.43515625 0.30234375 0.03515625 0.1046875
13 0.86171875 0.59921875 0.0328125 0.09609375
14 0.46640625 0.22890625 0.071875 0.071875
14 0.9265625 0.7015625 0.0828125 0.03515625
15 0.4171875 0.60078125 0.03515625 0.084375
15 0.67890625 0.7375 0.06328125 0.0625
16 0.24453125 0.334375 0.0625 0.06484375
16 0.61328125 0.5828125 0.0546875 0.06796875
17 0.66171875 0.6421875 0.04453125 0.0671875
17 0.2921875 0.65859375 0.0296875 0.06796875
18 0.4078125 0.659375 0.03359375 0.0671875
18 0.521875 0.30625 0.059375 0.0484375
19 0.21328125 0.58046875 0.0546875 0.034375
19 0.0453125 0.803125 0.053125 0.05703125
20 0.20625 0.72890625 0.0328125 0.05390625
20 0.49453125 0.63828125 0.04296875 0.05703125
21 0.38828125 0.90625 0.0453125 0.05859375
21 0.21875 0.615625 0.0453125 0.04296875
22 0.56328125 0.32578125 0.07265625 0.1125
23 0.96953125 0.55625 0.03671875 0.0484375