0 0.59140625 0.30546875 0.10390625 0.24296875
0 0.57578125 0.1171875 0.12421875 0.1515625
1 0.36796875 0.159375 0.1609375 0.14140625
1 0.2125 0.340625 0.11328125 0.2546875
2 0.46875 0.8859375 0.17578125 0.13671875
2 0.70078125 0.64453125 0.24609375 0.0515625
3 0.6328125 0.4546875 0.17109375 0.16015625
3 0.70625 0.65859375 0.10390625 0.14140625
4 0.61171875 0.87265625 0.17109375 0.13125
4 0.43828125 0.7625 0.10859375 0.11171875
8 0.1078125 0.54765625 0.059375 0.20625
8 0.7796875 0.3296875 0.0859375 0.153125
9 0.3625 0.87109375 0.0578125 0.184375
9 0.55546875 0.66875 0.0625 0.159375
10 0.3359375 0.58984375 0.071875 0.1578125
10 0.5390625 0.7625 0.11484375 0.134375
11 0.45390625 0.35 0.11015625 0.125
11 0.1890625 0.53671875 0.09921875 0.134375
5 0.815625 0.38515625 0.1296875 0.11015625
5 0.4765625 0.22890625 0.1578125 0.071875
6 0.3296875 0.47265625 0.11484375 0.11484375
6 0.68359375 0.234375 0.10703125 0.08828125
7 0.45703125 0.46640625 0.159375 0.06328125
7 0.55078125 0.09453125 0.0890625 0.13828125
12 0.6515625 0.28125 0.128125 0.053125
12 0.6296875 0.4046875 0.0859375 0.1328125
13 0.69453125 0.3234375 0.11953125 0.06640625
13 0.81484375 0.4984375 0.0671875 0.11328125
14 0.74140625 0.4703125 0.128125 0.0515625
14 0.39765625 0.51953125 0.125 0.05625
15 0.5296875 0.396875 0.05078125 0.09609375
15 0.63203125 0.6046875 0.09921875 0.0484375
16 0.284375 0.2359375 0.0765625 0.1
16 0.48984375 0.1796875 0.06875 0.0734375
17 0.28125 0.425 0.09453125 0.0484375
17 0.73046875 0.5671875 0.084375 0.06484375
18 0.6578125 0.76484375 0.09453125 0.0484375
18 0.44296875 0.56796875 0.05390625 0.078125
19 0.16328125 0.63984375 0.0734375 0.078125
19 0.88828125 0.45625 0.0828125 0.0703125
20 0.61953125 0.71015625 0.0703125 0.05859375
20 0.159375 0.41171875 0.0703125 0.0453125
21 0.62421875 0.6734375 0.0765625 0.05625
21 0.4859375 0.26875 0.0703125 0.0546875
22 0.571875 0.54140625 0.16796875 0.0515625
22 0.9046875 0.5578125 0.10859375 0.08515625