0 0.19140625 0.4015625 0.1703125 0.15625
0 0.6921875 0.93359375 0.240625 0.11328125
1 0.49921875 0.20390625 0.08671875 0.28671875
1 0.68125 0.18984375 0.25234375 0.2453125
2 0.73515625 0.4046875 0.21171875 0.10546875
2 0.79375 0.54375 0.1671875 0.20546875
3 0.54375 0.871875 0.26484375 0.0875
3 0.64921875 0.3359375 0.240625 0.0796875
4 0.25390625 0.10625 0.225 0.1609375
4 0.41875 0.90078125 0.1484375 0.1859375
8 0.63828125 0.19453125 0.2390625 0.0984375
8 0.08203125 0.66171875 0.16015625 0.11953125
9 0.66640625 0.77734375 0.21640625 0.13046875
9 0.878125 0.7359375 0.14140625 0.19453125
10 0.5296875 0.775 0.1484375 0.12578125
10 0.3796875 0.63046875 0.08671875 0.1625
11 0.31875 0.39296875 0.15703125 0.0828125
11 0.5375 0.89765625 0.08203125 0.1609375
5 0.47109375 0.5828125 0.13671875 0.12734375
5 0.5640625 0.50703125 0.0734375 0.1828125
6 0.86640625 0.575 0.17890625 0.0953125
6 0.1 0.73671875 0.1078125 0.1796875
7 0.42578125 0.428125 0.1484375 0.0828125
7 0.6171875 0.52421875 0.1859375 0.0640625
12 0.73515625 0.73828125 0.15 0.05859375
12 0.45390625 0.82109375 0.11640625 0.090625
13 0.2484375 0.8515625 0.12109375 0.12109375
13 0.79921875 0.546875 0.1625 0.06875
14 0.6484375 0.309375 0.14296875 0.065625
14 0.91796875 0.7625 0.1328125 0.13046875
15 0.2109375 0.80234375 0.09765625 0.11171875
15 0.37890625 0.66015625 0.14296875 0.05859375
16 0.83515625 0.64921875 0.12421875 0.075
16 0.10703125 0.53359375 0.06328125 0.13046875
17 0.31875 0.49921875 0.0546875 0.11015625
17 0.3265625 0.915625 0.04921875 0.12109375
18 0.6078125 0.65 0.10234375 0.06015625
18 0.4015625 0.7203125 0.0734375 0.05234375
19 0.1625 0.30703125 0.1125 0.04453125
19 0.078125 0.79765625 0.0953125 0.0953125
20 0.171875 0.6390625 0.06640625 0.05859375
20 0.26953125 0.6984375 0.0890625 0.04921875
21 0.72109375 0.47265625 0.08671875 0.05078125
21 0.209375 0.40859375 0.08671875 0.05234375
22 0.1890625 0.56015625 0.15 0.153125
23 0.28984375 0.746875 0.09921875 0.0640625