0 0.596875 0.4640625 0.1671875 0.16953125
0 0.69296875 0.16328125 0.125 0.1171875
1 0.42578125 0.6015625 0.209375 0.14765625
1 0.82734375 0.8 0.1921875 0.09609375
2 0.665625 0.60078125 0.0796875 0.125
2 0.4015625 0.68046875 0.1390625 0.13515625
3 0.58984375 0.32890625 0.109375 0.109375
3 0.409375 0.45625 0.1890625 0.0421875
4 0.42265625 0.17421875 0.096875 0.1296875
4 0.79375 0.66328125 0.125 0.1046875
8 0.82890625 0.73125 0.1328125 0.06328125
8 0.72265625 0.64453125 0.1625 0.075
9 0.509375 0.471875 0.0953125 0.125
9 0.6390625 0.85234375 0.1171875 0.06015625
10 0.31484375 0.825 0.075 0.10625
10 0.68125 0.5234375 0.1453125 0.0515625
11 0.67890625 0.078125 0.0875 0.09609375
11 0.68671875 0.93671875 0.13125 0.0671875
5 0.71484375 0.26015625 0.040625 0.10703125
5 0.50859375 0.78203125 0.09375 0.08359375
6 0.59609375 0.14296875 0.05 0.10703125
6 0.5984375 0.91640625 0.1203125 0.0515625
7 0.25 0.865625 0.075 0.11484375
7 0.59609375 0.325 0.1625 0.06328125
12 0.53828125 0.35859375 0.121875 0.03203125
12 0.71484375 0.3796875 0.115625 0.05
13 0.64921875 0.3296875 0.103125 0.075
13 0.490625 0.18203125 0.0609375 0.078125
14 0.6453125 0.86875 0.0765625 0.06796875
14 0.5671875 0.67890625 0.1109375 0.05390625
15 0.3578125 0.80078125 0.0984375 0.03671875
15 0.2 0.815625 0.05625 0.0828125
16 0.60546875 0.92421875 0.053125 0.07109375
16 0.634375 0.8234375 0.0671875 0.07265625
17 0.4890625 0.6453125 0.0765625 0.03125
17 0.4875 0.43125 0.0796875 0.04609375
18 0.71875 0.7984375 0.0515625 0.05
18 0.6796875 0.81796875 0.0640625 0.02890625
19 0.27734375 0.73828125 0.065625 0.04609375
19 0.11796875 0.22578125 0.0703125 0.05546875
20 0.6015625 0.5125 0.0390625 0.046875
20 0.421875 0.66015625 0.0640625 0.02578125
21 0.57109375 0.44453125 0.08125 0.03671875
21 0.50546875 0.278125 0.03125 0.03984375
22 0.56484375 0.5875 0.075 0.10859375
23 0.94921875 0.746875 0.0640625 0.03046875