0 0.81015625 0.3609375 0.1375 0.2015625
0 0.2828125 0.8203125 0.14375 0.128125
1 0.52265625 0.23515625 0.221875 0.13046875
1 0.375 0.53828125 0.23671875 0.14140625
2 0.58828125 0.340625 0.209375 0.05546875
2 0.640625 0.1296875 0.1046875 0.17109375
3 0.15078125 0.51015625 0.175 0.125
3 0.70390625 0.2140625 0.1765625 0.10078125
4 0.66640625 0.196875 0.08828125 0.1625
4 0.596875 0.51640625 0.16484375 0.115625
8 0.65390625 0.74921875 0.09453125 0.14765625
8 0.83203125 0.6359375 0.06875 0.17109375
9 0.10703125 0.6578125 0.05390625 0.1703125
9 0.64765625 0.45546875 0.171875 0.06953125
10 0.52421875 0.715625 0.075 0.13828125
10 0.3578125 0.10625 0.12421875 0.09453125
11 0.16640625 0.32578125 0.09140625 0.13359375
11 0.1828125 0.359375 0.146875 0.08984375
5 0.3703125 0.15234375 0.13203125 0.0703125
5 0.76875 0.36640625 0.12265625 0.05546875
6 0.184375 0.8671875 0.1109375 0.11875
6 0.525 0.11875 0.0703125 0.13515625
7 0.44296875 0.7296875 0.075 0.14140625
7 0.228125 0.18515625 0.16171875 0.06015625
12 0.71953125 0.61015625 0.12578125 0.05234375
12 0.58515625 0.7125 0.08203125 0.10546875
13 0.6953125 0.67109375 0.13203125 0.06796875
13 0.4453125 0.39609375 0.1125 0.0765625
14 0.44453125 0.48984375 0.1109375 0.075
14 0.2375 0.30859375 0.10625 0.09296875
15 0.17109375 0.6640625 0.0671875 0.09140625
15 0.3921875 0.75078125 0.06171875 0.0890625
16 0.32421875 0.58828125 0.1 0.06953125
16 0.86875 0.53984375 0.09296875 0.08125
17 0.153125 0.42421875 0.09296875 0.05703125
17 0.403125 0.28984375 0.05078125 0.09609375
18 0.52265625 0.40625 0.065625 0.078125
18 0.48125 0.6671875 0.0765625 0.06171875
19 0.38828125 0.421875 0.0796875 0.06796875
19 0.15625 0.75234375 0.0796875 0.0703125
20 0.36796875 0.21796875 0.078125 0.05078125
20 0.746875 0.7515625 0.05546875 0.06640625
21 0.27578125 0.72265625 0.08515625 0.05234375
21 0.60703125 0.63515625 0.04375 0.0734375
22 0.9140625 0.43515625 0.0796875 0.13671875
23 0.31484375 0.2703125 0.05078125 0.06796875