0 0.68125 0.25703125 0.28125 0.13984375
0 0.43046875 0.46640625 0.24921875 0.14140625
1 0.29609375 0.86484375 0.15859375 0.1671875
1 0.38515625 0.4953125 0.21796875 0.1984375
2 0.52109375 0.65859375 0.2703125 0.053125
2 0.15078125 0.7765625 0.253125 0.1515625
3 0.77734375 0.16796875 0.21484375 0.1828125
3 0.50546875 0.64453125 0.10625 0.234375
4 0.5953125 0.20546875 0.12578125 0.234375
4 0.415625 0.77890625 0.08046875 0.21484375
8 0.24609375 0.35703125 0.23046875 0.06875
8 0.35546875 0.3546875 0.134375 0.14921875
9 0.52421875 0.815625 0.1796875 0.06875
9 0.31171875 0.73046875 0.08203125 0.23203125
10 0.4234375 0.2234375 0.14140625 0.1671875
10 0.55390625 0.3703125 0.1203125 0.18125
11 0.13671875 0.55390625 0.07890625 0.18671875
11 0.315625 0.25234375 0.1640625 0.08671875
5 0.26796875 0.7125 0.1515625 0.10625
5 0.86796875 0.18828125 0.12734375 0.1828125
6 0.909375 0.40625 0.1015625 0.17890625
6 0.67890625 0.690625 0.06953125 0.1734375
7 0.6125 0.56484375 0.12578125 0.15390625
7 0.5671875 0.40234375 0.1640625 0.10859375
12 0.409375 0.5796875 0.12734375 0.1125
12 0.77421875 0.55546875 0.1375 0.059375
13 0.34765625 0.6921875 0.11875 0.053125
13 0.534375 0.2234375 0.0765625 0.1125
14 0.73984375 0.38125 0.12578125 0.06484375
14 0.334375 0.4859375 0.05390625 0.1296875
15 0.4421875 0.13359375 0.07890625 0.11015625
15 0.61953125 0.56171875 0.1046875 0.084375
16 0.6765625 0.46953125 0.10625 0.08046875
16 0.5734375 0.66328125 0.0578125 0.1375
17 0.33515625 0.21953125 0.0625 0.1125
17 0.2609375 0.51875 0.09921875 0.08828125
18 0.11875 0.37578125 0.05546875 0.09453125
18 0.525 0.7625 0.08359375 0.0453125
19 0.76640625 0.30546875 0.06640625 0.07890625
19 0.84765625 0.4734375 0.046875 0.10859375
20 0.796875 0.4859375 0.06796875 0.05546875
20 0.4671875 0.60625 0.03671875 0.06328125
21 0.196875 0.4046875 0.0765625 0.0609375
21 0.25859375 0.74375 0.0625 0.06328125
22 0.28984375 0.321875 0.17109375 0.04921875
22 0.7078125 0.25703125 0.08203125 0.203125