0 0.74375 0.240625 0.26796875 0.17109375
0 0.27578125 0.3125 0.21484375 0.1359375
1 0.384375 0.76953125 0.3390625 0.1328125
1 0.60234375 0.52265625 0.16171875 0.15
2 0.18203125 0.3890625 0.115625 0.20625
2 0.515625 0.60625 0.13515625 0.215625
3 0.80859375 0.48046875 0.17109375 0.17265625
3 0.28125 0.3234375 0.15546875 0.06875
4 0.3046875 0.5109375 0.153125 0.16328125
4 0.31953125 0.778125 0.23984375 0.10859375
8 0.14765625 0.71796875 0.11328125 0.17734375
8 0.40546875 0.6578125 0.1109375 0.18203125
9 0.6421875 0.31875 0.2015625 0.10390625
9 0.74375 0.47421875 0.24140625 0.09296875
10 0.7015625 0.51171875 0.121875 0.1515625
10 0.728125 0.6875 0.06875 0.16796875
11 0.3703125 0.21953125 0.0796875 0.1515625
11 0.79375 0.346875 0.06640625 0.15625
5 0.79140625 0.55703125 0.1421875 0.1421875
5 0.22734375 0.5625 0.10859375 0.134375
6 0.39453125 0.909375 0.12421875 0.11015625
6 0.49296875 0.1515625 0.20625 0.0671875
7 0.6328125 0.2515625 0.228125 0.05234375
7 0.59296875 0.11015625 0.2109375 0.0796875
12 0.55 0.6359375 0.1109375 0.09296875
12 0.66171875 0.67421875 0.0640625 0.128125
13 0.1640625 0.58046875 0.0890625 0.11328125
13 0.2703125 0.54921875 0.10625 0.08984375
14 0.4921875 0.40859375 0.12890625 0.09921875
14 0.50546875 0.2171875 0.14609375 0.0703125
15 0.39140625 0.3609375 0.05078125 0.09921875
15 0.52890625 0.34453125 0.1484375 0.05234375
16 0.42265625 0.4625 0.11328125 0.078125
16 0.56015625 0.09140625 0.06875 0.11484375
17 0.60234375 0.61328125 0.0640625 0.0734375
17 0.55625 0.48359375 0.10625 0.0625
18 0.521875 0.1875 0.06875 0.075
18 0.71953125 0.1234375 0.1265625 0.05234375
19 0.54140625 0.70078125 0.0890625 0.078125
19 0.4390625 0.3828125 0.06640625 0.06875
20 0.45859375 0.271875 0.0796875 0.05078125
20 0.24609375 0.64609375 0.10625 0.04296875
21 0.29921875 0.684375 0.10234375 0.05625
21 0.4921875 0.1765625 0.053125 0.05625
22 0.28515625 0.14453125 0.1484375 0.1359375
23 0.26640625 0.50234375 0.075 0.06875