0 0.51171875 0.51796875 0.1734375 0.1671875
0 0.69921875 0.825 0.21015625 0.09609375
1 0.784375 0.78984375 0.2375 0.1015625
1 0.68515625 0.534375 0.22109375 0.11328125
2 0.2859375 0.88203125 0.19609375 0.06875
2 0.3671875 0.18203125 0.0875 0.1671875
3 0.83828125 0.88515625 0.05859375 0.1484375
3 0.37890625 0.58125 0.0796875 0.090625
4 0.20390625 0.2859375 0.06015625 0.15078125
4 0.3875 0.48515625 0.11015625 0.14140625
8 0.503125 0.646875 0.10859375 0.1359375
8 0.6796875 0.88984375 0.10859375 0.09296875
9 0.41796875 0.30859375 0.084375 0.1203125
9 0.1890625 0.88125 0.05234375 0.1296875
10 0.23984375 0.69765625 0.12578125 0.0703125
10 0.396875 0.70625 0.13046875 0.0609375
11 0.28515625 0.9375 0.12734375 0.04453125
11 0.53984375 0.70234375 0.0703125 0.09609375
5 0.41875 0.865625 0.12734375 0.0765625
5 0.65390625 0.32109375 0.05546875 0.1265625
6 0.51171875 0.11171875 0.090625 0.11640625
6 0.3625 0.32734375 0.06875 0.1171875
7 0.25234375 0.215625 0.09375 0.0984375
7 0.3578125 0.146875 0.13828125 0.0515625
12 0.82265625 0.6875 0.090625 0.071875
12 0.09296875 0.84140625 0.1 0.06328125
13 0.1375 0.84921875 0.06875 0.07421875
13 0.2890625 0.46640625 0.04609375 0.090625
14 0.20078125 0.7546875 0.10859375 0.0390625
14 0.57734375 0.4109375 0.04609375 0.09296875
15 0.34140625 0.66953125 0.06875 0.0703125
15 0.21484375 0.37890625 0.0859375 0.046875
16 0.2890625 0.3390625 0.06875 0.0765625
16 0.21015625 0.2625 0.0984375 0.04453125
17 0.45078125 0.56171875 0.04765625 0.0671875
17 0.609375 0.40546875 0.04296875 0.07421875
18 0.4171875 0.6765625 0.0734375 0.0578125
18 0.25859375 0.51953125 0.04921875 0.059375
19 0.653125 0.81953125 0.0765625 0.04453125
19 0.22265625 0.53046875 0.04140625 0.0671875
20 0.365625 0.81015625 0.06171875 0.04453125
20 0.296875 0.290625 0.04296875 0.0421875
21 0.5203125 0.37265625 0.05703125 0.06484375
21 0.5375 0.30859375 0.065625 0.05
22 0.63984375 0.74765625 0.15 0.0484375