0 0.3 0.75234375 0.2390625 0.11171875
0 0.84375 0.56015625 0.25078125 0.15859375
1 0.87265625 0.68515625 0.0703125 0.27890625
1 0.35703125 0.45234375 0.07734375 0.28515625
2 0.79921875 0.86328125 0.21328125 0.1015625
2 0.69609375 0.28984375 0.20234375 0.07109375
3 0.7109375 0.74375 0.184375 0.121875
3 0.784375 0.45078125 0.11796875 0.20546875
4 0.3265625 0.25625 0.19375 0.11015625
4 0.4734375 0.60625 0.06640625 0.2140625
8 0.07578125 0.3953125 0.0921875 0.1953125
8 0.5375 0.61328125 0.084375 0.1953125
9 0.62734375 0.6671875 0.1046875 0.15703125
9 0.4984375 0.66171875 0.1859375 0.08125
10 0.51171875 0.16875 0.14375 0.13046875
10 0.63984375 0.459375 0.134375 0.1
11 0.5703125 0.815625 0.07890625 0.140625
11 0.50625 0.43515625 0.12890625 0.11171875
5 0.46796875 0.559375 0.13984375 0.075
5 0.94140625 0.6265625 0.05546875 0.1734375
6 0.48671875 0.28984375 0.1453125 0.08359375
6 0.33203125 0.80234375 0.1640625 0.05703125
7 0.7078125 0.63125 0.071875 0.1671875
7 0.41328125 0.51796875 0.10859375 0.13203125
12 0.7421875 0.79453125 0.08828125 0.121875
12 0.4734375 0.865625 0.08125 0.13046875
13 0.60390625 0.40546875 0.11796875 0.07734375
13 0.48515625 0.228125 0.1125 0.08125
14 0.82578125 0.64453125 0.09375 0.1078125
14 0.43671875 0.7375 0.121875 0.05703125
15 0.2515625 0.8296875 0.1046875 0.0796875
15 0.43203125 0.353125 0.05703125 0.1203125
16 0.12890625 0.5703125 0.05859375 0.121875
16 0.64609375 0.18203125 0.1140625 0.07109375
17 0.47890625 0.34140625 0.084375 0.075
17 0.3421875 0.88828125 0.08828125 0.1015625
18 0.378125 0.1546875 0.05703125 0.09765625
18 0.715625 0.40625 0.07578125 0.0796875
19 0.56875 0.43984375 0.0625 0.08125
19 0.5609375 0.15703125 0.06484375 0.08515625
20 0.58046875 0.2671875 0.07734375 0.06484375
20 0.09140625 0.2546875 0.07890625 0.0609375
21 0.6765625 0.7109375 0.05 0.08515625
21 0.5484375 0.7078125 0.0703125 0.06328125
22 0.5359375 0.084375 0.15859375 0.08359375
22 0.57734375 0.90625 0.13828125 0.09375