0 0.54765625 0.8 0.028125 0.1328125
0 0.74609375 0.10859375 0.06796875 0.0734375
1 0.32734375 0.7015625 0.03515625 0.13671875
1 0.4046875 0.63671875 0.09609375 0.04296875
2 0.228125 0.103125 0.046875 0.071875
2 0.6046875 0.95390625 0.08984375 0.053125
3 0.4609375 0.7625 0.0375 0.09296875
3 0.434375 0.928125 0.06875 0.053125
4 0.49921875 0.778125 0.02421875 0.09453125
4 0.36484375 0.11640625 0.08125 0.03203125
8 0.34296875 0.4359375 0.07265625 0.04609375
8 0.35390625 0.6515625 0.06875 0.02421875
9 0.1953125 0.1375 0.0234375 0.0890625
9 0.3140625 0.68671875 0.06953125 0.03125
10 0.36171875 0.74140625 0.04296875 0.0703125
10 0.88984375 0.10625 0.06875 0.03046875
11 0.23671875 0.17890625 0.02265625 0.0703125
11 0.4640625 0.85546875 0.05234375 0.046875
5 0.3015625 0.2546875 0.06328125 0.0328125
5 0.4796875 0.178125 0.01875 0.0765625
6 0.43515625 0.18671875 0.0453125 0.07109375
6 0.43203125 0.77890625 0.01796875 0.07890625
7 0.8296875 0.0875 0.05 0.06640625
7 0.29375 0.37578125 0.05859375 0.034375
12 0.37578125 0.68828125 0.0421875 0.0484375
12 0.209375 0.5265625 0.04140625 0.0515625
13 0.54921875 0.49375 0.04921875 0.0234375
13 0.51953125 0.575 0.04140625 0.03515625
14 0.21796875 0.25625 0.05 0.028125
14 0.48984375 0.53828125 0.03359375 0.053125
15 0.3703125 0.778125 0.03359375 0.0421875
15 0.95703125 0.0375 0.04375 0.03828125
16 0.4609375 0.621875 0.03671875 0.0421875
16 0.69140625 0.09375 0.03984375 0.0390625
17 0.40234375 0.7921875 0.03671875 0.02734375
17 0.1234375 0.5203125 0.03046875 0.03984375
18 0.4 0.821875 0.02265625 0.040625
18 0.4078125 0.7328125 0.01953125 0.0421875
19 0.365625 0.590625 0.03125 0.0265625
19 0.71953125 0.0609375 0.0328125 0.0296875
20 0.26015625 0.034375 0.02421875 0.034375
20 0.6234375 0.828125 0.01875 0.0375
21 0.26328125 0.73984375 0.02109375 0.03828125
21 0.59765625 0.82265625 0.02109375 0.034375
22 0.66875 0.0515625 0.0625 0.046875
23 0.246875 0.5421875 0.01953125 0.03515625