0 0.7375 0.09375 0.2140625 0.06953125
0 0.6640625 0.5328125 0.12421875 0.10859375
1 0.81640625 0.3609375 0.11796875 0.140625
1 0.5640625 0.65625 0.08046875 0.21328125
2 0.56484375 0.7109375 0.13359375 0.13203125
2 0.15703125 0.43671875 0.065625 0.19609375
3 0.5578125 0.190625 0.12421875 0.11328125
3 0.38515625 0.440625 0.06171875 0.146875
4 0.29140625 0.534375 0.13359375 0.11484375
4 0.5375 0.465625 0.08984375 0.1421875
8 0.35390625 0.82890625 0.12109375 0.1453125
8 0.428125 0.9046875 0.15859375 0.0625
9 0.7234375 0.24765625 0.09765625 0.1234375
9 0.88359375 0.4265625 0.1046875 0.11484375
10 0.146875 0.31328125 0.08359375 0.15234375
10 0.73984375 0.475 0.05703125 0.1234375
11 0.26171875 0.38515625 0.08984375 0.1265625
11 0.1890625 0.66015625 0.10625 0.1046875
5 0.3796875 0.165625 0.1125 0.08828125
5 0.54453125 0.775 0.1109375 0.08125
6 0.83046875 0.19375 0.0796875 0.1203125
6 0.86640625 0.52890625 0.09609375 0.08984375
7 0.453125 0.234375 0.103125 0.07578125
7 0.678125 0.6515625 0.1015625 0.09140625
12 0.259375 0.77734375 0.09765625 0.059375
12 0.2796875 0.18828125 0.08984375 0.08984375
13 0.14375 0.553125 0.065625 0.11171875
13 0.69140625 0.4390625 0.0421875 0.10625
14 0.7859375 0.22109375 0.08671875 0.07265625
14 0.63515625 0.421875 0.0734375 0.09609375
15 0.21328125 0.4140625 0.0765625 0.065625
15 0.1078125 0.54765625 0.04765625 0.10625
16 0.45546875 0.44609375 0.0421875 0.09296875
16 0.49921875 0.49375 0.04609375 0.08828125
17 0.24921875 0.29453125 0.0796875 0.04765625
17 0.5984375 0.08046875 0.08203125 0.04921875
18 0.440625 0.6984375 0.0703125 0.05390625
18 0.29375 0.740625 0.06015625 0.06953125
19 0.725 0.7125 0.05859375 0.0609375
19 0.63046875 0.2015625 0.04453125 0.07421875
20 0.45859375 0.3375 0.05859375 0.0421875
20 0.24375 0.81171875 0.06015625 0.0421875
21 0.5640625 0.12421875 0.065625 0.0453125
21 0.39921875 0.321875 0.05859375 0.04765625
22 0.80546875 0.53046875 0.06875 0.13671875
23 0.69609375 0.31015625 0.05390625 0.05546875