0 0.2421875 0.2953125 0.16015625 0.18125
0 0.490625 0.3109375 0.0921875 0.19453125
1 0.48203125 0.103125 0.25859375 0.04453125
1 0.1390625 0.63984375 0.084375 0.16875
2 0.1453125 0.4609375 0.18125 0.08828125
2 0.565625 0.18828125 0.1515625 0.08515625
3 0.68671875 0.79296875 0.1546875 0.11015625
3 0.66875 0.58515625 0.18125 0.04296875
4 0.575 0.1765625 0.16953125 0.0953125
4 0.49765625 0.05078125 0.15703125 0.06796875
8 0.14140625 0.48671875 0.11015625 0.1015625
8 0.42109375 0.33828125 0.05625 0.13125
9 0.7109375 0.71796875 0.11484375 0.1078125
9 0.93671875 0.58984375 0.1 0.103125
10 0.27578125 0.421875 0.0953125 0.0953125
10 0.709375 0.596875 0.11796875 0.09921875
11 0.57421875 0.4984375 0.11015625 0.08125
11 0.16015625 0.2578125 0.10625 0.10625
5 0.26328125 0.72734375 0.10859375 0.0875
5 0.48671875 0.271875 0.12265625 0.07265625
6 0.83203125 0.5625 0.07265625 0.1125
6 0.0890625 0.33984375 0.1390625 0.075
7 0.51015625 0.43671875 0.11171875 0.07734375
7 0.2703125 0.37421875 0.1015625 0.09453125
12 0.421875 0.33125 0.10859375 0.03828125
12 0.58671875 0.34921875 0.12109375 0.0421875
13 0.565625 0.92890625 0.07265625 0.09453125
13 0.834375 0.496875 0.10703125 0.04765625
14 0.871875 0.5625 0.07421875 0.0796875
14 0.24375 0.659375 0.103125 0.03828125
15 0.27578125 0.5140625 0.0859375 0.06328125
15 0.5875 0.42734375 0.0953125 0.04921875
16 0.27421875 0.16640625 0.11328125 0.0453125
16 0.21875 0.6078125 0.0953125 0.0609375
17 0.34921875 0.58046875 0.08203125 0.059375
17 0.66796875 0.69609375 0.05 0.065625
18 0.6109375 0.2828125 0.07890625 0.0421875
18 0.575 0.24375 0.08203125 0.0453125
19 0.65546875 0.41484375 0.06796875 0.05703125
19 0.76640625 0.565625 0.06171875 0.0609375
20 0.73125 0.42734375 0.06484375 0.04921875
20 0.41484375 0.4578125 0.06328125 0.0453125
21 0.65625 0.453125 0.07265625 0.0453125
21 0.371875 0.421875 0.0453125 0.0546875
22 0.3265625 0.4125 0.096875 0.11015625
23 0.30078125 0.6734375 0.07578125 0.04453125