0 0.59921875 0.3515625 0.0953125 0.2390625
0 0.2921875 0.53671875 0.22734375 0.16171875
1 0.253125 0.421875 0.16640625 0.23203125
1 0.78046875 0.58984375 0.140625 0.21015625
2 0.50234375 0.82890625 0.10859375 0.1953125
2 0.63984375 0.684375 0.1015625 0.16171875
3 0.45234375 0.9 0.18203125 0.14453125
3 0.79140625 0.31328125 0.078125 0.190625
4 0.30078125 0.08984375 0.0984375 0.15859375
4 0.27421875 0.215625 0.1921875 0.1265625
8 0.64921875 0.68359375 0.16484375 0.10859375
8 0.52265625 0.809375 0.20703125 0.0546875
9 0.48046875 0.68984375 0.19375 0.05
9 0.4171875 0.43125 0.1609375 0.10703125
10 0.66015625 0.5734375 0.11171875 0.1375
10 0.8515625 0.4 0.0796875 0.14140625
11 0.540625 0.5953125 0.14453125 0.10234375
11 0.115625 0.1953125 0.16953125 0.0578125
5 0.3609375 0.5015625 0.12421875 0.11875
5 0.58515625 0.375 0.14453125 0.1125
6 0.70234375 0.75703125 0.15078125 0.078125
6 0.28046875 0.87265625 0.07109375 0.15078125
7 0.66484375 0.44296875 0.1375 0.1140625
7 0.5234375 0.12890625 0.12734375 0.1203125
12 0.5296875 0.21484375 0.1359375 0.07890625
12 0.44453125 0.53828125 0.09140625 0.09140625
13 0.2734375 0.2734375 0.0953125 0.10546875
13 0.2375 0.171875 0.0953125 0.07890625
14 0.65546875 0.14453125 0.06796875 0.11875
14 0.94296875 0.46953125 0.096875 0.0765625
15 0.69375 0.26953125 0.0828125 0.10078125
15 0.40859375 0.328125 0.0765625 0.10234375
16 0.5859375 0.609375 0.0984375 0.078125
16 0.21640625 0.484375 0.1171875 0.0640625
17 0.83125 0.37265625 0.04609375 0.08671875
17 0.4828125 0.859375 0.06640625 0.07890625
18 0.48828125 0.16484375 0.06953125 0.0765625
18 0.546875 0.50078125 0.08828125 0.046875
19 0.54921875 0.071875 0.059375 0.07890625
19 0.51328125 0.35625 0.059375 0.08046875
20 0.11171875 0.41640625 0.08125 0.0640625
20 0.3546875 0.9578125 0.07109375 0.05625
21 0.90390625 0.30703125 0.04921875 0.075
21 0.74765625 0.30625 0.04921875 0.07890625
22 0.1078125 0.2921875 0.11015625 0.10546875
22 0.32265625 0.6125 0.0984375 0.15546875