0 0.70234375 0.84765625 0.20234375 0.19140625
0 0.69765625 0.45703125 0.20234375 0.115625
1 0.709375 0.33125 0.09296875 0.14765625
1 0.240625 0.73203125 0.1421875 0.134375
2 0.41875 0.50390625 0.13125 0.1890625
2 0.8046875 0.471875 0.17109375 0.13671875
3 0.8234375 0.22890625 0.09296875 0.1171875
3 0.07890625 0.6203125 0.0875 0.20625
4 0.91875 0.63515625 0.04765625 0.19921875
4 0.66171875 0.13828125 0.06171875 0.20859375
8 0.69296875 0.19296875 0.15390625 0.10234375
8 0.1953125 0.5546875 0.12734375 0.12890625
9 0.353125 0.409375 0.12421875 0.11328125
9 0.7734375 0.596875 0.128125 0.11015625
10 0.13515625 0.2640625 0.06953125 0.16875
10 0.60859375 0.70078125 0.06171875 0.15546875
11 0.23671875 0.775 0.0796875 0.12890625
11 0.58203125 0.184375 0.0828125 0.13046875
5 0.53984375 0.4625 0.1078125 0.11328125
5 0.34453125 0.66015625 0.04765625 0.14609375
6 0.32109375 0.353125 0.11640625 0.08125
6 0.665625 0.634375 0.1046875 0.10234375
7 0.5484375 0.7328125 0.04609375 0.1515625
7 0.59765625 0.3 0.11640625 0.1
12 0.81015625 0.7640625 0.075 0.1
12 0.746875 0.80234375 0.0609375 0.1265625
13 0.50390625 0.56875 0.053125 0.115625
13 0.721875 0.70859375 0.1046875 0.0609375
14 0.31171875 0.2765625 0.09140625 0.0984375
14 0.871875 0.6875 0.04765625 0.1171875
15 0.44296875 0.28671875 0.06171875 0.115625
15 0.51171875 0.196875 0.09296875 0.053125
16 0.915625 0.6078125 0.0859375 0.071875
16 0.7734375 0.49921875 0.07265625 0.09296875
17 0.2859375 0.4625 0.0609375 0.090625
17 0.16484375 0.64609375 0.075 0.04921875
18 0.69453125 0.5984375 0.04765625 0.08359375
18 0.8 0.30703125 0.06640625 0.0609375
19 0.61796875 0.41953125 0.0515625 0.08125
19 0.765625 0.6484375 0.06328125 0.0703125
20 0.52890625 0.39296875 0.059375 0.04765625
20 0.4890625 0.47890625 0.053125 0.0609375
21 0.60546875 0.53203125 0.06171875 0.0640625
21 0.84140625 0.3421875 0.0546875 0.0703125
22 0.31171875 0.54453125 0.12734375 0.07421875
23 0.13125 0.70625 0.03828125 0.08359375