0 0.3265625 0.671875 0.11484375 0.18359375
0 0.3109375 0.1546875 0.0546875 0.24765625
1 0.5046875 0.86796875 0.178125 0.13046875
1 0.45859375 0.29921875 0.06484375 0.2296875
2 0.86640625 0.796875 0.2390625 0.10546875
2 0.4453125 0.4328125 0.2 0.05546875
3 0.61328125 0.3109375 0.1484375 0.15390625
3 0.4640625 0.384375 0.196875 0.06796875
4 0.66328125 0.47265625 0.0921875 0.17421875
4 0.459375 0.95390625 0.2 0.07109375
8 0.2703125 0.8328125 0.2046875 0.08828125
8 0.63203125 0.62890625 0.13671875 0.15390625
9 0.41640625 0.55234375 0.16796875 0.0765625
9 0.23515625 0.30234375 0.06171875 0.1421875
10 0.61796875 0.71015625 0.15390625 0.0625
10 0.628125 0.784375 0.11953125 0.09609375
11 0.46484375 0.18671875 0.13515625 0.08359375
11 0.61328125 0.309375 0.15390625 0.04375
5 0.659375 0.85546875 0.125 0.08515625
5 0.2765625 0.678125 0.15 0.05078125
6 0.3609375 0.31328125 0.10078125 0.09765625
6 0.49140625 0.26328125 0.1078125 0.078125
7 0.26953125 0.0921875 0.06171875 0.128125
7 0.14921875 0.7125 0.04765625 0.115625
12 0.51015625 0.32890625 0.0703125 0.09609375
12 0.68046875 0.3421875 0.06875 0.1140625
13 0.5328125 0.5875 0.09609375 0.09140625
13 0.528125 0.78984375 0.0953125 0.0890625
14 0.52890625 0.659375 0.1046875 0.08125
14 0.06796875 0.509375 0.13359375 0.03515625
15 0.46328125 0.5734375 0.075 0.0703125
15 0.509375 0.4859375 0.06328125 0.06015625
16 0.32109375 0.471875 0.0546875 0.06796875
16 0.2171875 0.734375 0.0921875 0.05
17 0.27734375 0.23828125 0.04453125 0.07578125
17 0.5890625 0.35078125 0.06796875 0.07265625
18 0.43671875 0.59140625 0.04453125 0.065625
18 0.42890625 0.74765625 0.04296875 0.065625
19 0.3765625 0.1140625 0.05 0.07109375
19 0.5890625 0.4671875 0.08203125 0.0453125
20 0.3984375 0.803125 0.04296875 0.05859375
20 0.06796875 0.55703125 0.04296875 0.04609375
21 0.2625 0.51796875 0.0765625 0.03359375
21 0.703125 0.17734375 0.0765625 0.0546875
22 0.26484375 0.58359375 0.10078125 0.10859375
22 0.3953125 0.23984375 0.1078125 0.0703125