0 0.76015625 0.65078125 0.14609375 0.15703125
0 0.321875 0.55546875 0.175 0.10703125
1 0.34765625 0.49375 0.1359375 0.16796875
1 0.278125 0.09375 0.1125 0.18125
2 0.18046875 0.8078125 0.134375 0.23984375
2 0.7890625 0.55078125 0.2109375 0.09296875
3 0.15546875 0.83515625 0.15234375 0.09375
3 0.721875 0.67109375 0.196875 0.06328125
4 0.42421875 0.5671875 0.18203125 0.0984375
4 0.50546875 0.721875 0.18671875 0.11796875
8 0.1921875 0.7109375 0.0984375 0.18359375
8 0.11875 0.73984375 0.1359375 0.11796875
9 0.59765625 0.75625 0.17109375 0.1015625
9 0.45078125 0.73515625 0.0765625 0.18203125
10 0.87890625 0.17265625 0.1546875 0.08671875
10 0.234375 0.86484375 0.15078125 0.1
11 0.321875 0.76875 0.14609375 0.09375
11 0.4671875 0.625 0.14765625 0.0703125
5 0.4390625 0.3234375 0.10546875 0.14375
5 0.70546875 0.5125 0.14921875 0.06875
6 0.35703125 0.7359375 0.0734375 0.1453125
6 0.7453125 0.43671875 0.11875 0.1296875
7 0.334375 0.6390625 0.14453125 0.06640625
7 0.90625 0.88984375 0.15625 0.05625
12 0.2609375 0.73359375 0.12578125 0.05625
12 0.4328125 0.34453125 0.1328125 0.0546875
13 0.5390625 0.78359375 0.08515625 0.10625
13 0.66640625 0.3609375 0.12265625 0.05703125
14 0.4046875 0.496875 0.134375 0.05
14 0.68046875 0.4984375 0.0546875 0.1265625
15 0.5703125 0.3828125 0.08671875 0.0953125
15 0.64609375 0.21796875 0.096875 0.103125
16 0.59453125 0.7515625 0.04921875 0.11484375
16 0.44140625 0.6859375 0.1125 0.0453125
17 0.8578125 0.60078125 0.07109375 0.078125
17 0.5734375 0.19765625 0.04609375 0.1015625
18 0.61640625 0.571875 0.09296875 0.053125
18 0.903125 0.92890625 0.08125 0.06015625
19 0.82421875 0.49765625 0.09375 0.0453125
19 0.87265625 0.89453125 0.04921875 0.1015625
20 0.31953125 0.690625 0.04609375 0.06328125
20 0.2828125 0.86953125 0.0828125 0.04296875
21 0.6234375 0.64296875 0.07265625 0.05859375
21 0.34921875 0.8328125 0.08828125 0.05703125
22 0.50859375 0.4015625 0.103125 0.153125
22 0.62890625 0.43828125 0.0765625 0.146875