0 0.34921875 0.85390625 0.0765625 0.24765625
0 0.17265625 0.3546875 0.09296875 0.10625
1 0.5234375 0.40078125 0.06484375 0.20703125
1 0.79921875 0.46484375 0.2 0.14609375
2 0.490625 0.71015625 0.0671875 0.16640625
2 0.2015625 0.4109375 0.109375 0.1140625
3 0.403125 0.44375 0.12734375 0.12421875
3 0.9203125 0.2796875 0.08125 0.171875
4 0.61640625 0.2078125 0.1515625 0.0828125
4 0.821875 0.22265625 0.0703125 0.16171875
8 0.721875 0.6125 0.08671875 0.13984375
8 0.659375 0.45625 0.16796875 0.046875
9 0.6125 0.121875 0.13515625 0.0828125
9 0.10546875 0.60078125 0.1171875 0.12265625
10 0.765625 0.36484375 0.084375 0.12421875
10 0.740625 0.44140625 0.09453125 0.128125
11 0.43125 0.36015625 0.071875 0.11640625
11 0.28671875 0.21796875 0.06640625 0.14140625
5 0.621875 0.5953125 0.12578125 0.0484375
5 0.325 0.69609375 0.13671875 0.0484375
6 0.5203125 0.5171875 0.11875 0.04375
6 0.5390625 0.0875 0.12578125 0.07578125
7 0.73359375 0.69296875 0.12734375 0.0859375
7 0.88046875 0.51171875 0.05546875 0.128125
12 0.8046875 0.56328125 0.0453125 0.11796875
12 0.36875 0.59609375 0.10390625 0.04921875
13 0.70234375 0.35859375 0.09296875 0.05859375
13 0.39375 0.18046875 0.09296875 0.07265625
14 0.28359375 0.7734375 0.09296875 0.08046875
14 0.52109375 0.271875 0.10234375 0.0421875
15 0.4421875 0.578125 0.09453125 0.0453125
15 0.71171875 0.3 0.09296875 0.0671875
16 0.43125 0.11875 0.09609375 0.05390625
16 0.3265625 0.6421875 0.06484375 0.0859375
17 0.1390625 0.790625 0.05234375 0.08046875
17 0.48984375 0.21015625 0.075 0.0609375
18 0.27890625 0.63359375 0.0703125 0.05703125
18 0.58671875 0.05703125 0.06328125 0.0640625
19 0.65703125 0.13984375 0.0671875 0.0609375
19 0.125 0.3171875 0.05703125 0.07109375
20 0.32890625 0.378125 0.06328125 0.05078125
20 0.39921875 0.22109375 0.06640625 0.0453125
21 0.03984375 0.7390625 0.05859375 0.05859375
21 0.528125 0.109375 0.06171875 0.040625
22 0.08828125 0.703125 0.05078125 0.1359375
23 0.21640625 0.8390625 0.0453125 0.07109375