0 0.49609375 0.61640625 0.19140625 0.228125
0 0.84609375 0.63359375 0.08359375 0.25234375
1 0.4515625 0.3 0.2484375 0.11015625
1 0.4875 0.93203125 0.1390625 0.11171875
2 0.5984375 0.87890625 0.0953125 0.2015625
2 0.20546875 0.2609375 0.21171875 0.09140625
3 0.63515625 0.6984375 0.20078125 0.0984375
3 0.3953125 0.39921875 0.19921875 0.078125
4 0.36328125 0.6109375 0.18515625 0.0640625
4 0.5359375 0.49921875 0.11875 0.17578125
8 0.796875 0.8046875 0.17265625 0.11328125
8 0.590625 0.50234375 0.17578125 0.0640625
9 0.296875 0.509375 0.109375 0.165625
9 0.925 0.55234375 0.04921875 0.17734375
10 0.39375 0.8203125 0.1484375 0.1015625
10 0.38125 0.084375 0.1546875 0.0609375
11 0.7515625 0.609375 0.1171875 0.10859375
11 0.73984375 0.43671875 0.13125 0.08828125
5 0.60078125 0.728125 0.10625 0.11328125
5 0.40546875 0.16171875 0.06484375 0.1609375
6 0.0953125 0.5125 0.06015625 0.1625
6 0.6546875 0.52890625 0.1296875 0.0453125
7 0.45234375 0.4078125 0.05703125 0.1453125
7 0.3171875 0.546875 0.153125 0.09140625
12 0.4703125 0.221875 0.06015625 0.1046875
12 0.915625 0.7640625 0.06484375 0.140625
13 0.10546875 0.2984375 0.09296875 0.0828125
13 0.5765625 0.41875 0.109375 0.07578125
14 0.20546875 0.675 0.04453125 0.13515625
14 0.81328125 0.60390625 0.1109375 0.05390625
15 0.8 0.3515625 0.103125 0.04375
15 0.77265625 0.7109375 0.08046875 0.09453125
16 0.1625 0.40703125 0.1 0.0625
16 0.09296875 0.1453125 0.0984375 0.04765625
17 0.21015625 0.3796875 0.06640625 0.08984375
17 0.1453125 0.08359375 0.06640625 0.08984375
18 0.85 0.4703125 0.06015625 0.06796875
18 0.81484375 0.2625 0.08515625 0.04375
19 0.465625 0.784375 0.05234375 0.07578125
19 0.8703125 0.40625 0.07265625 0.0578125
20 0.70546875 0.6296875 0.06328125 0.05078125
20 0.4671875 0.62265625 0.04296875 0.0640625
21 0.7515625 0.396875 0.06953125 0.0453125
21 0.23203125 0.615625 0.06171875 0.0609375
22 0.59921875 0.68046875 0.125 0.12890625
23 0.67265625 0.58125 0.06015625 0.05546875