0 0.71015625 0.63125 0.2015625 0.30078125
0 0.809375 0.89296875 0.20703125 0.17265625
1 0.125 0.41875 0.2 0.228125
1 0.35 0.2234375 0.0765625 0.3046875
2 0.51328125 0.41875 0.19609375 0.16953125
2 0.2265625 0.4984375 0.22109375 0.17265625
3 0.828125 0.73359375 0.1796875 0.1796875
3 0.78671875 0.07109375 0.2484375 0.0796875
4 0.5921875 0.1765625 0.103125 0.20390625
4 0.26484375 0.55 0.134375 0.22109375
8 0.74140625 0.1796875 0.2234375 0.08671875
8 0.51171875 0.7609375 0.10546875 0.2078125
9 0.83359375 0.621875 0.16875 0.1578125
9 0.2484375 0.62578125 0.1703125 0.1640625
10 0.0734375 0.31796875 0.1 0.128125
10 0.78984375 0.259375 0.0796875 0.18671875
11 0.571875 0.5484375 0.1453125 0.12109375
11 0.753125 0.271875 0.18515625 0.08984375
5 0.71015625 0.440625 0.0890625 0.16796875
5 0.4625 0.5546875 0.09453125 0.1578125
6 0.50078125 0.1953125 0.0765625 0.159375
6 0.94453125 0.56953125 0.06015625 0.18671875
7 0.53359375 0.1125 0.14140625 0.1421875
7 0.25625 0.15078125 0.15625 0.12421875
12 0.56953125 0.7484375 0.0546875 0.13984375
12 0.61953125 0.65078125 0.06015625 0.13125
13 0.425 0.7171875 0.0875 0.13359375
13 0.28203125 0.290625 0.078125 0.11796875
14 0.58046875 0.4125 0.134375 0.05703125
14 0.2375 0.1390625 0.11953125 0.0984375
15 0.34453125 0.59609375 0.0875 0.1125
15 0.6203125 0.66640625 0.11640625 0.08671875
16 0.76953125 0.8859375 0.1125 0.08671875
16 0.6484375 0.50703125 0.06015625 0.11796875
17 0.13359375 0.5046875 0.1 0.08828125
17 0.18984375 0.27421875 0.07421875 0.109375
17 0.93125 0.3140625 0.05078125 0.1125
18 0.86015625 0.31640625 0.0546875 0.1
18 0.69609375 0.609375 0.078125 0.08671875
19 0.4265625 0.071875 0.09765625 0.0640625
19 0.459375 0.1578125 0.10859375 0.0484375
20 0.40078125 0.55546875 0.046875 0.07578125
20 0.80234375 0.58046875 0.0546875 0.07421875
21 0.896875 0.37734375 0.0546875 0.09375
21 0.45390625 0.515625 0.0796875 0.0828125
22 0.69140625 0.88203125 0.15234375 0.1625
22 0.4625 0.56953125 0.13828125 0.15234375