0 0.6140625 0.8140625 0.17578125 0.11640625
0 0.85390625 0.50234375 0.23828125 0.08125
1 0.08984375 0.62890625 0.1109375 0.21796875
1 0.39609375 0.86328125 0.16015625 0.1875
2 0.3359375 0.684375 0.1046875 0.153125
2 0.53984375 0.2546875 0.14140625 0.07578125
3 0.5421875 0.35390625 0.146875 0.13203125
3 0.4984375 0.45859375 0.128125 0.13125
4 0.63671875 0.35390625 0.0765625 0.13203125
4 0.146875 0.33359375 0.1171875 0.16171875
8 0.3609375 0.9140625 0.14296875 0.1203125
8 0.0890625 0.1734375 0.1 0.12890625
9 0.5 0.6546875 0.08203125 0.13359375
9 0.121875 0.85703125 0.065625 0.153125
10 0.4078125 0.67265625 0.078125 0.11796875
10 0.3 0.62109375 0.0890625 0.1140625
11 0.13828125 0.775 0.08203125 0.11640625
11 0.2140625 0.7546875 0.0625 0.08125
5 0.31015625 0.41171875 0.12421875 0.08125
5 0.48359375 0.1953125 0.146875 0.040625
6 0.3234375 0.29453125 0.06328125 0.10390625
6 0.87421875 0.34765625 0.078125 0.11484375
7 0.2 0.8296875 0.04296875 0.1203125
7 0.421875 0.9234375 0.10390625 0.1265625
12 0.4703125 0.81328125 0.0328125 0.109375
12 0.26953125 0.778125 0.0453125 0.1203125
13 0.5640625 0.925 0.11953125 0.05
13 0.246875 0.684375 0.0625 0.1015625
14 0.1265625 0.62578125 0.07421875 0.0921875
14 0.35703125 0.33984375 0.071875 0.09453125
15 0.2921875 0.36484375 0.07421875 0.06875
15 0.18046875 0.5734375 0.0546875 0.090625
16 0.52265625 0.3765625 0.08828125 0.0453125
16 0.25234375 0.08125 0.06015625 0.07734375
17 0.3421875 0.06328125 0.09140625 0.040625
17 0.4984375 0.82890625 0.034375 0.0796875
18 0.3890625 0.23984375 0.0765625 0.04765625
18 0.4703125 0.31640625 0.0734375 0.05
19 0.37578125 0.66328125 0.0625 0.04921875
19 0.425 0.3671875 0.0734375 0.03515625
20 0.28515625 0.51953125 0.0625 0.03671875
20 0.7484375 0.428125 0.04609375 0.05
21 0.35859375 0.68984375 0.04765625 0.05390625
21 0.31875 0.10625 0.065625 0.04765625
22 0.725 0.703125 0.146875 0.05546875
22 0.42890625 0.58671875 0.06484375 0.1203125