0 0.51484375 0.165625 0.23984375 0.21640625
0 0.365625 0.15546875 0.35703125 0.15078125
1 0.56484375 0.26328125 0.228125 0.07578125
1 0.79140625 0.221875 0.24296875 0.15390625
2 0.44609375 0.25546875 0.19609375 0.1671875
2 0.3296875 0.63203125 0.29453125 0.0609375
3 0.109375 0.36328125 0.13203125 0.16015625
3 0.771875 0.32421875 0.1375 0.19296875
4 0.58515625 0.60859375 0.259375 0.0859375
4 0.16953125 0.8171875 0.1109375 0.1765625
8 0.62109375 0.70234375 0.2078125 0.0859375
8 0.30625 0.203125 0.08671875 0.221875
9 0.2453125 0.22109375 0.2125 0.10234375
9 0.2796875 0.88125 0.10078125 0.1984375
10 0.51640625 0.46875 0.165625 0.0609375
10 0.39765625 0.7421875 0.159375 0.15390625
11 0.8 0.26640625 0.0953125 0.15078125
11 0.55 0.68828125 0.165625 0.13515625
5 0.82734375 0.44453125 0.12734375 0.0859375
5 0.4875 0.53515625 0.20078125 0.07734375
6 0.30625 0.4140625 0.10703125 0.084375
6 0.590625 0.35625 0.12265625 0.12578125
7 0.16171875 0.23203125 0.10859375 0.12265625
7 0.65625 0.5015625 0.17734375 0.04921875
12 0.64296875 0.43125 0.14765625 0.04140625
12 0.78125 0.53046875 0.0921875 0.11875
13 0.3625 0.83515625 0.115625 0.1109375
13 0.6625 0.2109375 0.12578125 0.07265625
14 0.75078125 0.1421875 0.12734375 0.06796875
14 0.21640625 0.59609375 0.134375 0.07265625
15 0.53984375 0.79609375 0.065625 0.1109375
15 0.29765625 0.721875 0.12890625 0.06953125
16 0.47265625 0.36796875 0.1375 0.0546875
16 0.62734375 0.3859375 0.12890625 0.03671875
17 0.25703125 0.16953125 0.0515625 0.09609375
17 0.865625 0.3703125 0.10078125 0.04140625
18 0.14140625 0.81640625 0.06875 0.0859375
18 0.4171875 0.56953125 0.07734375 0.0609375
19 0.24375 0.55390625 0.08203125 0.05625
19 0.52578125 0.31328125 0.04375 0.084375
20 0.73125 0.25703125 0.0421875 0.0609375
20 0.7640625 0.3703125 0.04375 0.059375
21 0.63203125 0.47578125 0.08203125 0.03828125
21 0.7765625 0.1984375 0.0921875 0.0359375
22 0.2359375 0.45 0.14765625 0.1640625
22 0.925 0.40625 0.0671875 0.1390625