0 0.86328125 0.315625 0.1171875 0.1671875
0 0.671875 0.57109375 0.13203125 0.2375
1 0.2546875 0.73984375 0.11015625 0.175
1 0.103125 0.1984375 0.10703125 0.2125
2 0.44375 0.4 0.134375 0.1296875
2 0.73359375 0.2953125 0.12421875 0.2453125
3 0.14375 0.49609375 0.14921875 0.184375
3 0.46015625 0.93515625 0.2203125 0.1015625
4 0.51015625 0.3703125 0.1609375 0.1234375
4 0.4796875 0.59140625 0.1953125 0.1125
8 0.15625 0.75234375 0.06640625 0.2171875
8 0.52890625 0.63515625 0.16953125 0.09375
9 0.309375 0.5765625 0.19140625 0.0984375
9 0.7640625 0.17578125 0.11875 0.1578125
10 0.784375 0.53984375 0.08671875 0.165625
10 0.6765625 0.55703125 0.103125 0.178125
11 0.453125 0.7875 0.1125 0.153125
11 0.76484375 0.1859375 0.1203125 0.18125
5 0.290625 0.64921875 0.15625 0.059375
5 0.69140625 0.67578125 0.07265625 0.15625
6 0.10625 0.728125 0.06484375 0.1796875
6 0.16953125 0.38515625 0.18203125 0.1
7 0.46328125 0.67421875 0.12734375 0.15625
7 0.7390625 0.17265625 0.18984375 0.0734375
12 0.21953125 0.7390625 0.1171875 0.0703125
12 0.871875 0.5375 0.11171875 0.1203125
13 0.534375 0.49609375 0.12265625 0.075
13 0.465625 0.58125 0.10390625 0.1171875
14 0.81953125 0.5359375 0.1 0.1015625
14 0.4265625 0.25 0.0578125 0.1484375
15 0.21875 0.21484375 0.1125 0.0859375
15 0.4890625 0.71328125 0.11015625 0.084375
16 0.90390625 0.6015625 0.08515625 0.1203125
16 0.15234375 0.25625 0.06484375 0.1265625
17 0.396875 0.84765625 0.08828125 0.0828125
17 0.30546875 0.57421875 0.08671875 0.0875
18 0.82421875 0.07890625 0.096875 0.0515625
18 0.43515625 0.77109375 0.096875 0.0609375
19 0.575 0.81796875 0.0625 0.0984375
19 0.65390625 0.4484375 0.0640625 0.0953125
20 0.2171875 0.46640625 0.08125 0.05
20 0.4828125 0.6734375 0.059375 0.0421875
21 0.4484375 0.48359375 0.075 0.05625
21 0.7484375 0.3390625 0.0640625 0.0671875
22 0.10078125 0.56171875 0.12265625 0.115625
23 0.0875 0.50078125 0.04453125 0.075