0 0.46796875 0.22265625 0.31171875 0.11484375
0 0.42109375 0.81484375 0.20078125 0.109375
1 0.29140625 0.14375 0.2828125 0.13046875
1 0.16171875 0.45625 0.21875 0.1453125
2 0.59453125 0.6203125 0.12734375 0.13671875
2 0.80859375 0.48125 0.159375 0.13671875
3 0.43515625 0.5546875 0.159375 0.1171875
3 0.8234375 0.43828125 0.14375 0.128125
4 0.65625 0.74921875 0.1546875 0.0828125
4 0.2234375 0.13046875 0.2234375 0.109375
8 0.3328125 0.5453125 0.109375 0.1171875
8 0.24140625 0.2734375 0.11875 0.0828125
9 0.5984375 0.0515625 0.121875 0.103125
9 0.33828125 0.4390625 0.09765625 0.10859375
10 0.48203125 0.66796875 0.21640625 0.0453125
10 0.74609375 0.625 0.10703125 0.1140625
11 0.3875 0.853125 0.13671875 0.090625
11 0.5453125 0.81484375 0.084375 0.0953125
5 0.459375 0.94453125 0.10703125 0.09453125
5 0.69140625 0.1109375 0.09765625 0.10546875
6 0.43984375 0.32890625 0.2234375 0.06796875
6 0.2484375 0.509375 0.08203125 0.09140625
7 0.60625 0.81328125 0.1 0.0796875
7 0.45 0.1828125 0.16640625 0.0765625
12 0.41875 0.12578125 0.15 0.053125
12 0.40546875 0.9140625 0.08203125 0.0796875
13 0.11171875 0.3140625 0.1 0.0796875
13 0.146875 0.24375 0.12109375 0.07109375
14 0.31015625 0.215625 0.1546875 0.05546875
14 0.38125 0.81171875 0.16640625 0.0484375
15 0.61640625 0.421875 0.15703125 0.0484375
15 0.17734375 0.5140625 0.14140625 0.0515625
16 0.534375 0.1234375 0.09765625 0.075
16 0.646875 0.16015625 0.1140625 0.06640625
17 0.46796875 0.63125 0.134375 0.03984375
17 0.91484375 0.49609375 0.10703125 0.0578125
18 0.44296875 0.50546875 0.075 0.053125
18 0.5125 0.50859375 0.08671875 0.053125
19 0.51953125 0.2765625 0.11875 0.04921875
19 0.61171875 0.246875 0.06640625 0.0578125
20 0.1484375 0.378125 0.09140625 0.0453125
20 0.2640625 0.5875 0.1046875 0.03203125
21 0.67109375 0.24296875 0.0796875 0.04921875
21 0.209375 0.5609375 0.109375 0.03515625
22 0.65703125 0.49453125 0.16640625 0.090625
23 0.12109375 0.22578125 0.06796875 0.0484375