0 0.58984375 0.2453125 0.09140625 0.103125
0 0.43984375 0.228125 0.08359375 0.103125
1 0.203125 0.66328125 0.0890625 0.1578125
1 0.478125 0.44765625 0.07265625 0.1515625
2 0.20859375 0.7125 0.075 0.13984375
2 0.484375 0.44375 0.0875 0.090625
3 0.06640625 0.9296875 0.096875 0.109375
3 0.93359375 0.3609375 0.13046875 0.0515625
4 0.22265625 0.26484375 0.13203125 0.06171875
4 0.37109375 0.340625 0.1296875 0.0453125
8 0.30078125 0.19140625 0.08984375 0.065625
8 0.5359375 0.1609375 0.0765625 0.065625
9 0.721875 0.83515625 0.08515625 0.059375
9 0.25625 0.7171875 0.08359375 0.10703125
10 0.853125 0.59140625 0.084375 0.078125
10 0.15859375 0.8625 0.10234375 0.05234375
11 0.65703125 0.71015625 0.06171875 0.0875
11 0.4921875 0.17421875 0.0546875 0.1015625
5 0.196875 0.65 0.10703125 0.059375
5 0.278125 0.52890625 0.07421875 0.0671875
6 0.29375 0.3203125 0.09921875 0.05078125
6 0.640625 0.03828125 0.1046875 0.07421875
7 0.6078125 0.40859375 0.096875 0.06875
7 0.503125 0.1984375 0.05234375 0.10546875
12 0.6609375 0.24375 0.06875 0.07109375
12 0.51171875 0.38125 0.03671875 0.08125
13 0.5296875 0.3296875 0.0671875 0.07265625
13 0.31484375 0.1921875 0.05546875 0.0671875
14 0.07421875 0.5234375 0.07265625 0.08046875
14 0.62265625 0.37890625 0.0859375 0.03984375
15 0.57109375 0.10390625 0.03359375 0.08046875
15 0.1359375 0.53046875 0.05234375 0.0734375
16 0.68828125 0.3078125 0.06796875 0.04140625
16 0.62109375 0.33984375 0.078125 0.03671875
17 0.54609375 0.4015625 0.03828125 0.06484375
17 0.24296875 0.3171875 0.040625 0.06328125
18 0.20234375 0.5671875 0.05390625 0.0484375
18 0.4015625 0.4453125 0.03203125 0.06640625
19 0.16875 0.5 0.06171875 0.0375
19 0.59453125 0.1703125 0.059375 0.034375
20 0.66015625 0.89453125 0.0578125 0.04453125
20 0.52734375 0.19375 0.03203125 0.04765625
21 0.4609375 0.11484375 0.03203125 0.05546875
21 0.44921875 0.16640625 0.0390625 0.05390625
22 0.3328125 0.88125 0.05546875 0.13359375
22 0.159375 0.85 0.0703125 0.0890625