0 0.13046875 0.68984375 0.14296875 0.24375
0 0.54375 0.69765625 0.1578125 0.159375
1 0.62734375 0.2984375 0.2109375 0.1609375
1 0.54453125 0.31875 0.215625 0.1171875
2 0.45625 0.153125 0.1484375 0.165625
2 0.7375 0.52578125 0.14140625 0.2
3 0.55390625 0.19140625 0.18984375 0.0640625
3 0.2640625 0.78359375 0.20078125 0.1015625
4 0.24765625 0.6609375 0.1140625 0.1671875
4 0.23515625 0.81640625 0.0671875 0.2046875
8 0.3640625 0.42109375 0.14296875 0.103125
8 0.3921875 0.784375 0.18125 0.09375
9 0.3546875 0.209375 0.14375 0.153125
9 0.80234375 0.496875 0.07109375 0.1671875
10 0.18984375 0.359375 0.1484375 0.1046875
10 0.17265625 0.409375 0.1453125 0.1109375
11 0.196875 0.621875 0.090625 0.1328125
11 0.48359375 0.378125 0.1203125 0.1234375
5 0.340625 0.703125 0.10234375 0.1234375
5 0.825 0.6609375 0.0921875 0.1453125
6 0.48828125 0.30078125 0.084375 0.146875
6 0.58046875 0.7375 0.10859375 0.1234375
7 0.88984375 0.55390625 0.128125 0.115625
7 0.62890625 0.86953125 0.084375 0.1453125
12 0.6375 0.55390625 0.059375 0.128125
12 0.14375 0.4671875 0.10859375 0.0765625
13 0.5765625 0.79765625 0.10390625 0.0734375
13 0.54765625 0.6875 0.10546875 0.0484375
14 0.15859375 0.5328125 0.0609375 0.1140625
14 0.38671875 0.30078125 0.05234375 0.115625
15 0.43203125 0.74453125 0.084375 0.0875
15 0.48125 0.07265625 0.0890625 0.0796875
16 0.19375 0.68515625 0.09375 0.071875
16 0.4703125 0.14609375 0.10234375 0.0546875
17 0.52265625 0.85546875 0.084375 0.0765625
17 0.76796875 0.86796875 0.0953125 0.0703125
18 0.4453125 0.8578125 0.07578125 0.075
18 0.15078125 0.39921875 0.0640625 0.09375
19 0.68515625 0.58515625 0.07109375 0.078125
19 0.55703125 0.37421875 0.05078125 0.084375
20 0.34375 0.27578125 0.04296875 0.065625
20 0.515625 0.75625 0.04453125 0.078125
21 0.4671875 0.42734375 0.0609375 0.075
21 0.4328125 0.2796875 0.04296875 0.0765625
22 0.109375 0.58046875 0.096875 0.15
23 0.1828125 0.71640625 0.053125 0.05