0 0.621875 0.52421875 0.07265625 0.1046875
0 0.57578125 0.2421875 0.0609375 0.2046875
1 0.7140625 0.18203125 0.15078125 0.15390625
1 0.7703125 0.77109375 0.05859375 0.1875
2 0.53203125 0.4609375 0.10625 0.1375
2 0.56875 0.37578125 0.09921875 0.09296875
3 0.7046875 0.34140625 0.146875 0.06796875
3 0.83984375 0.7796875 0.125 0.11875
4 0.940625 0.609375 0.10234375 0.12421875
4 0.77421875 0.60625 0.14375 0.040625
8 0.56640625 0.5890625 0.11796875 0.06875
8 0.67265625 0.67890625 0.1109375 0.1046875
9 0.41875 0.67265625 0.0796875 0.12734375
9 0.87578125 0.7921875 0.05390625 0.1359375
10 0.85546875 0.60859375 0.040625 0.12265625
10 0.71875 0.56328125 0.1 0.05
11 0.43515625 0.1828125 0.08515625 0.07734375
11 0.81171875 0.94140625 0.05234375 0.0953125
5 0.68046875 0.784375 0.103125 0.04375
5 0.93125 0.596875 0.0890625 0.07421875
6 0.9390625 0.75 0.11640625 0.06015625
6 0.8640625 0.46796875 0.0390625 0.12265625
7 0.69765625 0.61640625 0.0609375 0.0984375
7 0.49375 0.721875 0.0609375 0.09765625
12 0.59375 0.096875 0.0515625 0.1
12 0.53203125 0.5140625 0.0609375 0.08046875
13 0.6328125 0.7609375 0.0828125 0.04765625
13 0.409375 0.75703125 0.0875 0.0359375
14 0.6875 0.484375 0.065625 0.075
14 0.44375 0.69765625 0.04765625 0.065625
15 0.56171875 0.50390625 0.04765625 0.07734375
15 0.82109375 0.44140625 0.059375 0.05390625
16 0.89296875 0.66484375 0.05546875 0.0765625
16 0.46640625 0.0453125 0.04765625 0.08203125
17 0.5359375 0.64921875 0.05 0.0671875
17 0.3515625 0.70625 0.0578125 0.06171875
18 0.81015625 0.74140625 0.05625 0.05703125
18 0.02578125 0.75859375 0.04375 0.0671875
19 0.60390625 0.4296875 0.05546875 0.04765625
19 0.50078125 0.66953125 0.0359375 0.059375
20 0.7796875 0.79609375 0.02890625 0.05
20 0.0640625 0.73203125 0.0390625 0.05703125
21 0.815625 0.80078125 0.0359375 0.05078125
21 0.86328125 0.696875 0.0453125 0.04375
22 0.821875 0.8640625 0.0703125 0.08671875
22 0.17890625 0.75546875 0.08125 0.05625