0 0.53515625 0.228125 0.14296875 0.1234375
0 0.846875 0.71484375 0.08125 0.1234375
1 0.82109375 0.45390625 0.15 0.10390625
1 0.721875 0.78359375 0.16328125 0.15078125
2 0.4359375 0.1859375 0.04765625 0.190625
2 0.53125 0.39140625 0.1328125 0.11328125
3 0.58515625 0.46171875 0.15 0.0578125
3 0.20390625 0.4140625 0.16640625 0.084375
4 0.22578125 0.259375 0.15546875 0.1109375
4 0.1953125 0.3640625 0.165625 0.11484375
8 0.48984375 0.328125 0.1453125 0.09453125
8 0.8234375 0.765625 0.0703125 0.15703125
9 0.31640625 0.08671875 0.16640625 0.059375
9 0.60625 0.30859375 0.146875 0.06875
10 0.721875 0.59765625 0.08046875 0.12109375
10 0.21484375 0.53828125 0.1390625 0.0625
11 0.8484375 0.51484375 0.08515625 0.10625
11 0.5875 0.528125 0.0828125 0.1015625
5 0.0453125 0.4265625 0.0875 0.11953125
5 0.91015625 0.39140625 0.134375 0.04609375
6 0.76484375 0.315625 0.07109375 0.1046875
6 0.371875 0.30703125 0.04609375 0.12578125
7 0.6046875 0.1265625 0.134375 0.06484375
7 0.45234375 0.0359375 0.1375 0.04609375
12 0.69453125 0.940625 0.10390625 0.08203125
12 0.2390625 0.48046875 0.0953125 0.06796875
13 0.7125 0.4109375 0.0890625 0.0734375
13 0.55078125 0.83671875 0.096875 0.06640625
14 0.3203125 0.309375 0.0515625 0.09921875
14 0.3703125 0.1421875 0.11171875 0.04140625
15 0.66875 0.21328125 0.0640625 0.0734375
15 0.546875 0.5140625 0.0890625 0.04921875
16 0.52578125 0.1359375 0.096875 0.03984375
16 0.20078125 0.28984375 0.0625 0.08671875
17 0.496875 0.75234375 0.05859375 0.0796875
17 0.4953125 0.84609375 0.04921875 0.0859375
18 0.6015625 0.41875 0.06796875 0.0421875
18 0.50625 0.08828125 0.075 0.05078125
19 0.30546875 0.1953125 0.05859375 0.06796875
19 0.246875 0.3375 0.05546875 0.06640625
20 0.28203125 0.3546875 0.0453125 0.053125
20 0.3375 0.43828125 0.05859375 0.05546875
21 0.42578125 0.3234375 0.0640625 0.04140625
21 0.55546875 0.48515625 0.0515625 0.046875
22 0.578125 0.821875 0.134375 0.078125
22 0.46328125 0.53671875 0.06640625 0.09765625