0 0.709375 0.48984375 0.159375 0.14765625
0 0.646875 0.39609375 0.10546875 0.18125
1 0.56015625 0.57265625 0.09765625 0.13515625
1 0.578125 0.4125 0.1078125 0.10859375
2 0.68046875 0.93203125 0.1515625 0.121875
2 0.7609375 0.790625 0.13828125 0.06953125
3 0.45234375 0.45703125 0.05234375 0.1609375
3 0.53125 0.7 0.13046875 0.10859375
4 0.5671875 0.7828125 0.1390625 0.0640625
4 0.37109375 0.55859375 0.12734375 0.0640625
8 0.66875 0.453125 0.09375 0.121875
8 0.72578125 0.64296875 0.11796875 0.059375
9 0.60625 0.8671875 0.11484375 0.09375
9 0.60625 0.628125 0.0640625 0.12421875
10 0.65859375 0.35234375 0.096875 0.078125
10 0.46171875 0.6453125 0.103125 0.059375
11 0.75625 0.84453125 0.0640625 0.10859375
11 0.440625 0.146875 0.10234375 0.06875
5 0.746875 0.57265625 0.09765625 0.065625
5 0.5265625 0.765625 0.1109375 0.06328125
6 0.5640625 0.540625 0.0546875 0.1140625
6 0.50859375 0.49921875 0.0359375 0.11640625
7 0.55234375 0.328125 0.09453125 0.0859375
7 0.57109375 0.421875 0.115625 0.05859375
12 0.33984375 0.52421875 0.08984375 0.06328125
12 0.8984375 0.6734375 0.0625 0.0859375
13 0.63046875 0.37109375 0.06953125 0.07109375
13 0.475 0.05546875 0.08984375 0.040625
14 0.5453125 0.22578125 0.08359375 0.07578125
14 0.67734375 0.74765625 0.0640625 0.07890625
15 0.05546875 0.7765625 0.04609375 0.09453125
15 0.90234375 0.63828125 0.0734375 0.065625
16 0.7796875 0.62890625 0.06953125 0.05625
16 0.50078125 0.3796875 0.08203125 0.03359375
17 0.72109375 0.3703125 0.05390625 0.06875
17 0.37578125 0.57578125 0.0640625 0.05546875
18 0.96328125 0.67890625 0.065625 0.040625
18 0.46484375 0.0921875 0.0609375 0.04609375
19 0.7484375 0.67109375 0.04453125 0.06171875
19 0.7171875 0.4734375 0.0625 0.04765625
20 0.70703125 0.66484375 0.04453125 0.04921875
20 0.4859375 0.49296875 0.03046875 0.04609375
21 0.88515625 0.47890625 0.05703125 0.03828125
21 0.475 0.12421875 0.0609375 0.0375
22 0.7890625 0.8421875 0.1078125 0.10390625
22 0.64921875 0.671875 0.08671875 0.06796875