0 0.57421875 0.5859375 0.15078125 0.14140625
0 0.29609375 0.253125 0.1484375 0.14609375
1 0.059375 0.2046875 0.11796875 0.14375
1 0.7828125 0.67578125 0.04375 0.1890625
2 0.68046875 0.6453125 0.09921875 0.07890625
2 0.11875 0.153125 0.05625 0.16953125
3 0.7359375 0.56875 0.1390625 0.046875
3 0.225 0.19140625 0.04921875 0.14140625
4 0.371875 0.2828125 0.11484375 0.08203125
4 0.3015625 0.2953125 0.1125 0.11953125
8 0.4046875 0.94296875 0.1078125 0.096875
8 0.74609375 0.671875 0.08046875 0.084375
9 0.85859375 0.52265625 0.09921875 0.09765625
9 0.65 0.63203125 0.103125 0.08359375
10 0.44765625 0.86171875 0.08671875 0.09375
10 0.59296875 0.2109375 0.04375 0.11015625
11 0.390625 0.3328125 0.07109375 0.0765625
11 0.26953125 0.24140625 0.06328125 0.09453125
5 0.3734375 0.4125 0.08828125 0.07578125
5 0.73125 0.40625 0.0671875 0.10078125
6 0.234375 0.1640625 0.10078125 0.0625
6 0.61484375 0.11796875 0.10703125 0.03515625
7 0.43046875 0.13125 0.05625 0.115625
7 0.6125 0.146875 0.10390625 0.0375
12 0.33828125 0.46171875 0.0484375 0.084375
12 0.2890625 0.4953125 0.0359375 0.09765625
13 0.38671875 0.9015625 0.0609375 0.08046875
13 0.09921875 0.0421875 0.0734375 0.046875
14 0.9609375 0.55078125 0.071875 0.0734375
14 0.546875 0.29921875 0.071875 0.075
15 0.61796875 0.27421875 0.034375 0.07578125
15 0.0328125 0.29921875 0.0578125 0.053125
16 0.1953125 0.0796875 0.075 0.04921875
16 0.64453125 0.4140625 0.0296875 0.08359375
17 0.4921875 0.921875 0.06015625 0.05703125
17 0.31953125 0.36328125 0.05703125 0.046875
18 0.55078125 0.58046875 0.03984375 0.06484375
18 0.525 0.86796875 0.059375 0.04296875
19 0.53984375 0.125 0.0328125 0.06796875
19 0.74921875 0.61796875 0.0453125 0.03828125
20 0.36796875 0.4734375 0.0390625 0.04375
20 0.4953125 0.8890625 0.04140625 0.03515625
21 0.803125 0.4046875 0.05078125 0.03828125
21 0.4921875 0.15859375 0.04375 0.0515625
22 0.775 0.39609375 0.053125 0.11796875
23 0.5953125 0.3 0.04140625 0.0328125