0 0.65859375 0.59921875 0.0953125 0.1875
0 0.578125 0.2109375 0.078125 0.2046875
1 0.1078125 0.83984375 0.1421875 0.23359375
1 0.60390625 0.209375 0.13046875 0.128125
2 0.48828125 0.703125 0.13515625 0.16484375
2 0.6578125 0.18203125 0.0921875 0.10859375
3 0.53125 0.5703125 0.11171875 0.11328125
3 0.22265625 0.778125 0.1375 0.15234375
4 0.4015625 0.35703125 0.0890625 0.128125
4 0.74140625 0.0765625 0.13671875 0.09296875
8 0.4046875 0.4328125 0.13203125 0.08515625
8 0.3765625 0.66953125 0.059375 0.196875
9 0.571875 0.4203125 0.06171875 0.17109375
9 0.41328125 0.70625 0.1328125 0.11015625
10 0.66640625 0.6140625 0.0625 0.134375
10 0.40234375 0.29375 0.03984375 0.16484375
11 0.66015625 0.5 0.034375 0.1421875
11 0.62578125 0.42109375 0.04296875 0.140625
5 0.44609375 0.2328125 0.06796875 0.1359375
5 0.3984375 0.54375 0.0875 0.121875
6 0.4484375 0.35078125 0.05234375 0.140625
6 0.3734375 0.2921875 0.06015625 0.15859375
7 0.30625 0.74140625 0.10546875 0.10703125
7 0.94140625 0.17265625 0.046875 0.15078125
12 0.52734375 0.15234375 0.078125 0.08671875
12 0.321875 0.60390625 0.0640625 0.1265625
13 0.51640625 0.62265625 0.0703125 0.10859375
13 0.5625 0.740625 0.07421875 0.09921875
14 0.5734375 0.1875 0.034375 0.10859375
14 0.7390625 0.628125 0.0578125 0.1171875
15 0.49921875 0.31328125 0.06796875 0.10234375
15 0.47578125 0.6296875 0.0390625 0.10390625
16 0.66796875 0.71484375 0.03203125 0.11171875
16 0.40546875 0.703125 0.0671875 0.09140625
17 0.64140625 0.13359375 0.0578125 0.078125
17 0.63984375 0.7203125 0.04921875 0.08671875
18 0.6375 0.4984375 0.03046875 0.09140625
18 0.715625 0.62109375 0.0296875 0.09296875
19 0.6828125 0.25078125 0.053125 0.0625
19 0.5828125 0.41953125 0.05703125 0.0609375
20 0.509375 0.4875 0.04765625 0.065625
20 0.58125 0.7265625 0.0453125 0.0515625
21 0.42109375 0.68515625 0.04296875 0.0796875
21 0.528125 0.5265625 0.053125 0.04453125
22 0.5015625 0.2125 0.10703125 0.10859375
22 0.53515625 0.296875 0.10390625 0.10390625