0 0.5 0.225 0.10078125 0.1375
0 0.74296875 0.2375 0.13671875 0.06171875
1 0.42578125 0.553125 0.11875 0.0875
1 0.628125 0.5703125 0.06953125 0.1484375
2 0.61796875 0.23125 0.1078125 0.0828125
2 0.62890625 0.06171875 0.115625 0.05
3 0.5 0.0640625 0.09453125 0.0875
3 0.76328125 0.10390625 0.1 0.07265625
4 0.4265625 0.17890625 0.071875 0.1078125
4 0.5578125 0.446875 0.1 0.04296875
8 0.26328125 0.51640625 0.0421875 0.1125
8 0.4921875 0.16796875 0.0828125 0.08203125
9 0.6109375 0.678125 0.08671875 0.07265625
9 0.31953125 0.79921875 0.03984375 0.11953125
10 0.33203125 0.55078125 0.06484375 0.08671875
10 0.440625 0.06796875 0.07734375 0.0640625
11 0.93515625 0.178125 0.07890625 0.0734375
11 0.225 0.4984375 0.06015625 0.0796875
5 0.67109375 0.44375 0.07421875 0.0734375
5 0.58125 0.553125 0.05703125 0.09375
6 0.5125 0.27734375 0.059375 0.08515625
6 0.5796875 0.5390625 0.07421875 0.06015625
7 0.88515625 0.0890625 0.05625 0.09453125
7 0.30703125 0.503125 0.04921875 0.08984375
12 0.9046875 0.4125 0.0640625 0.0734375
12 0.67421875 0.28671875 0.05546875 0.0640625
13 0.61953125 0.17265625 0.04921875 0.07265625
13 0.6421875 0.37421875 0.0421875 0.07265625
14 0.5046875 0.39140625 0.03359375 0.07578125
14 0.96328125 0.42734375 0.0625 0.06875
15 0.521875 0.975 0.0625 0.04765625
15 0.71875 0.7296875 0.04375 0.06875
16 0.49921875 0.93515625 0.04453125 0.0796875
16 0.65078125 0.60703125 0.0328125 0.06796875
17 0.46875 0.38046875 0.0359375 0.0625
17 0.67578125 0.67265625 0.04375 0.059375
18 0.85 0.23671875 0.03828125 0.06015625
18 0.73046875 0.6578125 0.05234375 0.03671875
19 0.58046875 0.48671875 0.034375 0.0546875
19 0.3796875 0.1859375 0.0484375 0.03828125
20 0.48828125 0.54375 0.0328125 0.05546875
20 0.63515625 0.3171875 0.0328125 0.04375
21 0.61640625 0.32890625 0.0453125 0.04375
21 0.02890625 0.8703125 0.04609375 0.04765625
22 0.81640625 0.68359375 0.0859375 0.08203125
22 0.78828125 0.31875 0.08671875 0.06796875