0 0.18828125 0.27109375 0.16796875 0.39140625
0 0.440625 0.6015625 0.228125 0.25
1 0.85234375 0.60390625 0.20625 0.16015625
1 0.1171875 0.5953125 0.15 0.3421875
2 0.421875 0.446875 0.1703125 0.26171875
2 0.1734375 0.53984375 0.1421875 0.240625
3 0.33203125 0.153125 0.25078125 0.16953125
3 0.50234375 0.8234375 0.2421875 0.13671875
4 0.553125 0.740625 0.228125 0.09921875
4 0.3015625 0.7546875 0.1265625 0.259375
8 0.6703125 0.7546875 0.1421875 0.14609375
8 0.178125 0.73359375 0.15625 0.14140625
9 0.36640625 0.775 0.2125 0.1203125
9 0.1640625 0.38359375 0.18046875 0.0921875
10 0.509375 0.34296875 0.09609375 0.19609375
10 0.52109375 0.865625 0.15234375 0.14609375
11 0.6625 0.553125 0.1703125 0.134375
11 0.7984375 0.4515625 0.19453125 0.14375
5 0.37109375 0.1828125 0.19609375 0.1203125
5 0.4359375 0.21953125 0.15 0.18359375
6 0.7859375 0.27265625 0.2328125 0.1578125
6 0.69453125 0.6265625 0.178125 0.134375
7 0.76953125 0.4328125 0.184375 0.1390625
7 0.253125 0.2875 0.178125 0.12265625
12 0.45 0.4125 0.09453125 0.16484375
12 0.17734375 0.571875 0.1625 0.078125
13 0.58828125 0.303125 0.10234375 0.115625
13 0.76484375 0.6984375 0.1703125 0.0609375
14 0.2875 0.63125 0.15859375 0.0640625
14 0.31953125 0.45859375 0.1703125 0.096875
15 0.41015625 0.86796875 0.1265625 0.08046875
15 0.296875 0.31015625 0.1203125 0.078125
16 0.4078125 0.240625 0.0625 0.15078125
16 0.309375 0.64140625 0.08984375 0.13203125
17 0.67109375 0.4703125 0.1125 0.0875
17 0.27421875 0.50390625 0.10859375 0.1015625
18 0.42265625 0.6 0.06015625 0.1203125
18 0.46484375 0.25234375 0.08046875 0.09453125
19 0.52890625 0.6484375 0.0921875 0.10390625
19 0.4828125 0.7796875 0.11640625 0.0640625
20 0.3734375 0.56484375 0.05390625 0.1109375
20 0.77421875 0.75625 0.0859375 0.06875
21 0.5625 0.71015625 0.0859375 0.06640625
21 0.290625 0.39609375 0.06015625 0.09921875
22 0.56796875 0.20625 0.13828125 0.1296875
23 0.60625 0.6484375 0.04609375 0.08984375