0 0.62109375 0.20703125 0.12734375 0.1171875
0 0.55625 0.81953125 0.1984375 0.08046875
1 0.11640625 0.4171875 0.12734375 0.13828125
1 0.4640625 0.365625 0.084375 0.19609375
2 0.7296875 0.109375 0.134375 0.0984375
2 0.89375 0.365625 0.09921875 0.159375
3 0.4328125 0.18984375 0.11875 0.11484375
3 0.46484375 0.85390625 0.121875 0.14140625
4 0.49296875 0.53515625 0.15390625 0.090625
4 0.15234375 0.60859375 0.096875 0.1671875
8 0.72734375 0.06015625 0.175 0.053125
8 0.1453125 0.45390625 0.140625 0.12109375
9 0.621875 0.89921875 0.1171875 0.09609375
9 0.66015625 0.45625 0.07265625 0.13828125
10 0.690625 0.8515625 0.0796875 0.1140625
10 0.896875 0.3625 0.1328125 0.0671875
11 0.81484375 0.734375 0.11875 0.0671875
11 0.2828125 0.4234375 0.14296875 0.0546875
5 0.2296875 0.69375 0.11328125 0.071875
5 0.73046875 0.3984375 0.0703125 0.1140625
6 0.8203125 0.9375 0.1171875 0.10234375
6 0.90078125 0.68984375 0.1109375 0.1046875
7 0.3234375 0.78203125 0.06171875 0.1359375
7 0.834375 0.3109375 0.10390625 0.08359375
12 0.46953125 0.92421875 0.11953125 0.05
12 0.41328125 0.6015625 0.10390625 0.0671875
13 0.78203125 0.39453125 0.09765625 0.07890625
13 0.31484375 0.48828125 0.05703125 0.103125
14 0.52265625 0.87421875 0.06015625 0.1
14 0.59609375 0.12578125 0.1015625 0.05078125
15 0.56484375 0.29375 0.08984375 0.06015625
15 0.1796875 0.35625 0.07890625 0.05234375
16 0.36796875 0.509375 0.0796875 0.07109375
16 0.45390625 0.4015625 0.1 0.05
17 0.74296875 0.4875 0.07890625 0.04296875
17 0.3984375 0.45390625 0.06875 0.06171875
18 0.46640625 0.621875 0.0640625 0.04765625
18 0.2703125 0.43515625 0.05703125 0.06640625
19 0.54375 0.48203125 0.0734375 0.04609375
19 0.52265625 0.765625 0.0625 0.05703125
20 0.43359375 0.546875 0.0546875 0.04609375
20 0.74296875 0.33984375 0.0375 0.05
21 0.4453125 0.24140625 0.0625 0.03984375
21 0.20390625 0.490625 0.05703125 0.0640625
22 0.7046875 0.74453125 0.084375 0.06953125
23 0.6765625 0.78203125 0.06875 0.03984375