0 0.6671875 0.4453125 0.12578125 0.0828125
0 0.421875 0.2359375 0.10859375 0.17890625
1 0.0515625 0.29609375 0.05546875 0.21875
1 0.1203125 0.2671875 0.12734375 0.17734375
2 0.534375 0.1828125 0.046875 0.15
2 0.54765625 0.5390625 0.08125 0.10078125
3 0.20234375 0.4453125 0.0609375 0.1359375
3 0.5734375 0.53359375 0.13203125 0.05390625
4 0.53828125 0.16953125 0.140625 0.03671875
4 0.29140625 0.29375 0.13671875 0.0609375
8 0.42421875 0.29609375 0.0703125 0.1078125
8 0.659375 0.45 0.046875 0.11796875
9 0.703125 0.1640625 0.11953125 0.0515625
9 0.23984375 0.20546875 0.09375 0.09375
10 0.16015625 0.36640625 0.11953125 0.046875
10 0.1671875 0.9671875 0.12734375 0.0390625
11 0.22421875 0.55 0.1078125 0.05625
11 0.63203125 0.490625 0.0890625 0.0609375
5 0.421875 0.4109375 0.09921875 0.0546875
5 0.528125 0.38515625 0.04765625 0.09609375
6 0.28515625 0.2453125 0.04921875 0.10390625
6 0.07109375 0.93671875 0.08359375 0.096875
7 0.6453125 0.1828125 0.08359375 0.08984375
7 0.75078125 0.27734375 0.10234375 0.0515625
12 0.390625 0.06171875 0.0421875 0.09765625
12 0.42890625 0.50078125 0.0828125 0.04375
13 0.36015625 0.37890625 0.08359375 0.04296875
13 0.446875 0.0390625 0.08359375 0.05625
14 0.9546875 0.31640625 0.0671875 0.06796875
14 0.95234375 0.40703125 0.06171875 0.05625
15 0.48984375 0.34140625 0.07265625 0.0421875
15 0.596875 0.24765625 0.0375 0.07265625
16 0.69765625 0.49296875 0.04453125 0.0640625
16 0.2640625 0.0859375 0.0359375 0.0921875
17 0.4609375 0.5234375 0.04765625 0.05859375
17 0.34296875 0.22265625 0.0640625 0.0578125
18 0.26171875 0.42421875 0.04921875 0.05390625
18 0.95625 0.37890625 0.0375 0.05078125
19 0.0984375 0.47421875 0.0609375 0.05390625
19 0.6984375 0.45703125 0.0390625 0.03828125
20 0.36796875 0.42734375 0.0328125 0.04375
20 0.484375 0.31796875 0.0453125 0.02890625
21 0.49453125 0.37890625 0.04375 0.04609375
21 0.3578125 0.29375 0.04921875 0.04296875
22 0.36875 0.45546875 0.1078125 0.040625
23 0.6921875 0.1484375 0.05546875 0.03984375