0 0.5234375 0.4890625 0.0984375 0.1140625
0 0.590625 0.58359375 0.165625 0.059375
1 0.8234375 0.52578125 0.04296875 0.1359375
1 0.7265625 0.90546875 0.1 0.12109375
2 0.5953125 0.29375 0.13671875 0.0578125
2 0.053125 0.59453125 0.07890625 0.103125
3 0.56328125 0.6015625 0.11171875 0.07109375
3 0.65390625 0.50078125 0.1203125 0.0375
4 0.75078125 0.4234375 0.109375 0.0734375
4 0.60390625 0.77578125 0.04765625 0.10703125
8 0.7578125 0.27265625 0.0734375 0.0875
8 0.596875 0.33828125 0.1125 0.04921875
9 0.41328125 0.10859375 0.08984375 0.078125
9 0.15703125 0.3 0.0875 0.075
10 0.70625 0.2796875 0.09609375 0.03828125
10 0.17734375 0.27421875 0.0421875 0.08359375
11 0.75 0.16953125 0.10078125 0.04921875
11 0.221875 0.56875 0.08046875 0.05625
5 0.20703125 0.38046875 0.05390625 0.07265625
5 0.1984375 0.4875 0.03828125 0.08125
6 0.23515625 0.496875 0.03828125 0.08359375
6 0.2015625 0.04140625 0.06484375 0.08203125
7 0.47578125 0.5546875 0.07578125 0.0625
7 0.715625 0.39375 0.0453125 0.075
12 0.7640625 0.21875 0.04921875 0.06875
12 0.64609375 0.46640625 0.071875 0.04296875
13 0.66640625 0.42578125 0.071875 0.04921875
13 0.59765625 0.15625 0.0765625 0.04765625
14 0.72109375 0.6390625 0.05625 0.06328125
14 0.2375 0.37109375 0.0671875 0.0328125
15 0.4 0.60234375 0.0375 0.05546875
15 0.1 0.7 0.05546875 0.06171875
16 0.690625 0.696875 0.04921875 0.0515625
16 0.9046875 0.453125 0.0734375 0.03828125
17 0.48984375 0.6125 0.0578125 0.028125
17 0.7984375 0.971875 0.05078125 0.04921875
18 0.61640625 0.1234375 0.06328125 0.03046875
18 0.440625 0.63359375 0.0453125 0.04296875
19 0.23046875 0.4328125 0.05078125 0.04140625
19 0.57890625 0.47421875 0.05078125 0.040625
20 0.4703125 0.04296875 0.0609375 0.0328125
20 0.64921875 0.59921875 0.04921875 0.03359375
21 0.23984375 0.32109375 0.046875 0.03359375
21 0.45078125 0.61953125 0.03203125 0.040625
22 0.10234375 0.75625 0.0671875 0.08359375
23 0.95859375 0.87265625 0.0609375 0.0328125