0 0.52578125 0.26484375 0.18671875 0.1
0 0.57265625 0.13828125 0.159375 0.1546875
1 0.13515625 0.60859375 0.2703125 0.17578125
1 0.475 0.40390625 0.134375 0.17734375
2 0.42890625 0.684375 0.115625 0.2828125
2 0.87421875 0.5625 0.08671875 0.2609375
3 0.328125 0.5625 0.15 0.20234375
3 0.278125 0.6578125 0.1296875 0.20859375
4 0.6890625 0.8875 0.23984375 0.14296875
4 0.421875 0.68984375 0.1671875 0.121875
8 0.7015625 0.4828125 0.18984375 0.125
8 0.17109375 0.4734375 0.21328125 0.13984375
9 0.2453125 0.36640625 0.21640625 0.071875
9 0.8546875 0.51875 0.1578125 0.1875
10 0.0953125 0.5359375 0.10546875 0.1859375
10 0.709375 0.86640625 0.1265625 0.16875
11 0.72265625 0.35234375 0.09609375 0.17890625
11 0.296875 0.715625 0.09140625 0.1578125
5 0.8984375 0.7515625 0.1625 0.16875
5 0.34375 0.84140625 0.165625 0.09375
6 0.76953125 0.37109375 0.10078125 0.1671875
6 0.77421875 0.634375 0.10078125 0.1625
7 0.659375 0.509375 0.153125 0.121875
7 0.23671875 0.26953125 0.1453125 0.0984375
12 0.57265625 0.740625 0.1125 0.13828125
12 0.465625 0.5265625 0.134375 0.0671875
13 0.6390625 0.7640625 0.07421875 0.11953125
13 0.46796875 0.6140625 0.05390625 0.128125
14 0.41796875 0.2625 0.06484375 0.1671875
14 0.584375 0.87421875 0.09765625 0.11953125
15 0.815625 0.76875 0.10546875 0.08515625
15 0.58359375 0.5234375 0.11875 0.06875
16 0.63671875 0.61796875 0.1140625 0.07734375
16 0.2046875 0.378125 0.08359375 0.14609375
17 0.59765625 0.35390625 0.05234375 0.11015625
17 0.63125 0.24453125 0.10546875 0.0625
18 0.225 0.51796875 0.09296875 0.0671875
18 0.1984375 0.69921875 0.05234375 0.0984375
19 0.44375 0.890625 0.09453125 0.090625
19 0.64921875 0.35078125 0.06640625 0.096875
20 0.309375 0.5328125 0.05078125 0.07421875
20 0.56640625 0.65703125 0.07109375 0.065625
21 0.35546875 0.43046875 0.06015625 0.08515625
21 0.4875 0.4015625 0.07109375 0.07734375
22 0.2171875 0.8703125 0.06171875 0.190625
23 0.5109375 0.87265625 0.06796875 0.04765625