0 0.575 0.43515625 0.07109375 0.1640625
0 0.26015625 0.36875 0.0796875 0.13984375
1 0.94140625 0.484375 0.084375 0.13828125
1 0.496875 0.49375 0.04453125 0.13984375
2 0.7140625 0.41171875 0.10625 0.0390625
2 0.65078125 0.5625 0.0375 0.134375
3 0.4 0.128125 0.10234375 0.05
3 0.615625 0.303125 0.046875 0.1203125
4 0.234375 0.13203125 0.03828125 0.1171875
4 0.740625 0.5921875 0.07578125 0.10625
8 0.30078125 0.18125 0.0265625 0.11953125
8 0.3921875 0.4171875 0.0859375 0.0390625
9 0.5703125 0.0703125 0.0734375 0.08671875
9 0.24375 0.53359375 0.05625 0.08984375
10 0.55234375 0.67578125 0.05859375 0.08125
10 0.46640625 0.21953125 0.075 0.0625
11 0.26015625 0.2625 0.0328125 0.09453125
11 0.6296875 0.11171875 0.075 0.05703125
5 0.46796875 0.2625 0.0515625 0.07890625
5 0.4375 0.465625 0.046875 0.0765625
6 0.60546875 0.48125 0.0625 0.0625
6 0.66484375 0.3 0.03671875 0.08359375
7 0.48203125 0.375 0.05234375 0.078125
7 0.6421875 0.20234375 0.075 0.03359375
12 0.4953125 0.3125 0.05390625 0.06015625
12 0.271875 0.12109375 0.03359375 0.0734375
13 0.63203125 0.06328125 0.04140625 0.06875
13 0.03984375 0.92890625 0.03046875 0.06796875
14 0.52734375 0.34921875 0.04609375 0.0625
14 0.54140625 0.60078125 0.04375 0.06875
15 0.4515625 0.35078125 0.04765625 0.046875
15 0.3875 0.5046875 0.0484375 0.04375
16 0.67890625 0.11640625 0.0234375 0.065625
16 0.28046875 0.05234375 0.028125 0.06484375
17 0.32265625 0.42578125 0.03515625 0.05234375
17 0.490625 0.96484375 0.046875 0.0328125
18 0.38984375 0.39140625 0.03125 0.046875
18 0.56015625 0.25078125 0.04140625 0.0375
19 0.3796875 0.471875 0.02265625 0.046875
19 0.6828125 0.3484375 0.040625 0.04140625
20 0.328125 0.1265625 0.02734375 0.040625
20 0.51015625 0.56875 0.03359375 0.0359375
21 0.51640625 0.24296875 0.03359375 0.03828125
21 0.58046875 0.50859375 0.03671875 0.0328125
22 0.6515625 0.1609375 0.0796875 0.0375
22 0.70078125 0.2421875 0.03125 0.0984375