0 0.51171875 0.42421875 0.21875 0.11953125
0 0.74921875 0.63046875 0.2875 0.0921875
1 0.32421875 0.78359375 0.2171875 0.12890625
1 0.3578125 0.553125 0.1375 0.11875
2 0.5828125 0.31015625 0.16640625 0.09765625
2 0.3375 0.9171875 0.215625 0.0796875
3 0.5375 0.8390625 0.23125 0.040625
3 0.09609375 0.08671875 0.17265625 0.06875
4 0.509375 0.9109375 0.17578125 0.0953125
4 0.5796875 0.228125 0.0828125 0.146875
8 0.48828125 0.153125 0.17421875 0.06875
8 0.5578125 0.6703125 0.2015625 0.08828125
9 0.55 0.365625 0.11015625 0.12109375
9 0.33828125 0.56953125 0.19453125 0.03671875
10 0.6828125 0.45390625 0.065625 0.10703125
10 0.58359375 0.46796875 0.1484375 0.071875
11 0.30546875 0.74453125 0.140625 0.0796875
11 0.39765625 0.66875 0.140625 0.08125
5 0.49765625 0.10390625 0.1515625 0.0765625
5 0.4984375 0.553125 0.0703125 0.1078125
6 0.88125 0.71796875 0.17421875 0.0484375
6 0.46484375 0.39921875 0.09296875 0.0953125
7 0.7609375 0.7640625 0.11328125 0.10078125
7 0.36328125 0.6265625 0.1515625 0.05
12 0.39140625 0.83359375 0.0796875 0.0953125
12 0.77578125 0.65390625 0.05234375 0.09765625
13 0.3765625 0.06328125 0.1453125 0.046875
13 0.57578125 0.271875 0.11015625 0.065625
14 0.7328125 0.6140625 0.09140625 0.06875
14 0.753125 0.7046875 0.09453125 0.0796875
15 0.32890625 0.1140625 0.11171875 0.06328125
15 0.7421875 0.3984375 0.065625 0.065625
16 0.24140625 0.6109375 0.09296875 0.06953125
16 0.29921875 0.67421875 0.075 0.06640625
17 0.20859375 0.653125 0.08125 0.06875
17 0.65625 0.36171875 0.09609375 0.03515625
18 0.55 0.80546875 0.09765625 0.0453125
18 0.58515625 0.50859375 0.05234375 0.059375
19 0.48046875 0.75234375 0.0796875 0.05703125
19 0.87890625 0.66953125 0.05078125 0.06796875
20 0.36171875 0.17109375 0.075 0.0390625
20 0.6828125 0.8140625 0.065625 0.04765625
21 0.565625 0.7578125 0.08984375 0.03515625
21 0.5984375 0.56640625 0.09453125 0.0359375
22 0.1875 0.746875 0.11640625 0.125
23 0.4734375 0.8671875 0.09453125 0.03515625