0 0.409375 0.215625 0.21796875 0.27109375
0 0.409375 0.2015625 0.1125 0.27578125
1 0.31484375 0.72890625 0.1640625 0.1421875
1 0.48125 0.78359375 0.17734375 0.1890625
2 0.26953125 0.56328125 0.10546875 0.1328125
2 0.59921875 0.58515625 0.10078125 0.1421875
3 0.703125 0.33359375 0.10703125 0.16875
3 0.290625 0.4859375 0.115625 0.1671875
4 0.6453125 0.425 0.10703125 0.2
4 0.31875 0.26328125 0.0921875 0.1421875
8 0.16640625 0.29921875 0.1828125 0.16875
8 0.140625 0.48828125 0.140625 0.13125
9 0.80625 0.6375 0.1828125 0.11484375
9 0.28125 0.81015625 0.19296875 0.140625
10 0.60703125 0.46640625 0.1125 0.14375
10 0.20234375 0.19921875 0.184375 0.10390625
11 0.7953125 0.70546875 0.07578125 0.184375
11 0.778125 0.5359375 0.1390625 0.1328125
5 0.84296875 0.46640625 0.16953125 0.06953125
5 0.53828125 0.0640625 0.1921875 0.08203125
6 0.7640625 0.53828125 0.14609375 0.10703125
6 0.64140625 0.76328125 0.09375 0.1671875
7 0.78515625 0.415625 0.1578125 0.07578125
7 0.70546875 0.09921875 0.17578125 0.09296875
12 0.91171875 0.3484375 0.065625 0.1734375
12 0.8453125 0.278125 0.08359375 0.140625
13 0.446875 0.8453125 0.134375 0.06171875
13 0.5109375 0.21640625 0.0703125 0.1265625
14 0.3453125 0.37734375 0.1140625 0.09296875
14 0.715625 0.2140625 0.14375 0.05390625
15 0.384375 0.44765625 0.11015625 0.07421875
15 0.5578125 0.13828125 0.090625 0.09140625
16 0.65078125 0.15234375 0.10390625 0.06328125
16 0.453125 0.5671875 0.10390625 0.05703125
17 0.75703125 0.159375 0.10234375 0.08046875
17 0.796875 0.3453125 0.065625 0.09296875
18 0.54296875 0.61640625 0.07890625 0.06484375
18 0.8703125 0.3796875 0.0484375 0.11015625
19 0.1390625 0.58359375 0.09921875 0.06796875
19 0.5640625 0.5015625 0.075 0.07109375
20 0.53984375 0.17421875 0.05390625 0.07890625
20 0.778125 0.26953125 0.05390625 0.07421875
21 0.51953125 0.65546875 0.05 0.07578125
21 0.6609375 0.609375 0.0515625 0.07265625
22 0.6234375 0.7453125 0.1375 0.07265625
22 0.878125 0.5703125 0.18125 0.10390625