0 0.7359375 0.20546875 0.11015625 0.2234375
0 0.5875 0.78671875 0.13046875 0.1375
1 0.82109375 0.4125 0.21171875 0.1328125
1 0.315625 0.490625 0.2421875 0.08203125
2 0.64921875 0.76640625 0.07421875 0.18125
2 0.64296875 0.578125 0.11640625 0.08203125
3 0.38984375 0.78359375 0.1609375 0.128125
3 0.39375 0.54921875 0.1640625 0.10234375
4 0.32734375 0.58984375 0.14921875 0.09375
4 0.11953125 0.0890625 0.18125 0.07890625
8 0.7984375 0.24140625 0.13671875 0.10625
8 0.809375 0.6953125 0.08828125 0.153125
9 0.87265625 0.51328125 0.09453125 0.16171875
9 0.7765625 0.38671875 0.11640625 0.14296875
10 0.4921875 0.6609375 0.08984375 0.1296875
10 0.4484375 0.2390625 0.0640625 0.14609375
11 0.48671875 0.75 0.0859375 0.13125
11 0.58515625 0.51640625 0.0609375 0.13125
5 0.2875 0.90078125 0.15703125 0.0671875
5 0.5578125 0.3375 0.096875 0.128125
6 0.80703125 0.5625 0.11015625 0.12734375
6 0.70390625 0.41640625 0.05546875 0.14296875
7 0.5296875 0.228125 0.08984375 0.134375
7 0.35390625 0.66640625 0.0609375 0.15
12 0.69140625 0.67109375 0.0765625 0.10625
12 0.38671875 0.25390625 0.059375 0.11640625
13 0.6765625 0.371875 0.05546875 0.1109375
13 0.1953125 0.55 0.1234375 0.0625
14 0.35 0.8390625 0.078125 0.09453125
14 0.44296875 0.8296875 0.09609375 0.10078125
15 0.73046875 0.5390625 0.09140625 0.07421875
15 0.64453125 0.3015625 0.06640625 0.09765625
16 0.92109375 0.41171875 0.0828125 0.09375
16 0.58671875 0.74375 0.0609375 0.09765625
17 0.246875 0.61328125 0.08984375 0.0671875
17 0.8421875 0.68984375 0.05625 0.0859375
18 0.66015625 0.646875 0.06640625 0.05859375
18 0.81171875 0.47578125 0.059375 0.08203125
19 0.75 0.6328125 0.04609375 0.0890625
19 0.8125 0.53515625 0.0578125 0.06875
20 0.5484375 0.67109375 0.05546875 0.065625
20 0.4140625 0.4453125 0.0625 0.05234375
21 0.415625 0.2515625 0.05078125 0.05703125
21 0.20625 0.23125 0.05234375 0.07734375
22 0.51015625 0.521875 0.103125 0.14140625
23 0.65859375 0.52734375 0.04375 0.07265625