0 0.8140625 0.47578125 0.23828125 0.2015625
0 0.3140625 0.7625 0.27421875 0.19453125
1 0.4265625 0.2015625 0.17890625 0.19296875
1 0.68046875 0.440625 0.2453125 0.24921875
2 0.23125 0.39375 0.16640625 0.1875
2 0.590625 0.1609375 0.1765625 0.12578125
3 0.45859375 0.3015625 0.2890625 0.1890625
3 0.4078125 0.721875 0.13359375 0.2765625
4 0.6703125 0.16171875 0.14609375 0.20703125
4 0.2921875 0.8375 0.209375 0.14765625
8 0.115625 0.39609375 0.16953125 0.1671875
8 0.4953125 0.64296875 0.07421875 0.26328125
9 0.74375 0.74453125 0.140625 0.121875
9 0.51015625 0.70546875 0.18203125 0.17109375
10 0.1859375 0.76171875 0.1875 0.109375
10 0.3953125 0.8828125 0.14453125 0.18359375
11 0.91640625 0.659375 0.12421875 0.21640625
11 0.6734375 0.57578125 0.11875 0.209375
5 0.6140625 0.31640625 0.140625 0.11640625
5 0.23125 0.5828125 0.0828125 0.20546875
6 0.2609375 0.18125 0.11015625 0.190625
6 0.39296875 0.32421875 0.1140625 0.1984375
7 0.34140625 0.12109375 0.20546875 0.1546875
7 0.82421875 0.865625 0.12421875 0.18203125
12 0.7328125 0.60546875 0.1765625 0.08359375
12 0.12265625 0.5671875 0.13359375 0.16015625
13 0.6859375 0.72890625 0.140625 0.13125
13 0.2828125 0.28203125 0.15 0.09453125
14 0.47265625 0.42890625 0.09765625 0.15625
14 0.18125 0.35 0.1390625 0.13671875
15 0.8765625 0.47109375 0.13515625 0.08359375
15 0.75390625 0.43984375 0.103125 0.1421875
16 0.5859375 0.8484375 0.103125 0.12890625
16 0.69921875 0.3921875 0.0703125 0.14375
17 0.61015625 0.39921875 0.08671875 0.11484375
17 0.43046875 0.33984375 0.12421875 0.065625
18 0.4515625 0.53359375 0.0828125 0.10703125
18 0.1359375 0.55703125 0.07734375 0.10703125
19 0.36875 0.21328125 0.1140625 0.06015625
19 0.1921875 0.5203125 0.09921875 0.06875
20 0.79765625 0.290625 0.071875 0.1015625
20 0.646875 0.74296875 0.08125 0.06015625
21 0.62734375 0.79609375 0.07734375 0.06875
21 0.26015625 0.37109375 0.11171875 0.08359375
22 0.4765625 0.4 0.1765625 0.1015625
23 0.40625 0.47578125 0.0578125 0.10703125