0 0.4875 0.9015625 0.0828125 0.1015625
0 0.64921875 0.8890625 0.06171875 0.18359375
1 0.56015625 0.075 0.12421875 0.05859375
1 0.60703125 0.15703125 0.128125 0.06875
2 0.65625 0.94375 0.09296875 0.084375
2 0.53984375 0.8171875 0.09609375 0.06953125
3 0.628125 0.74609375 0.0703125 0.125
3 0.65 0.7390625 0.11171875 0.05
4 0.5359375 0.1203125 0.0625 0.1015625
4 0.43359375 0.2 0.09609375 0.0328125
8 0.4703125 0.18671875 0.08359375 0.05625
8 0.4921875 0.85078125 0.0859375 0.0546875
9 0.49375 0.22109375 0.0796875 0.05
9 0.39765625 0.24140625 0.08046875 0.04296875
10 0.578125 0.69609375 0.0296875 0.1109375
10 0.20546875 0.403125 0.0765625 0.04296875
11 0.68046875 0.75546875 0.07578125 0.04609375
11 0.63359375 0.06015625 0.03671875 0.096875
5 0.67890625 0.4203125 0.04375 0.1078125
5 0.19765625 0.4265625 0.0640625 0.0359375
6 0.59609375 0.8703125 0.03984375 0.1
6 0.59765625 0.1171875 0.06015625 0.078125
7 0.6375 0.621875 0.05625 0.0875
7 0.51640625 0.6953125 0.0421875 0.084375
12 0.67109375 0.58515625 0.02734375 0.09375
12 0.58515625 0.92734375 0.05625 0.0671875
13 0.46171875 0.14375 0.0625 0.03984375
13 0.5375 0.909375 0.0328125 0.084375
14 0.6734375 0.29609375 0.03984375 0.07109375
14 0.65234375 0.859375 0.02265625 0.0859375
15 0.753125 0.18984375 0.02734375 0.0828125
15 0.68046875 0.89765625 0.04609375 0.0671875
16 0.6171875 0.6375 0.04375 0.0671875
16 0.571875 0.11796875 0.05 0.04296875
17 0.54140625 0.7015625 0.04140625 0.0515625
17 0.63125 0.2 0.04921875 0.0359375
18 0.675 0.10234375 0.05234375 0.04375
18 0.36796875 0.21796875 0.0265625 0.05078125
19 0.64140625 0.784375 0.04140625 0.0375
19 0.66796875 0.240625 0.0265625 0.05859375
20 0.634375 0.5421875 0.0421875 0.040625
20 0.71796875 0.72734375 0.03515625 0.04296875
21 0.725 0.77109375 0.03125 0.05390625
21 0.5625 0.7796875 0.03125 0.04296875
22 0.51171875 0.15703125 0.053125 0.08671875
23 0.55625 0.18125 0.03515625 0.03984375