0 0.90703125 0.3703125 0.12578125 0.1078125
0 0.80859375 0.34453125 0.2328125 0.084375
1 0.2875 0.384375 0.11953125 0.11640625
1 0.79453125 0.0921875 0.08671875 0.12734375
2 0.3625 0.5265625 0.0828125 0.13125
2 0.33828125 0.3078125 0.09609375 0.11171875
3 0.18359375 0.44765625 0.0828125 0.15703125
3 0.81640625 0.25703125 0.1203125 0.115625
4 0.29921875 0.55859375 0.10625 0.08984375
4 0.26875 0.3765625 0.06328125 0.15
8 0.6640625 0.31640625 0.05078125 0.153125
8 0.72890625 0.27578125 0.10078125 0.12890625
9 0.25546875 0.66015625 0.10859375 0.1109375
9 0.78828125 0.1203125 0.06640625 0.13125
10 0.90703125 0.4046875 0.1140625 0.084375
10 0.7625 0.38671875 0.05546875 0.109375
11 0.1734375 0.65 0.09296875 0.08203125
11 0.82265625 0.26796875 0.1296875 0.03828125
5 0.63046875 0.25859375 0.0703125 0.12109375
5 0.36640625 0.4375 0.07265625 0.075
6 0.2765625 0.5703125 0.06640625 0.10546875
6 0.74140625 0.14609375 0.0890625 0.1015625
7 0.2875 0.49453125 0.08828125 0.09296875
7 0.8234375 0.26796875 0.13046875 0.03671875
12 0.83359375 0.3796875 0.06875 0.09375
12 0.903125 0.26171875 0.08515625 0.0625
13 0.40390625 0.35078125 0.04921875 0.0859375
13 0.23828125 0.46015625 0.04921875 0.0921875
14 0.28203125 0.16484375 0.053125 0.071875
14 0.4203125 0.4578125 0.0453125 0.0859375
15 0.2515625 0.1984375 0.0921875 0.04375
15 0.33046875 0.08828125 0.0390625 0.075
16 0.83515625 0.2734375 0.0375 0.07265625
16 0.75546875 0.1796875 0.07109375 0.06796875
17 0.3046875 0.1 0.0359375 0.071875
17 0.75546875 0.13984375 0.07421875 0.0359375
18 0.12265625 0.70234375 0.0453125 0.071875
18 0.2390625 0.5859375 0.03984375 0.0640625
19 0.27109375 0.109375 0.059375 0.05625
19 0.36640625 0.14375 0.0515625 0.06171875
20 0.69296875 0.2203125 0.04375 0.05859375
20 0.43203125 0.29375 0.0609375 0.040625
21 0.72265625 0.18046875 0.0390625 0.05859375
21 0.8671875 0.28125 0.04765625 0.04453125
22 0.1296875 0.915625 0.1265625 0.09375
22 0.32265625 0.4546875 0.07734375 0.06484375