0 0.5828125 0.12578125 0.15859375 0.17734375
0 0.19765625 0.7453125 0.15390625 0.2421875
1 0.734375 0.64921875 0.153125 0.15546875
1 0.69140625 0.21953125 0.09609375 0.1875
2 0.86640625 0.371875 0.1109375 0.13515625
2 0.396875 0.35703125 0.1875 0.14609375
3 0.3984375 0.8640625 0.17578125 0.17265625
3 0.4734375 0.8921875 0.1484375 0.12578125
4 0.2640625 0.48984375 0.19375 0.11015625
4 0.19375 0.71328125 0.13671875 0.190625
8 0.83125 0.20859375 0.18046875 0.12265625
8 0.79765625 0.46953125 0.0640625 0.23125
9 0.37109375 0.74765625 0.09921875 0.13828125
9 0.2921875 0.5921875 0.109375 0.11328125
10 0.559375 0.34375 0.1703125 0.10078125
10 0.5796875 0.54453125 0.0875 0.17265625
11 0.62265625 0.328125 0.15390625 0.11953125
11 0.915625 0.40078125 0.13359375 0.09921875
5 0.4203125 0.28125 0.103125 0.17109375
5 0.53359375 0.62421875 0.15 0.07734375
6 0.07578125 0.66328125 0.1015625 0.09921875
6 0.51953125 0.76875 0.18359375 0.06484375
7 0.22734375 0.38828125 0.175 0.10546875
7 0.1125 0.496875 0.11484375 0.11796875
12 0.3 0.8609375 0.13125 0.08828125
12 0.496875 0.8203125 0.0828125 0.14453125
13 0.67734375 0.13125 0.11171875 0.13515625
13 0.67734375 0.5234375 0.0625 0.16796875
14 0.415625 0.55 0.0796875 0.13984375
14 0.8203125 0.2484375 0.07109375 0.09921875
15 0.75078125 0.4140625 0.0875 0.11328125
15 0.39609375 0.71484375 0.1015625 0.10078125
16 0.2828125 0.68828125 0.09453125 0.07265625
16 0.734375 0.48671875 0.09453125 0.11328125
17 0.6328125 0.66875 0.07265625 0.09453125
17 0.4765625 0.690625 0.0890625 0.08046875
18 0.57734375 0.7296875 0.09140625 0.07734375
18 0.3359375 0.575 0.09921875 0.0484375
19 0.8828125 0.46875 0.09453125 0.07109375
19 0.77578125 0.08125 0.0671875 0.10703125
20 0.7640625 0.303125 0.06953125 0.06796875
20 0.63515625 0.590625 0.07421875 0.0578125
21 0.4359375 0.8046875 0.05078125 0.07734375
21 0.51015625 0.621875 0.06875 0.07578125
22 0.12890625 0.5421875 0.20546875 0.0625
23 0.62265625 0.228125 0.0625 0.06484375