0 0.48828125 0.521875 0.15390625 0.14375
0 0.48984375 0.34453125 0.0453125 0.228125
1 0.8984375 0.4234375 0.0578125 0.21953125
1 0.10078125 0.31796875 0.15703125 0.15078125
2 0.26015625 0.453125 0.0578125 0.190625
2 0.63515625 0.1390625 0.1484375 0.12421875
3 0.9390625 0.5421875 0.06328125 0.16953125
3 0.6703125 0.2171875 0.140625 0.08671875
4 0.8203125 0.315625 0.125 0.09296875
4 0.46875 0.525 0.0609375 0.14921875
8 0.87578125 0.25859375 0.07890625 0.146875
8 0.809375 0.615625 0.05703125 0.1484375
9 0.20546875 0.3359375 0.065625 0.1421875
9 0.73125 0.709375 0.0953125 0.096875
10 0.14453125 0.31484375 0.0984375 0.1140625
10 0.11171875 0.896875 0.12265625 0.12109375
11 0.4078125 0.2015625 0.0953125 0.10703125
11 0.53984375 0.2703125 0.04765625 0.11953125
5 0.36171875 0.3140625 0.065625 0.12421875
5 0.5984375 0.6078125 0.11328125 0.046875
6 0.1453125 0.22109375 0.1203125 0.05703125
6 0.60078125 0.3671875 0.0890625 0.115625
7 0.2453125 0.165625 0.090625 0.12109375
7 0.6828125 0.721875 0.12109375 0.05390625
12 0.28359375 0.55625 0.096875 0.06953125
12 0.45 0.08671875 0.0984375 0.07109375
13 0.51875 0.5453125 0.0515625 0.096875
13 0.67109375 0.7640625 0.09296875 0.05234375
14 0.22734375 0.471875 0.05390625 0.10078125
14 0.35 0.49921875 0.04765625 0.10078125
15 0.40078125 0.51171875 0.07109375 0.07578125
15 0.73671875 0.415625 0.04921875 0.10234375
16 0.6640625 0.278125 0.05 0.09296875
16 0.0875 0.85859375 0.09296875 0.09375
17 0.45546875 0.66875 0.06484375 0.08125
17 0.32421875 0.084375 0.0828125 0.05703125
18 0.3 0.203125 0.07109375 0.046875
18 0.44140625 0.31015625 0.059375 0.07109375
19 0.55625 0.78125 0.06953125 0.05546875
19 0.765625 0.74296875 0.04765625 0.07578125
20 0.6703125 0.67109375 0.04765625 0.065625
20 0.38828125 0.10859375 0.04609375 0.0625
21 0.665625 0.43125 0.0671875 0.0453125
21 0.3046875 0.46796875 0.04921875 0.0671875
22 0.871875 0.59453125 0.0875 0.1296875
22 0.53515625 0.71328125 0.10078125 0.1125