0 0.14296875 0.1140625 0.1640625 0.0984375
0 0.45703125 0.47578125 0.3015625 0.05859375
1 0.25234375 0.18515625 0.25546875 0.09375
1 0.53203125 0.2703125 0.21796875 0.10234375
2 0.82421875 0.91796875 0.1375 0.115625
2 0.86484375 0.65859375 0.09375 0.190625
3 0.7421875 0.4546875 0.1625 0.1390625
3 0.52265625 0.22109375 0.15390625 0.09609375
4 0.59453125 0.70546875 0.2046875 0.05078125
4 0.278125 0.378125 0.159375 0.1140625
8 0.83046875 0.71328125 0.096875 0.13515625
8 0.37109375 0.3703125 0.0703125 0.15
9 0.91953125 0.4359375 0.13125 0.1375
9 0.27734375 0.09140625 0.08515625 0.14140625
10 0.7 0.55 0.15703125 0.05859375
10 0.46640625 0.11796875 0.15234375 0.10703125
11 0.85234375 0.46953125 0.08828125 0.10234375
11 0.64765625 0.63828125 0.08203125 0.0984375
5 0.2828125 0.23125 0.0609375 0.121875
5 0.5078125 0.25 0.08828125 0.09375
6 0.76796875 0.27734375 0.14921875 0.0875
6 0.68984375 0.18359375 0.14453125 0.0828125
7 0.71171875 0.18125 0.11796875 0.1140625
7 0.84765625 0.634375 0.1703125 0.05703125
12 0.5265625 0.625 0.140625 0.05
12 0.5765625 0.16796875 0.09375 0.0828125
13 0.221875 0.25 0.05703125 0.09609375
13 0.65390625 0.28125 0.12421875 0.05625
14 0.69921875 0.3578125 0.11953125 0.06328125
14 0.703125 0.58046875 0.0984375 0.0875
15 0.21953125 0.30078125 0.1046875 0.05390625
15 0.346875 0.18359375 0.11015625 0.05078125
16 0.5640625 0.34921875 0.0921875 0.0703125
16 0.67578125 0.49453125 0.0953125 0.0765625
17 0.553125 0.51953125 0.05703125 0.078125
17 0.509375 0.5171875 0.05078125 0.0703125
18 0.4609375 0.16328125 0.05234375 0.065625
18 0.62421875 0.3484375 0.04296875 0.0546875
19 0.4328125 0.56875 0.08203125 0.05703125
19 0.8390625 0.3421875 0.0625 0.05625
20 0.7796875 0.43828125 0.0640625 0.05859375
20 0.6140625 0.39765625 0.0671875 0.05390625
21 0.68984375 0.334375 0.0984375 0.03671875
21 0.621875 0.3171875 0.09375 0.03671875
22 0.340625 0.2734375 0.12421875 0.109375
23 0.803125 0.36328125 0.05546875 0.0546875