0 0.6765625 0.17109375 0.2828125 0.1625
0 0.8171875 0.5796875 0.2296875 0.22734375
1 0.5625 0.15078125 0.21328125 0.2484375
1 0.5921875 0.28984375 0.140625 0.17109375
2 0.42734375 0.58984375 0.1078125 0.35078125
2 0.46171875 0.76171875 0.18046875 0.1484375
3 0.85546875 0.26640625 0.1078125 0.29609375
3 0.34609375 0.0765625 0.23984375 0.13203125
4 0.875 0.2671875 0.18984375 0.121875
4 0.21328125 0.296875 0.13515625 0.121875
8 0.475 0.525 0.18359375 0.11484375
8 0.8421875 0.5890625 0.24921875 0.134375
9 0.3 0.5640625 0.1078125 0.21484375
9 0.578125 0.71484375 0.21484375 0.14296875
10 0.68203125 0.64296875 0.07109375 0.2171875
10 0.6328125 0.47109375 0.1453125 0.14140625
11 0.2515625 0.21328125 0.13203125 0.18671875
11 0.38125 0.1421875 0.140625 0.15
5 0.2546875 0.74140625 0.175 0.1359375
5 0.73671875 0.81484375 0.1734375 0.08828125
6 0.865625 0.36328125 0.203125 0.0703125
6 0.17265625 0.55625 0.1671875 0.1078125
7 0.303125 0.44921875 0.18671875 0.0828125
7 0.37734375 0.71875 0.20625 0.09375
12 0.5921875 0.85625 0.14375 0.125
12 0.2390625 0.39921875 0.1765625 0.0546875
13 0.78984375 0.4359375 0.15546875 0.06328125
13 0.73359375 0.85625 0.1453125 0.08671875
14 0.44375 0.1734375 0.1375 0.121875
14 0.7984375 0.47734375 0.1484375 0.065625
15 0.3578125 0.1734375 0.15078125 0.06171875
15 0.80859375 0.54921875 0.12265625 0.065625
16 0.7921875 0.7125 0.1078125 0.109375
16 0.484375 0.89140625 0.11875 0.121875
17 0.36953125 0.49375 0.1203125 0.07421875
17 0.565625 0.3703125 0.0796875 0.1234375
18 0.4890625 0.60078125 0.07265625 0.10390625
18 0.159375 0.20390625 0.084375 0.1078125
19 0.1953125 0.47265625 0.0828125 0.08828125
19 0.8625 0.7109375 0.09609375 0.0671875
20 0.275 0.54375 0.0515625 0.0796875
20 0.359375 0.39609375 0.090625 0.0578125
21 0.74921875 0.30234375 0.06796875 0.09375
21 0.925 0.49296875 0.0515625 0.09375
22 0.49765625 0.6015625 0.228125 0.084375
23 0.1921875 0.58046875 0.07109375 0.07734375