0 0.09453125 0.5671875 0.12578125 0.2765625
0 0.5984375 0.11484375 0.23046875 0.11015625
1 0.29140625 0.25703125 0.1921875 0.184375
1 0.278125 0.22890625 0.08359375 0.24765625
2 0.546875 0.7484375 0.190625 0.1375
2 0.42578125 0.74609375 0.08203125 0.2296875
3 0.6046875 0.83046875 0.1546875 0.09375
3 0.30234375 0.4984375 0.159375 0.1421875
4 0.5546875 0.36953125 0.1546875 0.11484375
4 0.1875 0.5640625 0.1984375 0.06015625
8 0.44921875 0.29375 0.17109375 0.06015625
8 0.63359375 0.1125 0.13671875 0.16640625
9 0.76484375 0.4 0.1390625 0.1296875
9 0.4359375 0.5578125 0.12265625 0.146875
10 0.37421875 0.44375 0.13046875 0.10703125
10 0.4875 0.91640625 0.146875 0.11796875
11 0.2859375 0.81328125 0.11640625 0.0828125
11 0.84296875 0.1890625 0.15 0.06171875
5 0.7578125 0.74921875 0.13046875 0.11953125
5 0.20234375 0.56875 0.07734375 0.15390625
6 0.5046875 0.74375 0.0515625 0.14375
6 0.61328125 0.2078125 0.13359375 0.05
7 0.16171875 0.43984375 0.11953125 0.11953125
7 0.4359375 0.39140625 0.13515625 0.10703125
12 0.815625 0.82265625 0.11953125 0.0859375
12 0.6328125 0.70625 0.046875 0.12421875
13 0.80234375 0.65859375 0.0953125 0.1
13 0.44765625 0.384375 0.0625 0.11171875
14 0.34140625 0.3390625 0.11640625 0.05
14 0.86328125 0.54609375 0.11796875 0.06328125
15 0.92109375 0.33203125 0.10625 0.05859375
15 0.71875 0.2703125 0.0953125 0.07734375
16 0.53046875 0.903125 0.103125 0.0875
16 0.390625 0.7125 0.0578125 0.10859375
17 0.6703125 0.36796875 0.07734375 0.0890625
17 0.32265625 0.5140625 0.0546875 0.0921875
18 0.8265625 0.4515625 0.0625 0.090625
18 0.9125 0.6078125 0.07734375 0.07265625
19 0.5984375 0.28203125 0.07265625 0.07265625
19 0.48515625 0.3828125 0.0390625 0.0828125
20 0.36796875 0.765625 0.0453125 0.07421875
20 0.7953125 0.59453125 0.07265625 0.046875
21 0.71328125 0.62265625 0.0609375 0.06796875
21 0.721875 0.67109375 0.059375 0.06015625
22 0.7984375 0.87109375 0.1546875 0.07578125
22 0.5234375 0.51640625 0.14375 0.07109375