0 0.4859375 0.88203125 0.25 0.1125
0 0.8203125 0.19296875 0.12109375 0.2875
1 0.853125 0.64765625 0.26484375 0.1234375
1 0.6421875 0.671875 0.09921875 0.30390625
2 0.70390625 0.10703125 0.1890625 0.16328125
2 0.109375 0.6046875 0.14140625 0.1328125
3 0.3484375 0.34921875 0.153125 0.1421875
3 0.40625 0.71484375 0.13984375 0.1453125
4 0.61328125 0.89453125 0.178125 0.1453125
4 0.77890625 0.76796875 0.07578125 0.2203125
8 0.4671875 0.39296875 0.05703125 0.221875
8 0.61953125 0.6390625 0.1875 0.12890625
9 0.334375 0.54609375 0.06015625 0.1796875
9 0.35859375 0.57890625 0.15 0.1328125
10 0.546875 0.14609375 0.08828125 0.17265625
10 0.4625 0.53671875 0.10078125 0.13125
11 0.775 0.765625 0.14609375 0.1015625
11 0.27109375 0.31328125 0.09296875 0.121875
5 0.26640625 0.81171875 0.09296875 0.13671875
5 0.503125 0.26171875 0.14765625 0.0578125
6 0.42890625 0.18984375 0.12890625 0.09296875
6 0.29609375 0.71015625 0.14296875 0.06328125
7 0.29296875 0.24609375 0.13046875 0.1328125
7 0.58125 0.69375 0.10546875 0.15078125
12 0.55234375 0.7796875 0.10078125 0.109375
12 0.39453125 0.65546875 0.08515625 0.12578125
13 0.525 0.40546875 0.08203125 0.11640625
13 0.3625 0.3671875 0.06484375 0.13125
14 0.6703125 0.4796875 0.06015625 0.1421875
14 0.19453125 0.58671875 0.11015625 0.08203125
15 0.5640625 0.5921875 0.05 0.10703125
15 0.58828125 0.3234375 0.09140625 0.109375
16 0.87578125 0.59296875 0.07109375 0.11640625
16 0.27109375 0.63359375 0.05546875 0.10390625
17 0.1828125 0.78125 0.09296875 0.06328125
17 0.65859375 0.6953125 0.07421875 0.09296875
18 0.6078125 0.1515625 0.06484375 0.09609375
18 0.5203125 0.584375 0.0484375 0.09609375
19 0.42734375 0.409375 0.06328125 0.065625
19 0.3890625 0.38203125 0.07421875 0.0765625
20 0.22109375 0.53203125 0.06328125 0.07421875
20 0.43125 0.5765625 0.05859375 0.0546875
21 0.6828125 0.3609375 0.05703125 0.0890625
21 0.52578125 0.48671875 0.046875 0.08203125
22 0.70078125 0.16484375 0.13359375 0.14765625
23 0.32265625 0.76015625 0.05859375 0.065625