0 0.69765625 0.3484375 0.18984375 0.20078125
0 0.61015625 0.70625 0.1859375 0.16640625
1 0.1578125 0.3640625 0.19453125 0.2046875
1 0.203125 0.25625 0.10625 0.234375
2 0.88515625 0.36171875 0.09921875 0.2796875
2 0.63046875 0.44921875 0.20625 0.1171875
3 0.49921875 0.19453125 0.19765625 0.11875
3 0.70859375 0.13203125 0.12421875 0.12890625
4 0.2640625 0.5234375 0.075 0.26171875
4 0.6984375 0.25078125 0.18046875 0.12109375
8 0.378125 0.63359375 0.1515625 0.125
8 0.234375 0.53359375 0.16875 0.12734375
9 0.41484375 0.2765625 0.153125 0.15703125
9 0.375 0.76796875 0.11640625 0.15859375
10 0.54140625 0.53984375 0.16015625 0.09921875
10 0.3609375 0.39609375 0.096875 0.1609375
11 0.3421875 0.55078125 0.1109375 0.18828125
11 0.5453125 0.284375 0.12265625 0.12890625
5 0.38984375 0.30625 0.128125 0.1171875
5 0.55703125 0.55859375 0.125 0.16875
6 0.5 0.9078125 0.16171875 0.10546875
6 0.4765625 0.7828125 0.10625 0.20078125
7 0.51640625 0.784375 0.16015625 0.06953125
7 0.77578125 0.1828125 0.125 0.1390625
12 0.82578125 0.38984375 0.071875 0.153125
12 0.83984375 0.55390625 0.1296875 0.0875
13 0.703125 0.33828125 0.10078125 0.10546875
13 0.4796875 0.6078125 0.06640625 0.14453125
14 0.725 0.59296875 0.10078125 0.0875
14 0.72109375 0.27109375 0.1078125 0.11328125
15 0.53515625 0.475 0.10234375 0.08125
15 0.29453125 0.34140625 0.090625 0.08359375
16 0.678125 0.5578125 0.08203125 0.12734375
16 0.22109375 0.396875 0.05625 0.146875
17 0.71796875 0.2015625 0.08671875 0.06171875
17 0.403125 0.4265625 0.0890625 0.0671875
18 0.76328125 0.5375 0.07890625 0.0875
18 0.62421875 0.49609375 0.06328125 0.103125
19 0.54296875 0.26953125 0.06328125 0.11875
19 0.56640625 0.3609375 0.078125 0.07578125
20 0.409375 0.54140625 0.075 0.07109375
20 0.3671875 0.4953125 0.04921875 0.09296875
21 0.653125 0.6484375 0.08046875 0.059375
21 0.771875 0.65546875 0.0734375 0.0890625
22 0.81328125 0.3265625 0.11640625 0.15703125
23 0.75234375 0.465625 0.04921875 0.08125