0 0.61796875 0.22734375 0.2984375 0.15625
0 0.35546875 0.25859375 0.234375 0.3015625
1 0.159375 0.63359375 0.290625 0.16640625
1 0.23046875 0.70625 0.3203125 0.20546875
2 0.7984375 0.603125 0.18671875 0.228125
2 0.3765625 0.89140625 0.3125 0.07734375
3 0.48671875 0.471875 0.296875 0.1546875
3 0.35390625 0.66484375 0.234375 0.14140625
4 0.6640625 0.29375 0.11796875 0.23203125
4 0.87578125 0.4125 0.10390625 0.2734375
8 0.4375 0.28125 0.22265625 0.12421875
8 0.215625 0.24140625 0.1265625 0.1625
9 0.5296875 0.821875 0.2265625 0.11875
9 0.40078125 0.4171875 0.07578125 0.2265625
10 0.52890625 0.71484375 0.1484375 0.128125
10 0.1875 0.37578125 0.13046875 0.21484375
11 0.403125 0.71875 0.17265625 0.13203125
11 0.59296875 0.09140625 0.15625 0.1375
5 0.41875 0.57265625 0.20859375 0.0625
5 0.17265625 0.6640625 0.1203125 0.19609375
6 0.4890625 0.65859375 0.17265625 0.12109375
6 0.5359375 0.3234375 0.15859375 0.1453125
7 0.78359375 0.3453125 0.09609375 0.19609375
7 0.1453125 0.7859375 0.21875 0.06640625
12 0.50078125 0.4140625 0.15625 0.10390625
12 0.63828125 0.17109375 0.178125 0.0734375
13 0.68046875 0.5015625 0.07421875 0.1546875
13 0.2734375 0.221875 0.078125 0.1265625
14 0.3578125 0.50078125 0.11015625 0.1265625
14 0.2734375 0.43125 0.1140625 0.10390625
15 0.62734375 0.846875 0.13203125 0.12109375
15 0.71171875 0.609375 0.0921875 0.13984375
16 0.58515625 0.60625 0.1484375 0.0921875
16 0.46875 0.83515625 0.15234375 0.08125
17 0.90859375 0.33515625 0.078125 0.13046875
17 0.6015625 0.61484375 0.07578125 0.14375
18 0.496875 0.34140625 0.0921875 0.09453125
18 0.784375 0.58984375 0.10625 0.07734375
19 0.4125 0.21484375 0.10390625 0.07890625
19 0.17421875 0.5234375 0.06015625 0.1078125
20 0.81171875 0.4828125 0.0640625 0.09453125
20 0.5828125 0.3078125 0.08828125 0.06796875
21 0.20546875 0.47578125 0.08984375 0.071875
21 0.43125 0.5046875 0.0921875 0.04375
22 0.1015625 0.53046875 0.1140625 0.15859375
23 0.1640625 0.328125 0.10390625 0.0984375