0 0.26796875 0.23203125 0.21640625 0.12109375
0 0.62890625 0.71328125 0.275 0.11328125
1 0.528125 0.5109375 0.153125 0.13046875
1 0.409375 0.57578125 0.096875 0.28203125
2 0.4125 0.653125 0.1578125 0.17890625
2 0.68671875 0.7546875 0.21875 0.11328125
3 0.66484375 0.5203125 0.115625 0.20546875
3 0.53671875 0.21953125 0.2625 0.12421875
4 0.64296875 0.32890625 0.19296875 0.15
4 0.82265625 0.62265625 0.1828125 0.10546875
8 0.50859375 0.35390625 0.23984375 0.11015625
8 0.590625 0.31796875 0.17265625 0.1734375
9 0.26796875 0.80625 0.2671875 0.090625
9 0.36875 0.91875 0.2078125 0.0734375
10 0.62421875 0.8109375 0.2265625 0.0875
10 0.49453125 0.16015625 0.21640625 0.0875
11 0.81953125 0.68203125 0.084375 0.1484375
11 0.4703125 0.66796875 0.07109375 0.153125
5 0.528125 0.86484375 0.1453125 0.1515625
5 0.67890625 0.19140625 0.19765625 0.12265625
6 0.14609375 0.890625 0.1703125 0.1359375
6 0.45625 0.29453125 0.1765625 0.084375
7 0.7671875 0.38046875 0.084375 0.1453125
7 0.61796875 0.58671875 0.08828125 0.15
12 0.63984375 0.12421875 0.1578125 0.09765625
12 0.5859375 0.775 0.16796875 0.05546875
13 0.75625 0.5671875 0.109375 0.12734375
13 0.8421875 0.33359375 0.109375 0.11640625
14 0.50703125 0.0890625 0.153125 0.11953125
14 0.8921875 0.4453125 0.07734375 0.13203125
15 0.290625 0.41875 0.13203125 0.078125
15 0.2921875 0.2984375 0.08828125 0.10078125
16 0.540625 0.65546875 0.0859375 0.11328125
16 0.36015625 0.29453125 0.06953125 0.09921875
17 0.60078125 0.2359375 0.0921875 0.09765625
17 0.37890625 0.19296875 0.0984375 0.0921875
18 0.465625 0.2328125 0.090625 0.0703125
18 0.45234375 0.10078125 0.12421875 0.0578125
19 0.240625 0.8109375 0.090625 0.084375
19 0.2875 0.2890625 0.121875 0.0578125
20 0.70703125 0.41640625 0.090625 0.0671875
20 0.346875 0.11796875 0.10078125 0.05546875
21 0.45390625 0.2640625 0.10078125 0.06875
21 0.6765625 0.6484375 0.11328125 0.04765625
22 0.43359375 0.86328125 0.1453125 0.09375
22 0.31953125 0.359375 0.22265625 0.05390625