0 0.4984375 0.396875 0.26640625 0.16875
0 0.684375 0.26171875 0.14921875 0.13828125
1 0.1734375 0.86640625 0.15625 0.21328125
1 0.3953125 0.49765625 0.140625 0.1453125
2 0.784375 0.440625 0.1296875 0.15
2 0.15625 0.553125 0.1796875 0.15
3 0.2734375 0.22578125 0.16875 0.21640625
3 0.171875 0.80625 0.21015625 0.203125
4 0.2046875 0.46171875 0.1796875 0.1078125
4 0.71328125 0.2421875 0.2 0.09921875
8 0.765625 0.62578125 0.10234375 0.12421875
8 0.44296875 0.61640625 0.2359375 0.08203125
9 0.30703125 0.11953125 0.23203125 0.10546875
9 0.27578125 0.30234375 0.15625 0.17421875
10 0.3046875 0.49375 0.06328125 0.1859375
10 0.1375 0.184375 0.12421875 0.1875
11 0.47421875 0.54609375 0.08125 0.1640625
11 0.69609375 0.51640625 0.06484375 0.21015625
5 0.90625 0.37734375 0.1546875 0.15390625
5 0.19765625 0.2296875 0.18671875 0.13125
6 0.2671875 0.521875 0.1203125 0.15390625
6 0.61796875 0.38203125 0.178125 0.0921875
7 0.50390625 0.1984375 0.1296875 0.1109375
7 0.228125 0.1859375 0.13671875 0.15703125
12 0.4125 0.34140625 0.153125 0.0578125
12 0.53671875 0.44140625 0.1453125 0.0734375
13 0.64375 0.61640625 0.07578125 0.11640625
13 0.809375 0.48984375 0.11171875 0.08515625
14 0.38046875 0.24453125 0.0953125 0.128125
14 0.40625 0.2609375 0.09375 0.1296875
15 0.54140625 0.57109375 0.1078125 0.1078125
15 0.62109375 0.57421875 0.05546875 0.1140625
16 0.153125 0.29375 0.13671875 0.08203125
16 0.29375 0.33359375 0.109375 0.08359375
17 0.42109375 0.66328125 0.1046875 0.0734375
17 0.86484375 0.52109375 0.1078125 0.0703125
18 0.5109375 0.55234375 0.0609375 0.09765625
18 0.7921875 0.49609375 0.05234375 0.09375
19 0.40078125 0.39140625 0.08984375 0.08046875
19 0.53984375 0.48671875 0.0828125 0.075
20 0.34296875 0.3828125 0.084375 0.04609375
20 0.61875 0.48515625 0.06484375 0.04921875
21 0.11953125 0.42890625 0.09140625 0.0765625
21 0.48125 0.28984375 0.0703125 0.075
22 0.13671875 0.39921875 0.17265625 0.09921875
23 0.60234375 0.31484375 0.0578125 0.06640625