0 0.1265625 0.47265625 0.15 0.19375
0 0.0765625 0.2390625 0.09375 0.1875
1 0.171875 0.32109375 0.19375 0.140625
1 0.56484375 0.6046875 0.0984375 0.26953125
2 0.68828125 0.62109375 0.0921875 0.1953125
2 0.57109375 0.65546875 0.15234375 0.09609375
3 0.278125 0.89453125 0.0984375 0.1421875
3 0.38515625 0.19375 0.16875 0.1578125
4 0.35625 0.82890625 0.1453125 0.165625
4 0.73046875 0.09453125 0.1484375 0.10703125
8 0.79453125 0.3765625 0.08828125 0.12109375
8 0.30625 0.13671875 0.115625 0.10546875
9 0.15859375 0.6390625 0.096875 0.11328125
9 0.91875 0.5109375 0.115625 0.10390625
10 0.6921875 0.340625 0.1453125 0.07265625
10 0.79765625 0.4609375 0.13203125 0.09765625
11 0.72109375 0.6765625 0.140625 0.11015625
11 0.2921875 0.1078125 0.08828125 0.15625
5 0.52578125 0.13203125 0.15 0.06171875
5 0.62265625 0.73515625 0.140625 0.08515625
6 0.771875 0.1734375 0.125 0.1421875
6 0.728125 0.3890625 0.13515625 0.08671875
7 0.38515625 0.171875 0.071875 0.1609375
7 0.203125 0.80078125 0.13359375 0.11484375
12 0.87109375 0.38125 0.0734375 0.11484375
12 0.36953125 0.69296875 0.115625 0.09609375
13 0.48671875 0.38984375 0.05703125 0.1265625
13 0.16484375 0.23515625 0.10703125 0.08515625
14 0.4890625 0.7734375 0.12890625 0.05859375
14 0.62734375 0.77734375 0.11484375 0.05078125
15 0.10546875 0.221875 0.1171875 0.06171875
15 0.5671875 0.5796875 0.11015625 0.04609375
16 0.54375 0.84453125 0.10390625 0.08046875
16 0.553125 0.4203125 0.1015625 0.07109375
17 0.15078125 0.1453125 0.0921875 0.06015625
17 0.52578125 0.2984375 0.09375 0.05390625
18 0.15546875 0.31328125 0.08203125 0.05546875
18 0.5484375 0.52578125 0.0484375 0.08984375
19 0.78203125 0.2421875 0.0484375 0.08359375
19 0.61796875 0.3765625 0.0734375 0.07734375
20 0.28359375 0.81640625 0.05546875 0.06796875
20 0.56796875 0.21484375 0.0703125 0.06015625
21 0.3453125 0.29375 0.08515625 0.05078125
21 0.23828125 0.615625 0.0515625 0.09921875
22 0.165625 0.60546875 0.13203125 0.1328125
23 0.42578125 0.79921875 0.0671875 0.05234375