0 0.50234375 0.19453125 0.33046875 0.1265625
0 0.49453125 0.8609375 0.22265625 0.146875
1 0.5484375 0.509375 0.20234375 0.1390625
1 0.5890625 0.80078125 0.29765625 0.15546875
2 0.37421875 0.878125 0.22890625 0.134375
2 0.4375 0.72890625 0.1609375 0.10703125
3 0.29375 0.4984375 0.20078125 0.16171875
3 0.17734375 0.30234375 0.178125 0.16015625
4 0.8921875 0.415625 0.0921875 0.2046875
4 0.8171875 0.7359375 0.23359375 0.11484375
8 0.428125 0.58984375 0.12109375 0.1390625
8 0.37578125 0.36171875 0.2359375 0.10859375
9 0.71953125 0.21953125 0.1875 0.125
9 0.3234375 0.5484375 0.10546875 0.16640625
10 0.7953125 0.33828125 0.13203125 0.10703125
10 0.73046875 0.4671875 0.1078125 0.13125
11 0.52421875 0.3640625 0.171875 0.1203125
11 0.71328125 0.434375 0.171875 0.08125
5 0.76953125 0.1328125 0.09453125 0.16640625
5 0.2796875 0.20546875 0.20234375 0.05625
6 0.14453125 0.44296875 0.2265625 0.0578125
6 0.07734375 0.25703125 0.140625 0.1359375
7 0.8203125 0.46953125 0.07265625 0.15546875
7 0.50078125 0.59375 0.10390625 0.15390625
12 0.21015625 0.35234375 0.14765625 0.0828125
12 0.1765625 0.53515625 0.11875 0.11015625
13 0.72890625 0.678125 0.18046875 0.04765625
13 0.43515625 0.3703125 0.14296875 0.08125
14 0.3140625 0.253125 0.11640625 0.10234375
14 0.46796875 0.278125 0.17421875 0.04765625
15 0.73671875 0.58046875 0.15625 0.0734375
15 0.38125 0.6078125 0.1015625 0.09921875
16 0.6234375 0.63125 0.0921875 0.10390625
16 0.5515625 0.77890625 0.15234375 0.0671875
17 0.8890625 0.61328125 0.09453125 0.09765625
17 0.571875 0.44765625 0.1125 0.0734375
18 0.75625 0.63359375 0.09921875 0.0640625
18 0.6 0.37734375 0.09921875 0.0734375
19 0.81953125 0.70234375 0.11015625 0.0765625
19 0.56796875 0.61796875 0.1015625 0.0578125
20 0.64453125 0.7359375 0.08125 0.0703125
20 0.3515625 0.59140625 0.059375 0.0625
21 0.63203125 0.4765625 0.07890625 0.0671875
21 0.46328125 0.50546875 0.06796875 0.0703125
22 0.6125 0.28984375 0.18046875 0.0796875
22 0.67109375 0.6640625 0.1296875 0.16328125