0 0.26640625 0.50390625 0.0984375 0.31171875
0 0.7828125 0.80859375 0.1921875 0.11640625
1 0.3234375 0.5390625 0.33359375 0.11171875
1 0.1171875 0.35546875 0.16640625 0.18203125
2 0.54609375 0.60546875 0.228125 0.1453125
2 0.62265625 0.7859375 0.1546875 0.221875
3 0.5328125 0.86796875 0.1 0.21640625
3 0.35859375 0.13203125 0.16953125 0.21328125
4 0.6625 0.39296875 0.18125 0.11640625
4 0.71875 0.62265625 0.0640625 0.21171875
8 0.92265625 0.6765625 0.146875 0.18359375
8 0.3125 0.325 0.0625 0.24296875
9 0.290625 0.359375 0.1734375 0.1546875
9 0.1390625 0.45703125 0.1265625 0.203125
10 0.4328125 0.91171875 0.0890625 0.16640625
10 0.68125 0.8703125 0.14375 0.09296875
11 0.7640625 0.7421875 0.13203125 0.1484375
11 0.19921875 0.446875 0.0921875 0.1796875
5 0.43515625 0.80390625 0.1078125 0.1546875
5 0.24140625 0.1734375 0.146875 0.16640625
6 0.1265625 0.71796875 0.0828125 0.18671875
6 0.3625 0.26484375 0.071875 0.1765625
7 0.21640625 0.890625 0.14921875 0.16484375
7 0.7390625 0.32734375 0.13046875 0.15859375
12 0.36953125 0.47265625 0.071875 0.1515625
12 0.328125 0.72421875 0.08671875 0.1453125
13 0.48984375 0.4375 0.1078125 0.13515625
13 0.45 0.23828125 0.06953125 0.14296875
14 0.6390625 0.6390625 0.08125 0.121875
14 0.3265625 0.86484375 0.09453125 0.13671875
15 0.88125 0.8484375 0.1171875 0.08984375
15 0.62109375 0.509375 0.12109375 0.078125
16 0.23203125 0.72890625 0.0828125 0.11796875
16 0.60078125 0.3234375 0.13046875 0.06015625
17 0.603125 0.2578125 0.07734375 0.1046875
17 0.56484375 0.63203125 0.1 0.08671875
18 0.27109375 0.2640625 0.0625 0.0984375
18 0.61015625 0.7734375 0.09609375 0.053125
19 0.4 0.5890625 0.07578125 0.08828125
19 0.41640625 0.434375 0.0734375 0.08515625
20 0.503125 0.51796875 0.06953125 0.06328125
20 0.278125 0.86796875 0.06953125 0.0765625
21 0.61953125 0.42578125 0.0890625 0.0546875
21 0.6359375 0.47265625 0.09453125 0.05859375
22 0.53359375 0.7234375 0.146875 0.1296875
23 0.18359375 0.6328125 0.0734375 0.071875