0 0.559375 0.6859375 0.14296875 0.10546875
0 0.2609375 0.60859375 0.11796875 0.24609375
1 0.1203125 0.6859375 0.11015625 0.240625
1 0.61640625 0.4421875 0.10234375 0.20234375
2 0.1578125 0.86015625 0.10078125 0.18046875
2 0.25546875 0.63515625 0.10390625 0.17890625
3 0.41640625 0.20546875 0.17421875 0.075
3 0.48984375 0.5703125 0.08515625 0.16640625
4 0.36640625 0.74921875 0.15546875 0.0671875
4 0.32421875 0.54765625 0.07734375 0.17890625
8 0.56953125 0.6078125 0.16484375 0.0765625
8 0.26484375 0.25 0.16015625 0.08359375
9 0.3796875 0.88359375 0.10390625 0.12421875
9 0.2875 0.7640625 0.0625 0.15859375
10 0.48984375 0.34609375 0.07265625 0.1515625
10 0.08046875 0.55390625 0.08984375 0.1109375
11 0.1640625 0.565625 0.10703125 0.12421875
11 0.915625 0.66875 0.11015625 0.07109375
5 0.3453125 0.65 0.09453125 0.0984375
5 0.10234375 0.68828125 0.09921875 0.10234375
6 0.54140625 0.2125 0.10390625 0.12578125
6 0.3390625 0.77265625 0.06328125 0.13671875
7 0.221875 0.859375 0.046875 0.13515625
7 0.24453125 0.78125 0.0484375 0.1421875
12 0.41640625 0.45625 0.09296875 0.11328125
12 0.47578125 0.7390625 0.0609375 0.10546875
13 0.52890625 0.5609375 0.11015625 0.0453125
13 0.06015625 0.74375 0.0578125 0.121875
14 0.640625 0.559375 0.09765625 0.06015625
14 0.84921875 0.68046875 0.046875 0.128125
15 0.48359375 0.69140625 0.0546875 0.09140625
15 0.50078125 0.05234375 0.09765625 0.06015625
16 0.3953125 0.66640625 0.0484375 0.10546875
16 0.09140625 0.86875 0.08359375 0.08046875
17 0.1578125 0.7140625 0.0453125 0.0890625
18 0.5640625 0.478125 0.06328125 0.08359375
18 0.2828125 0.3875 0.05625 0.09296875
19 0.434375 0.6609375 0.0546875 0.06953125
19 0.26171875 0.871875 0.06328125 0.06171875
20 0.43828125 0.25859375 0.0515625 0.06015625
20 0.43203125 0.48828125 0.05625 0.06015625
21 0.440625 0.696875 0.0375 0.06953125
21 0.6875 0.3375 0.0546875 0.0765625
22 0.21875 0.74609375 0.09921875 0.128125
23 0.36640625 0.56953125 0.040625 0.06953125