0 0.4796875 0.821875 0.3078125 0.1609375
0 0.38671875 0.72734375 0.23046875 0.17109375
1 0.18125 0.5359375 0.21640625 0.1890625
1 0.390625 0.4765625 0.1703125 0.140625
2 0.64296875 0.84140625 0.2125 0.19921875
2 0.19296875 0.25546875 0.18828125 0.20546875
3 0.63125 0.84765625 0.24296875 0.1015625
3 0.29140625 0.61171875 0.21875 0.14609375
4 0.63828125 0.42890625 0.225 0.10546875
4 0.65859375 0.41875 0.16796875 0.17890625
8 0.40703125 0.72890625 0.1859375 0.17265625
8 0.6359375 0.6359375 0.109375 0.1953125
9 0.4734375 0.2265625 0.23515625 0.075
9 0.4390625 0.18359375 0.12109375 0.1765625
10 0.42578125 0.1609375 0.184375 0.13046875
10 0.6828125 0.6359375 0.1359375 0.1546875
11 0.7046875 0.25546875 0.12578125 0.17265625
11 0.84140625 0.46015625 0.1921875 0.0875
5 0.7546875 0.678125 0.09296875 0.11953125
5 0.7796875 0.490625 0.165625 0.0546875
6 0.6125 0.2015625 0.1515625 0.134375
6 0.60859375 0.215625 0.08671875 0.175
7 0.46171875 0.28125 0.18203125 0.06328125
7 0.88125 0.4046875 0.0671875 0.18671875
12 0.5828125 0.35703125 0.11328125 0.1078125
12 0.571875 0.11796875 0.13984375 0.109375
13 0.721875 0.46953125 0.11953125 0.11796875
13 0.71640625 0.70390625 0.1015625 0.09921875
14 0.48515625 0.3453125 0.1359375 0.1015625
14 0.19921875 0.590625 0.15625 0.09140625
15 0.79453125 0.55 0.13125 0.05859375
15 0.64765625 0.59765625 0.096875 0.08515625
16 0.3296875 0.38125 0.096875 0.11171875
16 0.2390625 0.384375 0.109375 0.08515625
17 0.4875 0.52109375 0.08515625 0.11171875
17 0.4734375 0.621875 0.1171875 0.0609375
18 0.096875 0.43359375 0.1015625 0.0875
18 0.41015625 0.4734375 0.0953125 0.08125
19 0.5640625 0.68125 0.075 0.1015625
19 0.81875 0.6046875 0.09140625 0.075
20 0.52265625 0.409375 0.08515625 0.0671875
20 0.7578125 0.5265625 0.05859375 0.06875
21 0.42890625 0.5484375 0.08515625 0.05703125
21 0.5546875 0.50703125 0.09296875 0.0546875
22 0.74296875 0.1984375 0.1171875 0.18515625
22 0.25 0.6453125 0.075 0.196875