0 0.77890625 0.12734375 0.1078125 0.2546875
0 0.4765625 0.68125 0.21015625 0.1515625
1 0.865625 0.709375 0.1171875 0.21171875
1 0.62578125 0.19296875 0.1546875 0.3109375
2 0.85 0.28125 0.109375 0.196875
2 0.6359375 0.60859375 0.13125 0.175
3 0.7671875 0.32890625 0.10703125 0.17890625
3 0.42265625 0.61796875 0.16953125 0.1734375
4 0.784375 0.734375 0.0890625 0.19296875
4 0.55078125 0.19296875 0.19140625 0.08984375
8 0.32421875 0.365625 0.15078125 0.12421875
8 0.7375 0.88046875 0.16796875 0.1578125
9 0.49296875 0.3640625 0.16953125 0.1359375
9 0.6140625 0.21328125 0.1609375 0.1421875
10 0.65234375 0.6890625 0.07578125 0.22578125
10 0.6 0.7390625 0.17421875 0.09375
11 0.63828125 0.56015625 0.15078125 0.09765625
11 0.83515625 0.4921875 0.1578125 0.10078125
5 0.6875 0.86796875 0.1390625 0.15546875
5 0.5171875 0.196875 0.1375 0.16328125
6 0.50546875 0.5421875 0.1609375 0.0875
6 0.7203125 0.36875 0.153125 0.1109375
7 0.0859375 0.3328125 0.12578125 0.14375
7 0.884375 0.55703125 0.134375 0.16953125
12 0.54375 0.34453125 0.10546875 0.1359375
12 0.64296875 0.36484375 0.1109375 0.16953125
13 0.240625 0.3953125 0.06015625 0.17890625
13 0.7265625 0.63359375 0.11953125 0.05625
14 0.69140625 0.48125 0.10546875 0.12265625
14 0.68359375 0.78125 0.115625 0.08359375
15 0.4375 0.22890625 0.0671875 0.1578125
15 0.45546875 0.8796875 0.0921875 0.09765625
16 0.63828125 0.46328125 0.10390625 0.1046875
16 0.92578125 0.340625 0.046875 0.16328125
17 0.371875 0.7734375 0.09765625 0.0875
17 0.7640625 0.89296875 0.0921875 0.10078125
18 0.3578125 0.4765625 0.0890625 0.078125
18 0.58359375 0.30078125 0.090625 0.0640625
19 0.7140625 0.57109375 0.05703125 0.10703125
19 0.41875 0.3703125 0.08046875 0.09921875
20 0.76953125 0.46953125 0.07421875 0.06015625
20 0.83515625 0.55703125 0.07890625 0.05625
21 0.5171875 0.50390625 0.07890625 0.06640625
21 0.69921875 0.75390625 0.0421875 0.0953125
22 0.53515625 0.44453125 0.134375 0.0875
22 0.4765625 0.73125 0.07890625 0.2140625