0 0.359375 0.175 0.20390625 0.2359375
0 0.28203125 0.15625 0.20234375 0.22578125
1 0.90859375 0.48671875 0.10390625 0.2875
1 0.27421875 0.41953125 0.16640625 0.2609375
2 0.303125 0.77109375 0.20234375 0.19375
2 0.40625 0.28125 0.2109375 0.08046875
3 0.15078125 0.3734375 0.171875 0.1453125
3 0.81953125 0.51640625 0.0984375 0.20078125
4 0.7875 0.3546875 0.18203125 0.09375
4 0.67109375 0.84921875 0.1921875 0.0765625
8 0.3125 0.54609375 0.16015625 0.17890625
8 0.18671875 0.2 0.2140625 0.0953125
9 0.71796875 0.49140625 0.10703125 0.1671875
9 0.6390625 0.296875 0.08828125 0.165625
10 0.41015625 0.4015625 0.12421875 0.18046875
10 0.58359375 0.75078125 0.16171875 0.0734375
11 0.1984375 0.4203125 0.0796875 0.13515625
11 0.54765625 0.26953125 0.12421875 0.1375
5 0.6578125 0.703125 0.1390625 0.06875
5 0.34296875 0.709375 0.12578125 0.14375
6 0.18125 0.6125 0.13125 0.13203125
6 0.56484375 0.7671875 0.04921875 0.1875
7 0.434375 0.3125 0.08828125 0.15703125
7 0.6296875 0.55625 0.14453125 0.10234375
12 0.509375 0.85546875 0.08515625 0.11875
12 0.85390625 0.5578125 0.071875 0.12890625
13 0.50625 0.38984375 0.0765625 0.12734375
13 0.65390625 0.45625 0.0734375 0.1140625
14 0.55703125 0.28671875 0.1171875 0.10546875
14 0.8046875 0.83671875 0.06328125 0.13203125
15 0.4359375 0.225 0.0796875 0.10859375
15 0.48359375 0.57109375 0.1140625 0.06171875
16 0.57578125 0.9078125 0.09140625 0.11015625
16 0.3796875 0.7671875 0.06484375 0.1171875
17 0.696875 0.25078125 0.05234375 0.1140625
17 0.446875 0.821875 0.06953125 0.10546875
18 0.55390625 0.38515625 0.0765625 0.08515625
18 0.3859375 0.8796875 0.08671875 0.06328125
19 0.1328125 0.4546875 0.06328125 0.10390625
19 0.48125 0.74140625 0.04921875 0.0984375
20 0.428125 0.7421875 0.0734375 0.05703125
20 0.82109375 0.40625 0.06953125 0.05
21 0.28359375 0.65390625 0.06484375 0.08359375
21 0.515625 0.92578125 0.05234375 0.08828125
22 0.66796875 0.63828125 0.16015625 0.071875
22 0.60234375 0.1859375 0.14453125 0.1140625