0 0.1859375 0.17109375 0.115625 0.19921875
0 0.44296875 0.57578125 0.203125 0.08515625
1 0.7453125 0.55234375 0.09765625 0.14765625
1 0.1640625 0.27890625 0.16640625 0.078125
2 0.24140625 0.63125 0.09609375 0.13125
2 0.8234375 0.5625 0.16640625 0.1015625
3 0.384375 0.07890625 0.14296875 0.08984375
3 0.26015625 0.57890625 0.121875 0.0921875
4 0.42109375 0.12109375 0.14296875 0.08984375
4 0.3703125 0.2046875 0.13671875 0.084375
8 0.18203125 0.1578125 0.1578125 0.0609375
8 0.0625 0.53359375 0.059375 0.13125
9 0.35859375 0.70625 0.13828125 0.07734375
9 0.17734375 0.45546875 0.0640625 0.121875
10 0.11953125 0.33515625 0.0640625 0.1109375
10 0.1484375 0.24453125 0.1296875 0.05703125
11 0.1671875 0.43359375 0.109375 0.07265625
11 0.45859375 0.4625 0.0625 0.07734375
5 0.225 0.2046875 0.11484375 0.0421875
5 0.265625 0.48671875 0.11484375 0.03359375
6 0.22421875 0.521875 0.10625 0.05703125
6 0.34765625 0.6546875 0.1171875 0.0421875
7 0.36484375 0.5625 0.0921875 0.08984375
7 0.4375 0.6078125 0.06171875 0.11015625
12 0.14296875 0.56171875 0.0765625 0.078125
12 0.40390625 0.43515625 0.07109375 0.07109375
13 0.48359375 0.48515625 0.0578125 0.08515625
13 0.94609375 0.6671875 0.0515625 0.103125
14 0.7453125 0.628125 0.06015625 0.08515625
14 0.3078125 0.159375 0.09140625 0.05390625
15 0.540625 0.4875 0.0859375 0.03828125
15 0.3765625 0.25859375 0.04453125 0.08203125
16 0.36953125 0.478125 0.0640625 0.07109375
16 0.3328125 0.4078125 0.0625 0.065625
17 0.25234375 0.421875 0.06640625 0.0609375
17 0.3046875 0.4453125 0.04296875 0.06796875
18 0.5390625 0.4625 0.06640625 0.0375
18 0.26875 0.51015625 0.06796875 0.03359375
19 0.35234375 0.3046875 0.046875 0.06640625
19 0.71015625 0.63671875 0.0453125 0.06328125
20 0.359375 0.40390625 0.046875 0.04453125
20 0.20859375 0.33046875 0.05078125 0.0375
21 0.5296875 0.4328125 0.05390625 0.040625
21 0.3578125 0.36875 0.0578125 0.046875
22 0.3203125 0.12421875 0.11328125 0.075
22 0.9421875 0.9109375 0.05390625 0.12890625