0 0.8796875 0.58984375 0.1625 0.3328125
0 0.6 0.4203125 0.37109375 0.1078125
1 0.403125 0.89609375 0.18359375 0.16015625
1 0.20390625 0.371875 0.16015625 0.315625
2 0.7234375 0.20078125 0.18984375 0.1859375
2 0.6203125 0.3046875 0.171875 0.27890625
3 0.5484375 0.21953125 0.1296875 0.2453125
3 0.1140625 0.39140625 0.1546875 0.1953125
4 0.24921875 0.6828125 0.20859375 0.16171875
4 0.678125 0.86640625 0.24921875 0.1
8 0.36015625 0.26171875 0.1546875 0.18203125
8 0.62890625 0.44921875 0.18203125 0.16171875
9 0.77109375 0.31484375 0.2453125 0.0765625
9 0.48046875 0.38828125 0.23046875 0.09296875
10 0.6984375 0.5265625 0.18984375 0.1359375
10 0.74375 0.575 0.11796875 0.09140625
11 0.6671875 0.68671875 0.1859375 0.11328125
11 0.16640625 0.24609375 0.1203125 0.11328125
5 0.515625 0.6734375 0.1875 0.06484375
5 0.8171875 0.66640625 0.16796875 0.1390625
6 0.6453125 0.10234375 0.1953125 0.11875
6 0.30625 0.6078125 0.10625 0.14140625
7 0.7078125 0.81171875 0.178125 0.128125
7 0.83046875 0.62734375 0.0828125 0.19921875
12 0.7046875 0.740625 0.05234375 0.1359375
12 0.44296875 0.571875 0.12734375 0.10234375
13 0.3796875 0.51328125 0.071875 0.13046875
13 0.284375 0.43828125 0.1390625 0.115625
14 0.296875 0.26171875 0.15703125 0.0703125
14 0.41953125 0.77421875 0.12734375 0.0875
15 0.52421875 0.78828125 0.06953125 0.1265625
15 0.1375 0.3890625 0.10078125 0.12109375
16 0.75234375 0.2390625 0.13125 0.07265625
16 0.30078125 0.5265625 0.11015625 0.12109375
17 0.259375 0.41484375 0.0890625 0.096875
17 0.3859375 0.6578125 0.08671875 0.096875
18 0.45390625 0.3078125 0.10625 0.0578125
18 0.52890625 0.33671875 0.0828125 0.07421875
19 0.89921875 0.5390625 0.10078125 0.10390625
19 0.6578125 0.75859375 0.05390625 0.10390625
20 0.5234375 0.51171875 0.0828125 0.07265625
20 0.46015625 0.628125 0.07734375 0.059375
21 0.45546875 0.71484375 0.10234375 0.0578125
21 0.55390625 0.63046875 0.0640625 0.0890625
22 0.5734375 0.8296875 0.153125 0.1578125