0 0.20859375 0.56796875 0.109375 0.19453125
0 0.48203125 0.2 0.13984375 0.1734375
1 0.75859375 0.5234375 0.17421875 0.19765625
1 0.2 0.28671875 0.20546875 0.171875
2 0.80546875 0.40625 0.1640625 0.14296875
2 0.47578125 0.86015625 0.1828125 0.11171875
3 0.90625 0.690625 0.10625 0.1546875
3 0.3515625 0.37109375 0.13828125 0.19921875
4 0.52578125 0.428125 0.1625 0.14765625
4 0.08359375 0.32421875 0.10234375 0.1703125
8 0.32578125 0.29140625 0.08046875 0.19765625
8 0.41953125 0.5703125 0.17265625 0.1234375
9 0.32421875 0.42421875 0.1625 0.140625
9 0.77578125 0.5796875 0.08515625 0.15625
10 0.5453125 0.28515625 0.10234375 0.1
10 0.69609375 0.65390625 0.15390625 0.0671875
11 0.84296875 0.60546875 0.071875 0.14921875
11 0.325 0.57890625 0.08203125 0.1515625
5 0.69921875 0.83515625 0.1296875 0.10625
5 0.61484375 0.48125 0.128125 0.10625
6 0.55390625 0.8390625 0.17421875 0.053125
6 0.6828125 0.89609375 0.15546875 0.08046875
7 0.50859375 0.38203125 0.13828125 0.10859375
7 0.4859375 0.63984375 0.15546875 0.053125
12 0.66875 0.52734375 0.1265625 0.1
12 0.85546875 0.57734375 0.13515625 0.0515625
13 0.4890625 0.71171875 0.109375 0.1
13 0.52109375 0.77265625 0.1234375 0.05
14 0.7421875 0.753125 0.13359375 0.09765625
14 0.3578125 0.72890625 0.128125 0.065625
15 0.6125 0.70859375 0.1109375 0.0703125
15 0.15703125 0.3546875 0.0578125 0.10859375
16 0.3890625 0.31640625 0.0703125 0.103125
16 0.25234375 0.68671875 0.0765625 0.09765625
17 0.2890625 0.54296875 0.0921875 0.0546875
17 0.6015625 0.42578125 0.0890625 0.071875
18 0.34140625 0.790625 0.090625 0.065625
18 0.47890625 0.8109375 0.0890625 0.0484375
19 0.61796875 0.08046875 0.06640625 0.09296875
19 0.94140625 0.56796875 0.06328125 0.09140625
20 0.24609375 0.6 0.0578125 0.07578125
20 0.05390625 0.36015625 0.0734375 0.06328125
21 0.6484375 0.740625 0.0703125 0.06171875
21 0.434375 0.51171875 0.0546875 0.07578125
22 0.528125 0.1203125 0.11640625 0.1515625
22 0.26484375 0.78515625 0.11640625 0.1203125