0 0.31328125 0.28359375 0.09375 0.225
0 0.475 0.5171875 0.1234375 0.228125
1 0.5296875 0.40625 0.14140625 0.165625
1 0.63359375 0.31875 0.09375 0.2484375
2 0.39296875 0.25703125 0.10546875 0.11171875
2 0.58046875 0.4984375 0.0484375 0.2453125
3 0.91640625 0.40078125 0.1234375 0.19296875
3 0.21796875 0.61171875 0.06875 0.21796875
4 0.79296875 0.46328125 0.13828125 0.13515625
4 0.55 0.784375 0.1125 0.1203125
8 0.55078125 0.2734375 0.153125 0.08984375
8 0.7125 0.81953125 0.0828125 0.19765625
9 0.434375 0.25390625 0.1140625 0.121875
9 0.73671875 0.36328125 0.1390625 0.1
10 0.29765625 0.43984375 0.0734375 0.159375
10 0.6140625 0.16015625 0.07578125 0.1671875
11 0.75 0.2984375 0.11484375 0.09609375
11 0.31328125 0.5703125 0.0671875 0.1421875
5 0.11953125 0.38125 0.07421875 0.15703125
5 0.88984375 0.49140625 0.05078125 0.17734375
6 0.40546875 0.09296875 0.071875 0.15234375
6 0.8265625 0.62109375 0.1078125 0.11875
7 0.3265625 0.103125 0.11484375 0.09140625
7 0.5328125 0.54765625 0.05234375 0.15390625
12 0.6625 0.671875 0.08046875 0.09453125
12 0.7171875 0.48046875 0.10078125 0.05390625
13 0.62109375 0.82890625 0.08515625 0.09453125
13 0.1453125 0.29609375 0.07890625 0.11171875
14 0.68203125 0.7515625 0.08671875 0.11171875
14 0.2859375 0.60234375 0.04609375 0.1390625
15 0.696875 0.6484375 0.07890625 0.08125
15 0.6203125 0.51875 0.0421875 0.11640625
16 0.7859375 0.521875 0.07578125 0.09609375
16 0.7578125 0.61328125 0.04765625 0.11640625
17 0.70859375 0.534375 0.05546875 0.09140625
17 0.82890625 0.746875 0.07578125 0.0625
18 0.66640625 0.521875 0.0578125 0.0828125
18 0.06875 0.29296875 0.05078125 0.09453125
19 0.5453125 0.68515625 0.059375 0.078125
19 0.375 0.47578125 0.06484375 0.0578125
20 0.54140625 0.3875 0.04609375 0.07109375
20 0.36953125 0.61484375 0.04296875 0.07265625
21 0.60703125 0.7015625 0.04765625 0.065625
21 0.38359375 0.18984375 0.06015625 0.05390625
22 0.14609375 0.63515625 0.059375 0.17734375
22 0.8671875 0.87734375 0.11015625 0.1265625