0 0.24765625 0.49453125 0.2265625 0.21640625
0 0.9015625 0.340625 0.16640625 0.178125
1 0.446875 0.51171875 0.16171875 0.28515625
1 0.88671875 0.41875 0.159375 0.278125
2 0.1578125 0.43984375 0.16171875 0.221875
2 0.7796875 0.4296875 0.1546875 0.15703125
3 0.67890625 0.40390625 0.10390625 0.25859375
3 0.8421875 0.76484375 0.18828125 0.24296875
4 0.60625 0.6125 0.15625 0.221875
4 0.465625 0.1390625 0.23828125 0.190625
8 0.68046875 0.13125 0.175 0.21015625
8 0.66171875 0.51953125 0.12578125 0.21015625
9 0.75078125 0.7625 0.196875 0.15
9 0.3484375 0.1609375 0.1765625 0.12265625
10 0.4734375 0.5671875 0.05859375 0.19765625
10 0.3953125 0.13203125 0.1953125 0.12734375
11 0.66484375 0.8796875 0.1828125 0.10859375
11 0.22578125 0.315625 0.2 0.0859375
5 0.29609375 0.82421875 0.14453125 0.15234375
5 0.259375 0.45546875 0.0484375 0.20078125
6 0.62578125 0.72578125 0.1796875 0.11171875
6 0.87578125 0.271875 0.13125 0.16953125
7 0.30703125 0.63203125 0.14609375 0.19375
7 0.4734375 0.71640625 0.1359375 0.19921875
12 0.88125 0.62421875 0.1359375 0.14296875
12 0.778125 0.3765625 0.05390625 0.1625
13 0.7640625 0.64296875 0.115625 0.1296875
13 0.46015625 0.88984375 0.1515625 0.10859375
14 0.39140625 0.246875 0.14140625 0.1015625
14 0.2046875 0.65546875 0.134375 0.12578125
15 0.2328125 0.13828125 0.06875 0.15
15 0.29609375 0.6859375 0.1140625 0.11015625
16 0.52578125 0.78671875 0.134375 0.0703125
16 0.4125 0.56484375 0.10234375 0.1296875
17 0.4 0.7359375 0.1109375 0.09453125
17 0.0640625 0.45 0.05703125 0.13828125
18 0.46796875 0.2890625 0.0890625 0.1
18 0.57734375 0.1375 0.08203125 0.0859375
19 0.3109375 0.37578125 0.08046875 0.09765625
19 0.6234375 0.61875 0.084375 0.09765625
20 0.30234375 0.515625 0.0671875 0.08046875
20 0.43515625 0.95859375 0.0875 0.071875
21 0.5109375 0.51484375 0.046875 0.09296875
21 0.39765625 0.38671875 0.0625 0.09453125
22 0.6015625 0.509375 0.1515625 0.15546875
22 0.634375 0.2421875 0.1125 0.134375