0 0.88359375 0.6296875 0.15703125 0.2484375
0 0.67890625 0.409375 0.1234375 0.24453125
1 0.50859375 0.76953125 0.19296875 0.1609375
1 0.69453125 0.8296875 0.1828125 0.29296875
2 0.1859375 0.32890625 0.20546875 0.16875
2 0.5296875 0.5703125 0.20546875 0.19296875
3 0.62734375 0.55078125 0.0921875 0.28359375
3 0.74296875 0.3015625 0.22734375 0.14453125
4 0.38515625 0.28515625 0.2515625 0.11875
4 0.24921875 0.10390625 0.13359375 0.159375
8 0.36015625 0.70625 0.10078125 0.2203125
8 0.66015625 0.85390625 0.1265625 0.2
9 0.7015625 0.85546875 0.2375 0.09609375
9 0.228125 0.53046875 0.18984375 0.0984375
10 0.115625 0.53984375 0.17265625 0.13125
10 0.19921875 0.29140625 0.15234375 0.16875
11 0.303125 0.115625 0.1421875 0.15
11 0.2796875 0.39296875 0.1625 0.140625
5 0.5421875 0.42890625 0.18125 0.109375
5 0.2796875 0.16640625 0.1796875 0.121875
6 0.77109375 0.70625 0.0921875 0.1984375
6 0.69296875 0.26015625 0.12109375 0.19453125
7 0.4640625 0.50625 0.11484375 0.16875
7 0.2984375 0.69609375 0.0734375 0.23359375
12 0.42734375 0.0953125 0.13671875 0.1015625
12 0.5140625 0.6390625 0.09375 0.159375
13 0.38984375 0.2953125 0.1640625 0.08671875
13 0.55859375 0.56640625 0.09921875 0.10390625
14 0.3890625 0.63984375 0.0765625 0.15
14 0.825 0.58828125 0.1484375 0.0609375
15 0.10546875 0.45 0.13828125 0.078125
15 0.17421875 0.13515625 0.109375 0.1
16 0.39375 0.16875 0.09765625 0.10390625
16 0.55546875 0.37890625 0.0546875 0.15703125
17 0.0671875 0.3453125 0.08046875 0.11640625
17 0.29921875 0.234375 0.11953125 0.06484375
18 0.25859375 0.49453125 0.10390625 0.07421875
18 0.36484375 0.54921875 0.04609375 0.12421875
19 0.35859375 0.56171875 0.09921875 0.06484375
19 0.55703125 0.27421875 0.09921875 0.06328125
20 0.40703125 0.68203125 0.06875 0.08359375
20 0.50859375 0.30625 0.0703125 0.071875
21 0.49453125 0.209375 0.10078125 0.0515625
21 0.221875 0.45390625 0.0921875 0.0484375
22 0.7921875 0.4515625 0.10078125 0.140625
23 0.646875 0.83046875 0.0703125 0.04609375