0 0.71484375 0.66171875 0.16328125 0.1125
0 0.3265625 0.71171875 0.1234375 0.15390625
1 0.26875 0.60078125 0.18515625 0.1265625
1 0.134375 0.49921875 0.128125 0.15859375
2 0.1109375 0.11015625 0.078125 0.2046875
2 0.08828125 0.36015625 0.1125 0.11171875
3 0.59296875 0.25234375 0.1046875 0.18203125
3 0.45234375 0.1328125 0.11796875 0.16484375
4 0.3125 0.384375 0.1453125 0.08984375
4 0.2234375 0.090625 0.13671875 0.10390625
8 0.628125 0.43359375 0.15625 0.1140625
8 0.81171875 0.55390625 0.1640625 0.06015625
9 0.22265625 0.83203125 0.0953125 0.16640625
9 0.31640625 0.16015625 0.171875 0.05390625
10 0.66171875 0.57109375 0.16015625 0.0484375
10 0.51875 0.25390625 0.09375 0.0921875
11 0.590625 0.62890625 0.06328125 0.13046875
11 0.2890625 0.096875 0.128125 0.06015625
5 0.2546875 0.47421875 0.09296875 0.1265625
5 0.91875 0.44765625 0.10234375 0.11640625
6 0.5640625 0.3328125 0.1296875 0.0921875
6 0.24453125 0.3171875 0.11484375 0.09375
7 0.59375 0.63671875 0.1484375 0.06640625
7 0.31640625 0.72421875 0.1453125 0.04453125
12 0.1546875 0.64609375 0.04921875 0.11875
12 0.79296875 0.49140625 0.06484375 0.08984375
13 0.30625 0.85625 0.09765625 0.07578125
13 0.4078125 0.45625 0.06328125 0.10390625
14 0.18125 0.30859375 0.09296875 0.05390625
14 0.47578125 0.4015625 0.10859375 0.05234375
15 0.325 0.58515625 0.09375 0.05625
15 0.2703125 0.50859375 0.07421875 0.0859375
16 0.46640625 0.54296875 0.0953125 0.05859375
16 0.55859375 0.3359375 0.0421875 0.10078125
17 0.5734375 0.50859375 0.0796875 0.03984375
17 0.36640625 0.26875 0.0515625 0.08203125
18 0.5125 0.565625 0.07421875 0.04765625
18 0.49140625 0.25625 0.06875 0.0484375
19 0.53515625 0.47734375 0.08203125 0.0359375
19 0.1984375 0.503125 0.06328125 0.06640625
20 0.18671875 0.84140625 0.0453125 0.06171875
20 0.625 0.5296875 0.0453125 0.0546875
21 0.29375 0.646875 0.05703125 0.071875
21 0.31875 0.459375 0.059375 0.0546875
22 0.22890625 0.915625 0.1140625 0.140625
22 0.17109375 0.24765625 0.0796875 0.10859375