0 0.56875 0.2328125 0.1859375 0.15
0 0.509375 0.1203125 0.21640625 0.11796875
1 0.7671875 0.371875 0.1578125 0.30546875
1 0.70625 0.85859375 0.33984375 0.128125
2 0.190625 0.16640625 0.1375 0.159375
2 0.10234375 0.3359375 0.10703125 0.26640625
3 0.6921875 0.49609375 0.14140625 0.21484375
3 0.675 0.64765625 0.24921875 0.15546875
4 0.7921875 0.7984375 0.240625 0.13828125
4 0.42734375 0.1578125 0.16171875 0.18515625
8 0.2078125 0.64140625 0.2328125 0.18515625
8 0.30390625 0.165625 0.1375 0.21328125
9 0.45546875 0.7265625 0.2265625 0.11640625
9 0.07265625 0.3609375 0.08125 0.23671875
10 0.828125 0.56640625 0.14609375 0.16171875
10 0.578125 0.51484375 0.19609375 0.11796875
11 0.54453125 0.871875 0.17421875 0.15
11 0.61875 0.78046875 0.1359375 0.1515625
5 0.346875 0.31171875 0.17578125 0.1140625
5 0.28359375 0.20234375 0.06484375 0.21484375
6 0.48359375 0.3 0.1375 0.1265625
6 0.940625 0.57421875 0.07109375 0.225
7 0.54921875 0.1703125 0.1921875 0.09296875
7 0.43203125 0.85 0.18828125 0.1421875
12 0.63984375 0.71953125 0.14609375 0.10234375
12 0.4859375 0.425 0.1375 0.12421875
13 0.40703125 0.39921875 0.1015625 0.1515625
13 0.896875 0.6515625 0.11328125 0.1515625
14 0.22890625 0.56796875 0.13359375 0.11796875
14 0.32265625 0.5109375 0.16015625 0.0828125
15 0.13984375 0.48828125 0.1171875 0.10859375
15 0.24375 0.4625 0.14375 0.09296875
16 0.58203125 0.42109375 0.10703125 0.1046875
16 0.34296875 0.6453125 0.075 0.15
17 0.5171875 0.790625 0.13125 0.07890625
17 0.546875 0.54375 0.13359375 0.06875
18 0.171875 0.275 0.096875 0.1046875
18 0.22734375 0.71171875 0.0953125 0.10234375
19 0.83203125 0.6203125 0.0609375 0.11640625
19 0.384375 0.66953125 0.0890625 0.10859375
20 0.34609375 0.26328125 0.0890625 0.0890625
20 0.24921875 0.40859375 0.0890625 0.07890625
21 0.20078125 0.3984375 0.07265625 0.09453125
21 0.4171875 0.475 0.05703125 0.0984375
22 0.8671875 0.40859375 0.1359375 0.13828125
23 0.11328125 0.16796875 0.09296875 0.10234375