0 0.48828125 0.19375 0.2125 0.17734375
0 0.6734375 0.37265625 0.09921875 0.22421875
1 0.75625 0.3140625 0.1953125 0.24921875
1 0.51875 0.25390625 0.19375 0.16796875
2 0.871875 0.32421875 0.10078125 0.14375
2 0.3125 0.3203125 0.14296875 0.16171875
3 0.79140625 0.48359375 0.15546875 0.2046875
3 0.93046875 0.41875 0.0828125 0.23984375
4 0.45546875 0.8796875 0.13359375 0.15234375
4 0.8109375 0.47265625 0.1890625 0.1828125
8 0.57890625 0.525 0.17265625 0.08046875
8 0.1546875 0.6 0.11953125 0.09453125
9 0.78984375 0.14375 0.17109375 0.09453125
9 0.7890625 0.2609375 0.140625 0.15390625
10 0.59140625 0.0625 0.1671875 0.07734375
10 0.55078125 0.678125 0.0578125 0.16171875
11 0.215625 0.290625 0.1203125 0.1078125
11 0.11484375 0.45625 0.10703125 0.0875
5 0.2265625 0.44375 0.13359375 0.09296875
5 0.8125 0.29765625 0.1125 0.14921875
6 0.5390625 0.82734375 0.11953125 0.11484375
6 0.60703125 0.11875 0.1703125 0.0984375
7 0.690625 0.5171875 0.146875 0.0765625
7 0.55859375 0.90546875 0.159375 0.1
12 0.3328125 0.21015625 0.1296875 0.0734375
12 0.675 0.15390625 0.1296875 0.05546875
13 0.11640625 0.359375 0.09921875 0.0984375
13 0.18125 0.40390625 0.06015625 0.109375
14 0.61171875 0.5640625 0.09375 0.0984375
14 0.40546875 0.38515625 0.0859375 0.09140625
15 0.0828125 0.51484375 0.0671875 0.11796875
15 0.559375 0.5453125 0.09140625 0.05703125
16 0.64921875 0.34453125 0.07265625 0.1
16 0.875 0.47109375 0.04921875 0.1078125
17 0.5078125 0.57578125 0.0578125 0.06796875
17 0.69140625 0.55703125 0.08984375 0.05
18 0.5546875 0.40703125 0.07890625 0.06640625
18 0.50234375 0.36015625 0.0859375 0.04140625
19 0.12734375 0.275 0.08828125 0.0765625
19 0.53671875 0.73671875 0.03984375 0.0859375
20 0.18515625 0.27265625 0.0734375 0.0828125
20 0.35 0.16015625 0.08203125 0.05703125
21 0.46015625 0.16328125 0.08046875 0.0609375
21 0.46953125 0.3875 0.07109375 0.05703125
22 0.60078125 0.4421875 0.15234375 0.08984375
23 0.5015625 0.3125 0.046875 0.07890625