0 0.6453125 0.8421875 0.128125 0.17890625
0 0.4703125 0.6703125 0.16328125 0.1328125
1 0.57109375 0.7875 0.16328125 0.11796875
1 0.6203125 0.47578125 0.1359375 0.2078125
2 0.73125 0.5828125 0.14453125 0.10078125
2 0.3765625 0.78046875 0.09140625 0.21640625
3 0.3578125 0.5609375 0.121875 0.10390625
3 0.5625 0.13359375 0.0921875 0.20625
4 0.55234375 0.75078125 0.1109375 0.146875
4 0.54296875 0.35546875 0.1359375 0.0703125
8 0.27734375 0.184375 0.1171875 0.15
8 0.57578125 0.11953125 0.13125 0.08203125
9 0.48046875 0.8796875 0.1140625 0.10078125
9 0.865625 0.5984375 0.0875 0.1625
10 0.50390625 0.4296875 0.090625 0.12265625
10 0.67265625 0.27109375 0.0828125 0.15703125
11 0.61875 0.690625 0.08203125 0.12421875
11 0.43984375 0.7703125 0.03984375 0.15859375
5 0.5046875 0.6421875 0.09453125 0.09375
5 0.93046875 0.60703125 0.05859375 0.17265625
6 0.3796875 0.45078125 0.06875 0.14296875
6 0.3640625 0.159375 0.078125 0.15546875
7 0.6359375 0.52265625 0.0671875 0.1625
7 0.584375 0.246875 0.03828125 0.15859375
12 0.67578125 0.640625 0.05859375 0.13515625
12 0.32265625 0.21875 0.0671875 0.13671875
13 0.5671875 0.8859375 0.07265625 0.1125
13 0.3703125 0.33515625 0.05859375 0.12109375
14 0.58515625 0.76171875 0.0703125 0.0765625
14 0.46640625 0.5390625 0.0765625 0.0890625
15 0.628125 0.175 0.0703125 0.05625
15 0.29140625 0.3265625 0.059375 0.11796875
16 0.30390625 0.6390625 0.078125 0.08046875
16 0.4 0.496875 0.05 0.11953125
17 0.31953125 0.41015625 0.06171875 0.09375
17 0.0515625 0.63359375 0.04453125 0.11796875
18 0.46953125 0.20625 0.05 0.10234375
18 0.97421875 0.715625 0.040625 0.10390625
19 0.50234375 0.92265625 0.05703125 0.0703125
19 0.578125 0.415625 0.0625 0.06640625
20 0.384375 0.08046875 0.05390625 0.08515625
20 0.53046875 0.51875 0.05 0.078125
21 0.615625 0.26640625 0.04296875 0.08203125
21 0.63203125 0.31171875 0.03359375 0.08671875
22 0.47578125 0.12421875 0.1125 0.0921875
23 0.271875 0.5625 0.05546875 0.05625