0 0.44609375 0.3453125 0.12578125 0.10859375
0 0.60703125 0.571875 0.0609375 0.165625
1 0.6375 0.71484375 0.07578125 0.07421875
1 0.46640625 0.39609375 0.11171875 0.0890625
2 0.453125 0.840625 0.10390625 0.0921875
2 0.5109375 0.73359375 0.09140625 0.0828125
3 0.4890625 0.7828125 0.05859375 0.1203125
3 0.34453125 0.340625 0.04453125 0.13671875
4 0.66484375 0.4140625 0.0453125 0.10703125
4 0.06328125 0.9203125 0.0859375 0.078125
8 0.92578125 0.1859375 0.0328125 0.14765625
8 0.4 0.94375 0.0875 0.07578125
9 0.35625 0.72109375 0.0953125 0.0671875
9 0.30546875 0.228125 0.04375 0.11640625
10 0.1953125 0.88515625 0.096875 0.071875
10 0.46015625 0.8828125 0.07578125 0.05390625
11 0.5703125 0.65234375 0.03359375 0.1015625
11 0.37421875 0.2984375 0.03828125 0.0984375
5 0.8359375 0.13203125 0.0515625 0.0953125
5 0.6203125 0.16953125 0.03515625 0.09765625
6 0.72421875 0.63984375 0.05390625 0.07421875
6 0.425 0.046875 0.05078125 0.07421875
7 0.55 0.509375 0.071875 0.071875
7 0.5984375 0.76875 0.0484375 0.07734375
12 0.75 0.55 0.0296875 0.07578125
12 0.321875 0.3359375 0.03828125 0.084375
13 0.4765625 0.65 0.04921875 0.084375
13 0.46875 0.45859375 0.06171875 0.05546875
14 0.7328125 0.56328125 0.03828125 0.071875
14 0.53671875 0.80625 0.0609375 0.03984375
15 0.325 0.57578125 0.03359375 0.08046875
15 0.96484375 0.41640625 0.053125 0.05234375
16 0.17734375 0.21328125 0.04140625 0.0875
16 0.2125 0.2796875 0.04765625 0.06953125
17 0.50703125 0.7609375 0.02578125 0.0609375
17 0.81796875 0.42578125 0.05234375 0.05
18 0.9265625 0.4328125 0.04453125 0.05390625
18 0.87734375 0.28671875 0.02734375 0.065625
19 0.59453125 0.653125 0.03515625 0.05
19 0.72421875 0.47109375 0.0484375 0.034375
20 0.52578125 0.77109375 0.02734375 0.04453125
20 0.7765625 0.21484375 0.0359375 0.04140625
21 0.5421875 0.559375 0.0390625 0.040625
21 0.6390625 0.72109375 0.04140625 0.03671875
22 0.39765625 0.878125 0.08046875 0.06875
23 0.58984375 0.4625 0.04296875 0.04375