0 0.89140625 0.66640625 0.15 0.2734375
0 0.51953125 0.36953125 0.15234375 0.2875
1 0.75234375 0.48671875 0.25390625 0.2640625
1 0.6390625 0.675 0.109375 0.40546875
2 0.6546875 0.39453125 0.14453125 0.1890625
2 0.4015625 0.59921875 0.06875 0.32109375
3 0.79296875 0.7578125 0.13203125 0.2921875
3 0.40703125 0.75625 0.1390625 0.26171875
4 0.4671875 0.459375 0.1375 0.26640625
4 0.68203125 0.79609375 0.10234375 0.2875
8 0.7 0.31171875 0.1984375 0.1296875
8 0.75078125 0.4421875 0.24296875 0.165625
9 0.653125 0.18203125 0.20390625 0.17265625
9 0.18125 0.65234375 0.17265625 0.11015625
10 0.80390625 0.375 0.13203125 0.20859375
10 0.5703125 0.67734375 0.07578125 0.2515625
11 0.31875 0.34765625 0.1671875 0.1296875
11 0.36640625 0.246875 0.11328125 0.23046875
5 0.21328125 0.7078125 0.0703125 0.23984375
5 0.49140625 0.09140625 0.1890625 0.14375
6 0.5296875 0.7109375 0.0578125 0.2375
6 0.51015625 0.36328125 0.1671875 0.1609375
7 0.53515625 0.48203125 0.12421875 0.2015625
7 0.37734375 0.20625 0.12421875 0.196875
12 0.7 0.5734375 0.13203125 0.15859375
12 0.3 0.51640625 0.0984375 0.14609375
13 0.47578125 0.71953125 0.0609375 0.18203125
13 0.30546875 0.73828125 0.1203125 0.11015625
14 0.340625 0.58359375 0.1203125 0.07890625
14 0.459375 0.78046875 0.128125 0.07890625
15 0.44609375 0.609375 0.06875 0.14375
15 0.30234375 0.64765625 0.1 0.1390625
16 0.30234375 0.22578125 0.06640625 0.17265625
16 0.48828125 0.196875 0.12265625 0.10078125
17 0.2484375 0.5109375 0.0515625 0.14375
17 0.27734375 0.78203125 0.109375 0.11953125
18 0.465625 0.421875 0.06640625 0.11953125
18 0.74375 0.71796875 0.08125 0.08359375
19 0.74921875 0.64296875 0.09609375 0.08125
19 0.575 0.84140625 0.1 0.09609375
20 0.34453125 0.53125 0.06875 0.08359375
20 0.34140625 0.42578125 0.08515625 0.06484375
21 0.68125 0.5015625 0.08515625 0.0671875
21 0.65703125 0.715625 0.0484375 0.12734375
22 0.20390625 0.37890625 0.09296875 0.23984375
23 0.24765625 0.2265625 0.06875 0.103125