0 0.43828125 0.796875 0.1171875 0.26953125
0 0.35390625 0.17265625 0.10546875 0.1046875
1 0.37265625 0.70703125 0.125 0.20234375
1 0.303125 0.1171875 0.059375 0.1828125
2 0.16875 0.79453125 0.1453125 0.121875
2 0.0953125 0.2734375 0.125 0.14453125
3 0.1453125 0.86796875 0.1234375 0.1765625
3 0.43984375 0.07890625 0.1359375 0.09140625
4 0.328125 0.3046875 0.04609375 0.20703125
4 0.25390625 0.3203125 0.078125 0.18125
8 0.21484375 0.75078125 0.0953125 0.1203125
8 0.37890625 0.8578125 0.07421875 0.1875
9 0.24765625 0.090625 0.06796875 0.10234375
9 0.39296875 0.278125 0.06640625 0.190625
10 0.54609375 0.68515625 0.08984375 0.121875
10 0.22734375 0.2796875 0.0921875 0.09609375
11 0.1734375 0.4421875 0.04375 0.171875
11 0.15546875 0.17890625 0.1015625 0.1109375
5 0.2609375 0.8296875 0.0578125 0.1703125
5 0.45546875 0.48359375 0.0609375 0.171875
6 0.29140625 0.67265625 0.04609375 0.1671875
6 0.95234375 0.53515625 0.046875 0.190625
7 0.334375 0.89140625 0.1046875 0.07734375
7 0.19140625 0.21953125 0.06484375 0.08203125
12 0.4546875 0.2984375 0.08984375 0.07578125
12 0.46484375 0.64453125 0.08515625 0.053125
13 0.190625 0.878125 0.08203125 0.10625
13 0.43359375 0.6984375 0.046875 0.13359375
14 0.54375 0.55 0.05625 0.13828125
15 0.25 0.69375 0.08046875 0.0703125
15 0.565625 0.65625 0.059375 0.10078125
16 0.371875 0.7578125 0.0703125 0.10078125
16 0.19453125 0.5890625 0.04296875 0.121875
17 0.36171875 0.2671875 0.04375 0.09296875
17 0.2453125 0.321875 0.028125 0.09921875
18 0.26640625 0.94453125 0.04375 0.08984375
18 0.3015625 0.34921875 0.0375 0.07421875
19 0.55078125 0.36328125 0.06171875 0.053125
19 0.1859375 0.65390625 0.053125 0.071875
20 0.43828125 0.13984375 0.05390625 0.0671875
20 0.46171875 0.6109375 0.05 0.053125
21 0.46015625 0.72109375 0.0546875 0.07578125
21 0.39375 0.26640625 0.06484375 0.0578125
22 0.603125 0.37265625 0.1046875 0.14296875
22 0.315625 0.84453125 0.08203125 0.09453125