0 0.771875 0.90703125 0.21328125 0.12109375
0 0.175 0.49453125 0.14296875 0.1875
1 0.8140625 0.409375 0.10390625 0.13203125
1 0.5140625 0.565625 0.2453125 0.09296875
2 0.71640625 0.715625 0.2015625 0.08125
2 0.1734375 0.26953125 0.10546875 0.109375
3 0.61015625 0.48203125 0.05546875 0.17734375
3 0.1546875 0.13203125 0.05234375 0.190625
4 0.7671875 0.5171875 0.1765625 0.084375
4 0.3796875 0.81171875 0.05234375 0.1875
8 0.675 0.61484375 0.12421875 0.13203125
8 0.1515625 0.6171875 0.13984375 0.1359375
9 0.9296875 0.64375 0.0609375 0.16875
9 0.7390625 0.65859375 0.153125 0.05625
10 0.38046875 0.546875 0.071875 0.140625
10 0.21640625 0.47265625 0.1296875 0.07265625
11 0.725 0.8390625 0.14765625 0.06796875
11 0.30390625 0.496875 0.0875 0.12421875
5 0.8609375 0.61171875 0.13125 0.06953125
5 0.57109375 0.58359375 0.04375 0.1375
6 0.703125 0.78046875 0.1390625 0.06953125
6 0.25703125 0.5578125 0.134375 0.0765625
7 0.14609375 0.3765625 0.1140625 0.07578125
7 0.48828125 0.57734375 0.065625 0.140625
12 0.33984375 0.60390625 0.090625 0.0875
12 0.45859375 0.68359375 0.05 0.10625
13 0.328125 0.3953125 0.09765625 0.0796875
13 0.33515625 0.17578125 0.08046875 0.109375
14 0.62265625 0.353125 0.09765625 0.09296875
14 0.53046875 0.7015625 0.10625 0.0515625
15 0.828125 0.49375 0.09765625 0.05625
15 0.6484375 0.2859375 0.10234375 0.0484375
16 0.4484375 0.53671875 0.07265625 0.09765625
16 0.35234375 0.33828125 0.09453125 0.06328125
17 0.64765625 0.3953125 0.08046875 0.04765625
17 0.08828125 0.24921875 0.07734375 0.06640625
18 0.428125 0.3046875 0.08359375 0.053125
18 0.52109375 0.60546875 0.05 0.07265625
19 0.396875 0.6515625 0.07578125 0.06640625
19 0.2609375 0.33359375 0.07890625 0.0578125
20 0.44296875 0.46796875 0.0453125 0.07578125
20 0.89765625 0.396875 0.05546875 0.07578125
21 0.8296875 0.26328125 0.06875 0.0625
21 0.24453125 0.26640625 0.0484375 0.0796875
22 0.6609375 0.5203125 0.0640625 0.140625
23 0.77734375 0.55625 0.06015625 0.07109375