0 0.3453125 0.23828125 0.30390625 0.146875
0 0.371875 0.8140625 0.17890625 0.12734375
1 0.22890625 0.83125 0.14296875 0.1578125
1 0.2 0.478125 0.196875 0.13125
2 0.78828125 0.553125 0.1765625 0.16796875
2 0.65 0.5265625 0.16328125 0.16484375
3 0.10625 0.42109375 0.1171875 0.20546875
3 0.5390625 0.87109375 0.19453125 0.15546875
4 0.45703125 0.93359375 0.22265625 0.07578125
4 0.6359375 0.6859375 0.175 0.1578125
8 0.5484375 0.65859375 0.21484375 0.08125
8 0.71875 0.4328125 0.16484375 0.11484375
9 0.72890625 0.309375 0.09765625 0.159375
9 0.29609375 0.70859375 0.18671875 0.0828125
10 0.2421875 0.1921875 0.16328125 0.11171875
10 0.20390625 0.51796875 0.109375 0.1578125
11 0.32421875 0.64375 0.159375 0.09765625
11 0.68515625 0.5140625 0.15703125 0.0515625
5 0.41484375 0.46953125 0.16484375 0.06171875
5 0.80703125 0.21171875 0.159375 0.065625
6 0.33828125 0.40625 0.0953125 0.13984375
6 0.325 0.60234375 0.153125 0.1078125
7 0.4203125 0.1328125 0.14921875 0.10234375
7 0.80546875 0.34921875 0.12734375 0.1328125
12 0.5515625 0.1828125 0.065625 0.11171875
12 0.32890625 0.31484375 0.1375 0.05625
13 0.47109375 0.1453125 0.12734375 0.05625
13 0.3796875 0.57578125 0.11171875 0.10078125
14 0.50859375 0.0890625 0.1390625 0.07578125
14 0.48671875 0.40546875 0.09921875 0.1171875
15 0.7015625 0.2125 0.08359375 0.10234375
15 0.659375 0.29375 0.1171875 0.06015625
16 0.36015625 0.1984375 0.09921875 0.0921875
16 0.49140625 0.2578125 0.115625 0.0546875
17 0.3828125 0.415625 0.109375 0.06015625
17 0.57734375 0.3640625 0.09375 0.06171875
18 0.19296875 0.41875 0.0796875 0.0796875
18 0.55078125 0.74453125 0.06328125 0.090625
19 0.68203125 0.115625 0.09921875 0.07265625
19 0.50859375 0.321875 0.0953125 0.053125
20 0.6375 0.1734375 0.0578125 0.078125
20 0.59453125 0.3921875 0.06328125 0.0546875
21 0.43046875 0.52890625 0.08984375 0.0671875
21 0.56484375 0.27109375 0.06328125 0.078125
22 0.71953125 0.73359375 0.17890625 0.08671875
22 0.8640625 0.16796875 0.17265625 0.06015625