0 0.44296875 0.62109375 0.20546875 0.09921875
0 0.6765625 0.44375 0.21328125 0.0953125
1 0.56484375 0.85703125 0.10859375 0.2109375
1 0.10546875 0.55546875 0.06875 0.2234375
2 0.209375 0.56640625 0.159375 0.14296875
2 0.19140625 0.31015625 0.06875 0.2234375
3 0.3046875 0.06171875 0.13828125 0.11796875
3 0.73203125 0.26796875 0.17421875 0.0703125
4 0.6 0.3296875 0.1046875 0.1546875
4 0.37734375 0.08984375 0.184375 0.04375
8 0.6859375 0.7640625 0.12578125 0.1078125
8 0.48671875 0.6921875 0.1671875 0.0453125
9 0.55234375 0.2421875 0.1234375 0.08046875
9 0.428125 0.77734375 0.04375 0.14609375
10 0.28828125 0.25859375 0.128125 0.09296875
10 0.50390625 0.7578125 0.1234375 0.078125
11 0.34296875 0.21640625 0.065625 0.11328125
11 0.46484375 0.071875 0.140625 0.0515625
5 0.1078125 0.4125 0.13046875 0.071875
5 0.2734375 0.14921875 0.04609375 0.13203125
6 0.41953125 0.728125 0.11953125 0.06875
6 0.20078125 0.59375 0.0875 0.1296875
7 0.3390625 0.0921875 0.07109375 0.12421875
7 0.71328125 0.4359375 0.103125 0.09765625
12 0.27109375 0.34921875 0.11328125 0.07265625
12 0.78515625 0.39375 0.0609375 0.09921875
13 0.109375 0.48515625 0.11953125 0.0453125
13 0.70390625 0.37265625 0.128125 0.04375
14 0.7609375 0.33125 0.11171875 0.06171875
14 0.64296875 0.49453125 0.1 0.06171875
15 0.30703125 0.27890625 0.06875 0.0953125
15 0.10625 0.4375 0.08359375 0.05390625
16 0.70390625 0.6828125 0.0984375 0.059375
16 0.75078125 0.50546875 0.1 0.04609375
17 0.9453125 0.37734375 0.06953125 0.09140625
17 0.15546875 0.58359375 0.05 0.07890625
18 0.2359375 0.1546875 0.04375 0.08046875
18 0.425 0.35234375 0.0859375 0.04375
19 0.365625 0.315625 0.0734375 0.04765625
19 0.58828125 0.52734375 0.0734375 0.06015625
20 0.50625 0.81328125 0.05390625 0.05625
20 0.63046875 0.67890625 0.05859375 0.04609375
21 0.3921875 0.28203125 0.0671875 0.05625
21 0.4734375 0.41171875 0.0671875 0.06171875
22 0.684375 0.3765625 0.0609375 0.15234375
23 0.5171875 0.1171875 0.05859375 0.06875