0 0.56328125 0.8328125 0.1609375 0.20625
0 0.20234375 0.278125 0.21328125 0.27890625
1 0.64453125 0.46484375 0.28046875 0.21875
1 0.7171875 0.53203125 0.14296875 0.30703125
2 0.36171875 0.33984375 0.18046875 0.22890625
2 0.15078125 0.66796875 0.2046875 0.234375
3 0.628125 0.23515625 0.20078125 0.14375
3 0.21640625 0.4140625 0.10703125 0.2234375
4 0.31484375 0.6578125 0.19921875 0.16171875
4 0.603125 0.69453125 0.14609375 0.20234375
8 0.3828125 0.1671875 0.16796875 0.1703125
8 0.4546875 0.4859375 0.125 0.1796875
9 0.66640625 0.20390625 0.21171875 0.12421875
9 0.875 0.77890625 0.1515625 0.09375
10 0.36953125 0.10859375 0.13203125 0.16015625
10 0.2625 0.80234375 0.19140625 0.09765625
11 0.41875 0.24921875 0.125 0.14375
11 0.52734375 0.94375 0.2046875 0.0796875
5 0.6453125 0.33203125 0.19140625 0.0671875
5 0.775 0.4734375 0.08515625 0.1796875
6 0.2125 0.58671875 0.125 0.16171875
6 0.26875 0.4171875 0.20078125 0.053125
7 0.628125 0.709375 0.17890625 0.0546875
7 0.334375 0.33359375 0.18046875 0.103125
12 0.32421875 0.565625 0.11015625 0.11171875
12 0.778125 0.77890625 0.11015625 0.13671875
13 0.834375 0.384375 0.07421875 0.1546875
13 0.725 0.54453125 0.05390625 0.14765625
14 0.34921875 0.6625 0.08671875 0.13828125
14 0.4578125 0.6421875 0.14453125 0.0765625
15 0.690625 0.8265625 0.07265625 0.12265625
15 0.628125 0.634375 0.13203125 0.08515625
16 0.75234375 0.87578125 0.115625 0.11015625
16 0.5046875 0.76796875 0.09375 0.115625
17 0.8203125 0.58828125 0.11015625 0.0890625
17 0.4953125 0.759375 0.1015625 0.09375
18 0.72265625 0.71328125 0.06328125 0.09765625
18 0.64453125 0.83203125 0.05234375 0.09765625
19 0.4671875 0.70078125 0.08125 0.06953125
19 0.51015625 0.6671875 0.09765625 0.04453125
20 0.35625 0.45546875 0.09375 0.04765625
20 0.27578125 0.59609375 0.0703125 0.06953125
21 0.42890625 0.33359375 0.05390625 0.08515625
21 0.52890625 0.32890625 0.078125 0.078125
22 0.49296875 0.5828125 0.1859375 0.0671875
22 0.1171875 0.68203125 0.1734375 0.11015625