0 0.1015625 0.578125 0.0765625 0.1421875
0 0.2296875 0.534375 0.146875 0.0984375
1 0.3796875 0.8875 0.0828125 0.16875
1 0.3640625 0.80078125 0.0921875 0.15078125
2 0.27109375 0.42578125 0.09296875 0.1453125
2 0.61015625 0.4375 0.05546875 0.18203125
3 0.20859375 0.63125 0.1015625 0.115625
3 0.42421875 0.45390625 0.0421875 0.1921875
4 0.21875 0.28125 0.03984375 0.19765625
4 0.15546875 0.31640625 0.07109375 0.1703125
8 0.2203125 0.3828125 0.1046875 0.10703125
8 0.06953125 0.36015625 0.10234375 0.08515625
9 0.17734375 0.62578125 0.075 0.13359375
9 0.46796875 0.61484375 0.04609375 0.17890625
10 0.3171875 0.86015625 0.05703125 0.1421875
10 0.36484375 0.69453125 0.0890625 0.06171875
11 0.27734375 0.6078125 0.065625 0.10546875
11 0.23828125 0.36796875 0.03828125 0.14375
5 0.56015625 0.54609375 0.06640625 0.115625
5 0.1796875 0.52421875 0.0859375 0.0515625
6 0.38046875 0.7609375 0.07578125 0.08671875
6 0.19296875 0.43125 0.05625 0.14375
7 0.1640625 0.42890625 0.0359375 0.1453125
7 0.49453125 0.3640625 0.03671875 0.1421875
12 0.0953125 0.69765625 0.04921875 0.1140625
12 0.5453125 0.3890625 0.07421875 0.05546875
13 0.95625 0.115625 0.046875 0.13046875
13 0.4171875 0.84453125 0.05390625 0.1
14 0.5890625 0.55703125 0.05 0.1
14 0.5328125 0.309375 0.0359375 0.1171875
15 0.30078125 0.72109375 0.046875 0.09375
15 0.225 0.675 0.02890625 0.10234375
16 0.11015625 0.6875 0.04375 0.09375
16 0.33984375 0.62734375 0.05546875 0.08046875
17 0.46875 0.3609375 0.02890625 0.096875
17 0.153125 0.78671875 0.05703125 0.05859375
18 0.2484375 0.871875 0.04375 0.08515625
18 0.51484375 0.31953125 0.02734375 0.08359375
19 0.43828125 0.65 0.0453125 0.06484375
19 0.26953125 0.6890625 0.03125 0.08359375
20 0.2359375 0.73359375 0.03203125 0.08203125
20 0.52890625 0.534375 0.02734375 0.06875
21 0.14765625 0.66171875 0.0265625 0.08203125
21 0.44921875 0.74609375 0.03359375 0.0703125
22 0.23828125 0.8546875 0.084375 0.1140625
23 0.5640625 0.50078125 0.0390625 0.07890625