0 0.1203125 0.3609375 0.1875 0.1453125
0 0.7359375 0.80625 0.11875 0.10703125
1 0.82109375 0.86484375 0.14921875 0.190625
1 0.87578125 0.7953125 0.09375 0.17421875
2 0.69921875 0.178125 0.08125 0.16171875
2 0.72890625 0.15703125 0.12578125 0.08359375
3 0.35234375 0.16640625 0.1875 0.07265625
3 0.56171875 0.1390625 0.178125 0.0453125
4 0.0703125 0.27890625 0.04765625 0.16875
4 0.6015625 0.8734375 0.05546875 0.17421875
8 0.6421875 0.8375 0.15859375 0.06484375
8 0.61953125 0.2015625 0.090625 0.09609375
9 0.61484375 0.10390625 0.15859375 0.046875
9 0.5078125 0.15625 0.14140625 0.07421875
10 0.78203125 0.7046875 0.121875 0.06875
10 0.65703125 0.26953125 0.14140625 0.0421875
11 0.646875 0.7578125 0.078125 0.10546875
11 0.828125 0.8296875 0.09375 0.09609375
5 0.75234375 0.078125 0.1140625 0.08203125
5 0.51640625 0.2546875 0.13046875 0.0671875
6 0.665625 0.21640625 0.103125 0.078125
6 0.79296875 0.74921875 0.08125 0.109375
7 0.94765625 0.7734375 0.05859375 0.13203125
7 0.77421875 0.7515625 0.05234375 0.11796875
12 0.696875 0.71953125 0.06796875 0.078125
12 0.61953125 0.721875 0.06015625 0.065625
13 0.60390625 0.7046875 0.03828125 0.1015625
13 0.5328125 0.21640625 0.10625 0.04140625
14 0.6921875 0.66484375 0.1046875 0.034375
14 0.70078125 0.79453125 0.084375 0.07421875
15 0.73671875 0.63515625 0.0890625 0.0546875
15 0.32421875 0.12734375 0.1 0.03828125
16 0.66171875 0.1265625 0.04921875 0.08515625
16 0.75234375 0.74609375 0.0859375 0.065625
17 0.5703125 0.1125 0.06953125 0.065625
17 0.234375 0.6734375 0.06640625 0.04921875
18 0.653125 0.70078125 0.03828125 0.0578125
18 0.6546875 0.19453125 0.04140625 0.06328125
19 0.55625 0.70390625 0.06328125 0.04375
19 0.56640625 0.71171875 0.04921875 0.046875
20 0.753125 0.90703125 0.05703125 0.04375
20 0.57421875 0.75625 0.04921875 0.0421875
21 0.5328125 0.759375 0.06328125 0.05078125
21 0.48671875 0.20625 0.04140625 0.053125
22 0.5578125 0.2171875 0.12734375 0.0921875
23 0.5328125 0.80625 0.05703125 0.053125