0 0.46875 0.128125 0.17890625 0.1109375
0 0.67578125 0.140625 0.09921875 0.13984375
1 0.30859375 0.365625 0.06796875 0.1671875
1 0.58359375 0.1390625 0.178125 0.078125
2 0.91015625 0.63984375 0.11796875 0.24375
2 0.42890625 0.31484375 0.11796875 0.1671875
3 0.40546875 0.9 0.1625 0.0796875
3 0.27734375 0.73515625 0.09765625 0.209375
4 0.08046875 0.36484375 0.09453125 0.209375
4 0.63828125 0.51015625 0.04609375 0.2234375
8 0.53984375 0.28359375 0.053125 0.1890625
8 0.41484375 0.11796875 0.115625 0.10546875
9 0.7890625 0.7046875 0.053125 0.2015625
9 0.85078125 0.65390625 0.08984375 0.16875
10 0.5171875 0.3296875 0.05625 0.1578125
10 0.2390625 0.734375 0.08046875 0.15625
11 0.19375 0.45078125 0.0546875 0.16328125
11 0.34921875 0.1265625 0.04375 0.17265625
5 0.34453125 0.79921875 0.08671875 0.1546875
5 0.44453125 0.39609375 0.06015625 0.1671875
6 0.621875 0.88984375 0.11015625 0.09609375
6 0.25 0.4765625 0.05390625 0.15234375
7 0.57890625 0.26171875 0.075 0.12734375
7 0.9203125 0.70078125 0.09765625 0.13671875
12 0.39375 0.30078125 0.05703125 0.1109375
12 0.6828125 0.76328125 0.0671875 0.1234375
13 0.42109375 0.20078125 0.07109375 0.08515625
13 0.7046875 0.7453125 0.05703125 0.11640625
14 0.6703125 0.3953125 0.05078125 0.1328125
14 0.26484375 0.26796875 0.03984375 0.121875
15 0.4953125 0.5171875 0.04140625 0.13671875
15 0.4734375 0.8265625 0.040625 0.10703125
16 0.19921875 0.36875 0.06796875 0.0796875
16 0.2390625 0.578125 0.0734375 0.07265625
17 0.5984375 0.19609375 0.06484375 0.06875
17 0.44609375 0.8046875 0.03984375 0.121875
18 0.6140625 0.37421875 0.05078125 0.0984375
18 0.34140625 0.44375 0.05078125 0.0984375
19 0.29765625 0.640625 0.04609375 0.10390625
19 0.78359375 0.7953125 0.06171875 0.0890625
20 0.4859375 0.4203125 0.053125 0.0578125
20 0.23984375 0.30546875 0.04296875 0.06171875
21 0.47109375 0.31171875 0.05859375 0.05234375
21 0.49765625 0.88671875 0.03515625 0.0890625
22 0.89296875 0.5671875 0.08671875 0.1671875
23 0.19140625 0.67265625 0.0359375 0.08359375