0 0.21484375 0.721875 0.21953125 0.1671875
0 0.59296875 0.41640625 0.1078125 0.359375
1 0.81953125 0.296875 0.165625 0.17109375
1 0.36171875 0.9140625 0.3171875 0.1171875
2 0.55 0.4625 0.228125 0.11328125
2 0.59140625 0.2359375 0.1484375 0.2515625
3 0.87734375 0.18828125 0.146875 0.2078125
3 0.4359375 0.25859375 0.121875 0.24453125
4 0.30859375 0.1375 0.17421875 0.17890625
4 0.56484375 0.67890625 0.1234375 0.2234375
8 0.496875 0.909375 0.21953125 0.0765625
8 0.309375 0.746875 0.21640625 0.109375
9 0.39375 0.5578125 0.20234375 0.0765625
9 0.4390625 0.096875 0.17578125 0.11328125
10 0.2640625 0.184375 0.13671875 0.1421875
10 0.496875 0.734375 0.16875 0.0921875
11 0.8109375 0.4140625 0.0671875 0.190625
11 0.3140625 0.31328125 0.1046875 0.18046875
5 0.34296875 0.6796875 0.1453125 0.12109375
5 0.603125 0.45078125 0.11796875 0.1671875
6 0.15546875 0.421875 0.1015625 0.17109375
6 0.22578125 0.36171875 0.0625 0.18828125
7 0.05625 0.5484375 0.1125 0.184375
7 0.721875 0.4125 0.07578125 0.1828125
12 0.153125 0.328125 0.0828125 0.13671875
12 0.67265625 0.525 0.08125 0.1265625
13 0.7125 0.5609375 0.1046875 0.13671875
13 0.37578125 0.25390625 0.1265625 0.0765625
14 0.65390625 0.68828125 0.1015625 0.11953125
14 0.7 0.84296875 0.1296875 0.07109375
15 0.42421875 0.8359375 0.0875 0.0984375
15 0.56875 0.8171875 0.11015625 0.06953125
16 0.69921875 0.2953125 0.1015625 0.10546875
16 0.6578125 0.3734375 0.1 0.06171875
17 0.0609375 0.3015625 0.07734375 0.1078125
17 0.13984375 0.51328125 0.05390625 0.115625
18 0.67890625 0.46328125 0.05078125 0.08046875
18 0.32265625 0.4265625 0.0671875 0.08046875
19 0.496875 0.646875 0.08125 0.07890625
19 0.72578125 0.8859375 0.0859375 0.07109375
20 0.59453125 0.58359375 0.05078125 0.0828125
20 0.24296875 0.35546875 0.05078125 0.06171875
21 0.4109375 0.6515625 0.0796875 0.05390625
21 0.2734375 0.33828125 0.07734375 0.05390625
22 0.35234375 0.4859375 0.1875 0.07890625
23 0.23984375 0.6453125 0.05078125 0.090625