0 0.72265625 0.709375 0.13125 0.26875
0 0.5515625 0.4765625 0.17421875 0.175
1 0.58984375 0.7703125 0.078125 0.26875
1 0.20234375 0.57421875 0.159375 0.1578125
2 0.74765625 0.3859375 0.14140625 0.0859375
2 0.58203125 0.484375 0.13359375 0.146875
3 0.784375 0.76640625 0.0421875 0.2265625
3 0.7671875 0.153125 0.08359375 0.21875
4 0.73828125 0.61640625 0.13203125 0.11640625
4 0.753125 0.846875 0.04375 0.215625
8 0.2703125 0.53359375 0.06484375 0.17109375
8 0.72265625 0.721875 0.0328125 0.2015625
9 0.45078125 0.38203125 0.07421875 0.184375
9 0.72734375 0.27421875 0.10703125 0.121875
10 0.04921875 0.55703125 0.04609375 0.18125
10 0.29453125 0.54921875 0.10234375 0.08203125
11 0.5609375 0.78359375 0.078125 0.1125
11 0.60234375 0.29296875 0.1015625 0.0796875
5 0.7015625 0.475 0.08515625 0.13515625
5 0.82734375 0.2578125 0.0671875 0.1578125
6 0.87109375 0.3734375 0.0640625 0.175
6 0.81640625 0.43828125 0.04921875 0.15625
7 0.50625 0.60703125 0.06953125 0.146875
7 0.9265625 0.5578125 0.10859375 0.07265625
12 0.73125 0.309375 0.078125 0.1203125
12 0.453125 0.22578125 0.08359375 0.08984375
13 0.50859375 0.37890625 0.06875 0.1140625
13 0.6375 0.4796875 0.06484375 0.0875
14 0.915625 0.49921875 0.06953125 0.11015625
14 0.659375 0.4125 0.0640625 0.10859375
15 0.6828125 0.2796875 0.06640625 0.09140625
15 0.88046875 0.19453125 0.04140625 0.12578125
16 0.87421875 0.621875 0.07890625 0.0859375
16 0.4515625 0.48671875 0.05625 0.096875
17 0.9265625 0.66171875 0.04609375 0.10859375
17 0.08515625 0.56953125 0.06484375 0.07265625
18 0.13125 0.48828125 0.06640625 0.059375
18 0.79453125 0.21640625 0.04375 0.06640625
19 0.775 0.5421875 0.05546875 0.08984375
19 0.4296875 0.54609375 0.05546875 0.08203125
20 0.75234375 0.559375 0.046875 0.0703125
20 0.68125 0.71171875 0.034375 0.08203125
21 0.83984375 0.215625 0.05390625 0.07265625
21 0.62890625 0.59296875 0.0390625 0.0859375
22 0.66484375 0.6859375 0.08046875 0.15234375
23 0.546875 0.3625 0.034375 0.09296875