0 0.3734375 0.53125 0.3296875 0.12734375
0 0.30625 0.5 0.1453125 0.165625
1 0.43671875 0.47109375 0.134375 0.2515625
1 0.1765625 0.5484375 0.16484375 0.1734375
2 0.6765625 0.39296875 0.2796875 0.0796875
2 0.57578125 0.7203125 0.11328125 0.12421875
3 0.725 0.45234375 0.1515625 0.20234375
3 0.28125 0.240625 0.26796875 0.0921875
4 0.5515625 0.32734375 0.1265625 0.1796875
4 0.40390625 0.85859375 0.08046875 0.20859375
8 0.86875 0.46171875 0.12421875 0.1875
8 0.65234375 0.509375 0.21640625 0.10703125
9 0.71875 0.6578125 0.1109375 0.18125
9 0.596875 0.67265625 0.1625 0.14296875
10 0.4703125 0.7578125 0.178125 0.11328125
10 0.50390625 0.12578125 0.1609375 0.146875
11 0.77109375 0.76875 0.15546875 0.13515625
11 0.796875 0.45078125 0.08828125 0.171875
5 0.25078125 0.70703125 0.19921875 0.0859375
5 0.51640625 0.41875 0.14765625 0.0765625
6 0.47890625 0.2984375 0.1453125 0.0875
6 0.365625 0.63828125 0.16875 0.13203125
7 0.54765625 0.484375 0.1265625 0.13828125
7 0.11953125 0.528125 0.11328125 0.10859375
12 0.12578125 0.40078125 0.0671875 0.13359375
12 0.4671875 0.14375 0.1796875 0.06875
13 0.4421875 0.2421875 0.1453125 0.0984375
13 0.428125 0.878125 0.15546875 0.08125
14 0.62265625 0.46640625 0.06484375 0.11640625
14 0.5140625 0.9109375 0.1515625 0.0796875
15 0.109375 0.31875 0.1265625 0.0984375
15 0.728125 0.33125 0.1453125 0.05234375
16 0.24453125 0.39921875 0.1015625 0.103125
16 0.49296875 0.82421875 0.1359375 0.05078125
17 0.546875 0.8609375 0.1203125 0.071875
17 0.84375 0.7640625 0.08984375 0.1015625
18 0.49296875 0.484375 0.1015625 0.0640625
18 0.53828125 0.7640625 0.09609375 0.0703125
19 0.3203125 0.84453125 0.08046875 0.09375
19 0.8078125 0.6765625 0.10546875 0.0703125
20 0.5578125 0.55546875 0.0921875 0.04609375
20 0.3671875 0.84765625 0.06328125 0.065625
21 0.61484375 0.61015625 0.08828125 0.0671875
21 0.7203125 0.37109375 0.0765625 0.06171875
22 0.6640625 0.2453125 0.1359375 0.15
22 0.35 0.2703125 0.1625 0.12890625