0 0.12265625 0.46484375 0.125 0.2375
0 0.4140625 0.4328125 0.1328125 0.26796875
1 0.11328125 0.7375 0.046875 0.32265625
1 0.4609375 0.4625 0.10703125 0.2609375
2 0.715625 0.4671875 0.13046875 0.1578125
2 0.38203125 0.1625 0.0953125 0.20234375
3 0.86171875 0.57421875 0.0890625 0.20703125
3 0.221875 0.3625 0.1484375 0.10390625
4 0.1375 0.70390625 0.0375 0.24921875
4 0.69453125 0.64921875 0.06796875 0.24921875
8 0.0640625 0.48125 0.1171875 0.1390625
8 0.3671875 0.615625 0.0796875 0.1671875
9 0.315625 0.21328125 0.13203125 0.1296875
9 0.059375 0.6859375 0.06953125 0.228125
10 0.2078125 0.80625 0.1046875 0.1484375
10 0.72265625 0.6625 0.10546875 0.09140625
11 0.2875 0.5953125 0.06640625 0.18359375
11 0.21640625 0.66953125 0.06171875 0.1203125
5 0.753125 0.57421875 0.08125 0.13203125
5 0.65234375 0.675 0.05390625 0.19765625
6 0.61875 0.309375 0.04921875 0.1953125
6 0.68671875 0.3203125 0.109375 0.11796875
7 0.21953125 0.89609375 0.1125 0.0796875
7 0.78515625 0.53515625 0.05078125 0.1671875
12 0.90390625 0.3390625 0.06171875 0.13203125
12 0.58515625 0.67890625 0.09375 0.07734375
13 0.2953125 0.87421875 0.0546875 0.1578125
13 0.2875 0.15390625 0.0890625 0.08671875
14 0.19609375 0.6 0.09140625 0.0796875
14 0.38515625 0.39609375 0.09375 0.05859375
15 0.52578125 0.4140625 0.0734375 0.10390625
15 0.67421875 0.46796875 0.06640625 0.0890625
16 0.85546875 0.38125 0.04453125 0.13671875
16 0.25390625 0.65078125 0.0328125 0.1625
17 0.9265625 0.3984375 0.04453125 0.125
17 0.8078125 0.40859375 0.05859375 0.115625
18 0.875 0.44609375 0.05078125 0.10625
18 0.2890625 0.40859375 0.05390625 0.08671875
19 0.078125 0.45078125 0.04140625 0.115625
19 0.88828125 0.3015625 0.0375 0.11328125
20 0.76484375 0.4328125 0.05234375 0.0609375
20 0.07890625 0.7203125 0.0453125 0.0796875
21 0.709375 0.78203125 0.05625 0.08671875
21 0.5046875 0.490625 0.06171875 0.07265625
22 0.6953125 0.27421875 0.09765625 0.153125
23 0.44296875 0.26328125 0.05859375 0.065625