0 0.4171875 0.53125 0.19765625 0.13828125
0 0.70390625 0.44609375 0.13671875 0.17734375
1 0.67578125 0.7265625 0.21640625 0.146875
1 0.76875 0.90078125 0.14609375 0.1625
2 0.13359375 0.30625 0.0578125 0.26875
2 0.86875 0.228125 0.11171875 0.17734375
3 0.33046875 0.1171875 0.06796875 0.2125
3 0.83671875 0.8640625 0.0828125 0.2375
4 0.56953125 0.65859375 0.11796875 0.19453125
4 0.8984375 0.7578125 0.16953125 0.109375
8 0.92578125 0.46953125 0.12109375 0.13984375
8 0.3921875 0.0984375 0.1171875 0.1046875
9 0.15859375 0.39921875 0.15078125 0.11875
9 0.86953125 0.1859375 0.08203125 0.23046875
10 0.5671875 0.215625 0.078125 0.1203125
10 0.9296875 0.76796875 0.07578125 0.21953125
11 0.440625 0.2515625 0.078125 0.1625
11 0.559375 0.58203125 0.103125 0.15234375
5 0.403125 0.66015625 0.11484375 0.12734375
5 0.58984375 0.39609375 0.06328125 0.18046875
6 0.0984375 0.44140625 0.1171875 0.146875
6 0.6765625 0.634375 0.06796875 0.1890625
7 0.77265625 0.5890625 0.13203125 0.0921875
7 0.06796875 0.26640625 0.0578125 0.19296875
12 0.48671875 0.72109375 0.10546875 0.0828125
12 0.6546875 0.6546875 0.109375 0.0921875
13 0.38671875 0.42890625 0.09921875 0.09375
13 0.82734375 0.475 0.0953125 0.11484375
14 0.753125 0.578125 0.06953125 0.14375
14 0.56640625 0.56640625 0.0453125 0.14140625
15 0.46328125 0.5171875 0.07578125 0.1203125
15 0.253125 0.065625 0.090625 0.078125
16 0.68125 0.4140625 0.0890625 0.109375
16 0.53515625 0.5875 0.0640625 0.10625
17 0.22109375 0.140625 0.08671875 0.065625
17 0.28984375 0.12265625 0.06640625 0.09375
18 0.39375 0.1953125 0.0578125 0.10078125
18 0.52265625 0.38046875 0.07421875 0.0640625
19 0.6859375 0.29453125 0.059375 0.09375
19 0.17265625 0.45078125 0.07421875 0.06875
20 0.7046875 0.559375 0.0390625 0.09921875
20 0.63671875 0.62578125 0.04375 0.07265625
21 0.859375 0.940625 0.06171875 0.1046875
21 0.49140625 0.61484375 0.05390625 0.0546875
22 0.75 0.246875 0.10703125 0.17890625
22 0.6640625 0.21328125 0.09296875 0.1078125