0 0.4046875 0.8890625 0.209375 0.16171875
0 0.696875 0.35078125 0.215625 0.1875
1 0.52421875 0.434375 0.08828125 0.19921875
1 0.66015625 0.65390625 0.22578125 0.1046875
2 0.725 0.46015625 0.04921875 0.18515625
2 0.359375 0.415625 0.18671875 0.0734375
3 0.56484375 0.5609375 0.0890625 0.14296875
3 0.234375 0.875 0.128125 0.1328125
4 0.84453125 0.65703125 0.1375 0.1453125
4 0.35078125 0.784375 0.17578125 0.06171875
8 0.12890625 0.64765625 0.1609375 0.0796875
8 0.91484375 0.46484375 0.08828125 0.15390625
9 0.26171875 0.8453125 0.125 0.12109375
9 0.2296875 0.68671875 0.1234375 0.08671875
10 0.9203125 0.259375 0.14609375 0.0828125
10 0.22265625 0.3109375 0.0578125 0.14140625
11 0.1328125 0.3203125 0.13046875 0.07109375
11 0.3109375 0.53203125 0.0546875 0.140625
5 0.796875 0.04296875 0.11953125 0.0671875
5 0.8078125 0.4671875 0.0484375 0.13125
6 0.475 0.6703125 0.0671875 0.12578125
6 0.13359375 0.8 0.07734375 0.13515625
7 0.59375 0.78046875 0.06484375 0.115625
7 0.496875 0.47578125 0.14140625 0.04296875
12 0.67265625 0.1984375 0.09375 0.0921875
12 0.67265625 0.73984375 0.04921875 0.10078125
13 0.12890625 0.40234375 0.08671875 0.10078125
13 0.7390625 0.696875 0.10625 0.07890625
14 0.63828125 0.196875 0.08828125 0.0921875
14 0.496875 0.428125 0.11171875 0.04453125
15 0.684375 0.45078125 0.0453125 0.0828125
15 0.40546875 0.3203125 0.06171875 0.0734375
16 0.84765625 0.47734375 0.05234375 0.0921875
16 0.61484375 0.88359375 0.046875 0.10390625
17 0.40390625 0.79609375 0.06171875 0.0828125
17 0.0578125 0.45 0.06328125 0.084375
18 0.64375 0.3140625 0.06328125 0.06953125
18 0.209375 0.39453125 0.0796875 0.0515625
19 0.35625 0.49921875 0.06875 0.06171875
19 0.76640625 0.465625 0.06328125 0.065625
20 0.08984375 0.5359375 0.07265625 0.05390625
20 0.3828125 0.7390625 0.05625 0.04453125
21 0.946875 0.34296875 0.05625 0.06953125
21 0.4171875 0.709375 0.04296875 0.0671875
22 0.5859375 0.3625 0.04921875 0.140625
22 0.2875 0.6171875 0.09375 0.1296875