0 0.4828125 0.6828125 0.103125 0.290625
0 0.4296875 0.7046875 0.1109375 0.2828125
1 0.10625 0.3640625 0.2 0.18046875
1 0.87890625 0.49921875 0.17421875 0.15703125
2 0.41796875 0.87734375 0.0625 0.21953125
2 0.4125 0.68203125 0.07421875 0.2234375
3 0.284375 0.1203125 0.0640625 0.18046875
3 0.6 0.509375 0.1828125 0.115625
4 0.3640625 0.090625 0.11875 0.1125
4 0.06875 0.43984375 0.1375 0.15390625
8 0.1984375 0.32890625 0.10703125 0.165625
8 0.78125 0.71484375 0.1109375 0.1734375
9 0.30234375 0.52734375 0.165625 0.09453125
9 0.27578125 0.13359375 0.11796875 0.12421875
10 0.9078125 0.6515625 0.11875 0.12421875
10 0.7359375 0.63828125 0.14921875 0.07734375
11 0.6203125 0.79296875 0.11875 0.0890625
11 0.38515625 0.4203125 0.11640625 0.07578125
5 0.76171875 0.51640625 0.10625 0.09609375
5 0.615625 0.64921875 0.09375 0.11875
6 0.25234375 0.36640625 0.0546875 0.1375
6 0.5453125 0.54921875 0.14375 0.09921875
7 0.734375 0.82265625 0.13046875 0.07265625
7 0.7125 0.890625 0.1203125 0.12109375
12 0.89765625 0.49296875 0.06171875 0.1359375
12 0.20546875 0.38828125 0.09140625 0.10390625
13 0.5859375 0.728125 0.10859375 0.0515625
13 0.70078125 0.7078125 0.0578125 0.10390625
14 0.865625 0.621875 0.0734375 0.12421875
14 0.50234375 0.05859375 0.10703125 0.04296875
15 0.71484375 0.5359375 0.08125 0.090625
15 0.53359375 0.64921875 0.046875 0.1125
16 0.94296875 0.45546875 0.0640625 0.10546875
16 0.9140625 0.6890625 0.06171875 0.0921875
17 0.64765625 0.82578125 0.06953125 0.084375
17 0.446875 0.48515625 0.065625 0.090625
18 0.2953125 0.3609375 0.03671875 0.07265625
18 0.2875 0.45859375 0.0546875 0.0875
19 0.40703125 0.5109375 0.05390625 0.0796875
19 0.59765625 0.9234375 0.07578125 0.06953125
20 0.359375 0.04453125 0.0578125 0.05
20 0.84921875 0.55234375 0.06953125 0.05
21 0.55546875 0.53203125 0.0546875 0.0625
21 0.36015625 0.509375 0.05078125 0.06796875
22 0.5 0.9109375 0.06953125 0.165625
23 0.19453125 0.4703125 0.0421875 0.06953125