0 0.475 0.26484375 0.30703125 0.1265625
0 0.2390625 0.21796875 0.21953125 0.109375
1 0.425 0.67734375 0.37890625 0.1765625
1 0.5234375 0.6625 0.1671875 0.196875
2 0.31953125 0.5734375 0.05859375 0.28984375
2 0.8734375 0.55703125 0.1828125 0.1921875
3 0.53359375 0.3078125 0.19765625 0.18671875
3 0.1578125 0.3984375 0.2359375 0.103125
4 0.56015625 0.79921875 0.2671875 0.10234375
4 0.74375 0.54140625 0.2453125 0.1125
8 0.15859375 0.45234375 0.14140625 0.146875
8 0.8328125 0.55625 0.2640625 0.0625
9 0.4921875 0.7578125 0.21953125 0.16015625
9 0.33671875 0.87734375 0.1703125 0.09921875
10 0.590625 0.90546875 0.20390625 0.12265625
10 0.44296875 0.8453125 0.13984375 0.1546875
11 0.24609375 0.71875 0.12578125 0.18359375
11 0.73984375 0.509375 0.19609375 0.06875
5 0.54375 0.1375 0.1515625 0.10078125
5 0.6140625 0.63515625 0.05546875 0.2
6 0.52421875 0.1734375 0.20390625 0.08125
6 0.37890625 0.89140625 0.11796875 0.12109375
7 0.70859375 0.6 0.15 0.0890625
7 0.20390625 0.234375 0.11171875 0.18984375
12 0.509375 0.35 0.13671875 0.0671875
12 0.3796875 0.4015625 0.05546875 0.16796875
13 0.69609375 0.43984375 0.153125 0.06015625
13 0.628125 0.35546875 0.11015625 0.0875
14 0.38984375 0.75703125 0.153125 0.0484375
14 0.646875 0.559375 0.10546875 0.0921875
15 0.5453125 0.2875 0.13203125 0.05546875
15 0.303125 0.240625 0.065625 0.134375
16 0.31484375 0.08515625 0.11328125 0.09453125
16 0.23359375 0.08984375 0.12265625 0.10078125
17 0.5765625 0.48828125 0.0984375 0.07890625
17 0.228125 0.51875 0.090625 0.0640625
18 0.56640625 0.584375 0.078125 0.084375
18 0.34375 0.8109375 0.10859375 0.0453125
19 0.46484375 0.275 0.12109375 0.06015625
19 0.12734375 0.28828125 0.11171875 0.0453125
20 0.371875 0.49609375 0.08125 0.065625
20 0.5484375 0.52734375 0.071875 0.05859375
21 0.1734375 0.6609375 0.0734375 0.07734375
21 0.30390625 0.515625 0.0984375 0.06875
22 0.6625 0.15859375 0.12421875 0.14609375
22 0.39921875 0.43671875 0.1859375 0.08046875