0 0.58359375 0.47578125 0.109375 0.228125
0 0.59609375 0.19609375 0.14609375 0.10234375
1 0.67421875 0.43046875 0.16328125 0.14765625
1 0.4515625 0.91484375 0.14453125 0.12890625
2 0.61796875 0.3421875 0.13359375 0.13359375
2 0.08515625 0.38828125 0.1515625 0.07890625
3 0.21328125 0.546875 0.1 0.16328125
3 0.6296875 0.246875 0.09609375 0.11015625
4 0.4984375 0.30390625 0.07734375 0.15546875
4 0.415625 0.09140625 0.11875 0.13515625
8 0.09375 0.2890625 0.065625 0.15078125
8 0.4953125 0.33828125 0.10234375 0.11953125
9 0.51328125 0.471875 0.11171875 0.09765625
9 0.36796875 0.24765625 0.0984375 0.09296875
10 0.703125 0.61171875 0.08359375 0.13515625
10 0.5296875 0.81796875 0.10078125 0.10703125
11 0.73203125 0.34609375 0.11484375 0.05625
11 0.93203125 0.56796875 0.03984375 0.14453125
5 0.575 0.6421875 0.08203125 0.08984375
5 0.56484375 0.21328125 0.0671875 0.11796875
6 0.4421875 0.77578125 0.08125 0.10859375
6 0.79765625 0.5015625 0.0578125 0.12578125
7 0.4859375 0.74296875 0.06953125 0.13984375
7 0.32265625 0.559375 0.109375 0.07265625
12 0.2390625 0.21640625 0.07421875 0.08671875
12 0.22421875 0.35 0.04609375 0.10234375
13 0.62890625 0.73359375 0.065625 0.10546875
13 0.35390625 0.2890625 0.0578125 0.09453125
14 0.3046875 0.103125 0.06484375 0.10234375
14 0.62578125 0.484375 0.08125 0.05625
15 0.47421875 0.8671875 0.053125 0.08984375
15 0.384375 0.67578125 0.07734375 0.07265625
16 0.42109375 0.40546875 0.06484375 0.08828125
16 0.66328125 0.80078125 0.06484375 0.08359375
17 0.54140625 0.85390625 0.0578125 0.06953125
17 0.43515625 0.27421875 0.0515625 0.07734375
18 0.31328125 0.45 0.05078125 0.07578125
18 0.4578125 0.8828125 0.0390625 0.0484375
19 0.4921875 0.56015625 0.05859375 0.0546875
19 0.446875 0.209375 0.05859375 0.053125
20 0.51953125 0.67265625 0.04453125 0.06953125
20 0.50703125 0.70703125 0.0484375 0.0546875
21 0.19765625 0.2484375 0.03984375 0.07265625
21 0.24765625 0.30703125 0.03046875 0.06796875
22 0.26875 0.4296875 0.09140625 0.11796875