0 0.715625 0.21875 0.26015625 0.08828125
0 0.62890625 0.7953125 0.10625 0.1125
1 0.52421875 0.7125 0.1359375 0.17421875
1 0.50390625 0.890625 0.07265625 0.1984375
2 0.35 0.20546875 0.09765625 0.10546875
2 0.434375 0.33828125 0.1203125 0.1921875
3 0.6546875 0.32578125 0.18046875 0.08359375
3 0.840625 0.2234375 0.1484375 0.11015625
4 0.5375 0.49453125 0.0828125 0.16171875
4 0.21640625 0.1359375 0.1109375 0.08828125
8 0.728125 0.55703125 0.11796875 0.1265625
8 0.59765625 0.14765625 0.0515625 0.16640625
9 0.7703125 0.51015625 0.18515625 0.06875
9 0.3265625 0.33671875 0.1484375 0.09140625
10 0.2734375 0.365625 0.0828125 0.10859375
10 0.64453125 0.6921875 0.08671875 0.1109375
11 0.1203125 0.3734375 0.1515625 0.0546875
11 0.5015625 0.7109375 0.11796875 0.078125
5 0.834375 0.3171875 0.11484375 0.10859375
5 0.40234375 0.2796875 0.1203125 0.08359375
6 0.32734375 0.32421875 0.0671875 0.1140625
6 0.9171875 0.08359375 0.08671875 0.1015625
7 0.10078125 0.4453125 0.13984375 0.0609375
7 0.47109375 0.525 0.14453125 0.0578125
12 0.525 0.39296875 0.10390625 0.08125
12 0.19921875 0.4 0.0546875 0.09296875
13 0.303125 0.48671875 0.08515625 0.07265625
13 0.6359375 0.27265625 0.10390625 0.0625
14 0.41796875 0.48828125 0.1109375 0.03359375
14 0.56796875 0.66953125 0.096875 0.03828125
15 0.4109375 0.20078125 0.096875 0.05859375
15 0.38046875 0.4046875 0.09375 0.0484375
16 0.5046875 0.57734375 0.10234375 0.053125
16 0.6375 0.3546875 0.11171875 0.03515625
17 0.29140625 0.54453125 0.04453125 0.07265625
17 0.596875 0.6984375 0.053125 0.06015625
18 0.446875 0.4609375 0.078125 0.0453125
18 0.371875 0.44921875 0.09921875 0.0328125
19 0.25390625 0.41484375 0.06328125 0.05859375
19 0.53515625 0.3421875 0.04453125 0.06796875
20 0.33984375 0.53671875 0.04921875 0.0546875
20 0.56796875 0.37265625 0.0375 0.06328125
21 0.15 0.42265625 0.05859375 0.04296875
21 0.66640625 0.68515625 0.0640625 0.0453125
22 0.825 0.39765625 0.078125 0.08828125
22 0.45546875 0.28515625 0.1625 0.06796875