0 0.63515625 0.4390625 0.103125 0.0828125
0 0.8375 0.1203125 0.1015625 0.13359375
1 0.52265625 0.42109375 0.140625 0.1515625
1 0.91875 0.246875 0.07578125 0.11171875
2 0.73203125 0.275 0.0796875 0.09921875
2 0.740625 0.1109375 0.06875 0.11953125
3 0.8359375 0.26171875 0.0765625 0.15390625
3 0.6734375 0.21953125 0.12109375 0.10859375
4 0.640625 0.39296875 0.11875 0.07734375
4 0.77421875 0.4859375 0.12421875 0.06015625
8 0.42734375 0.9140625 0.13203125 0.1109375
8 0.41640625 0.55546875 0.128125 0.11484375
9 0.73515625 0.3625 0.07421875 0.12109375
9 0.7625 0.209375 0.11953125 0.04453125
10 0.84453125 0.24375 0.09921875 0.0625
10 0.82734375 0.06796875 0.10703125 0.0671875
11 0.66796875 0.48125 0.09375 0.07109375
11 0.7890625 0.328125 0.05078125 0.12578125
5 0.25234375 0.6609375 0.05859375 0.11171875
5 0.9171875 0.15390625 0.065625 0.1375
6 0.603125 0.3359375 0.0578125 0.084375
6 0.79921875 0.15703125 0.06796875 0.0828125
7 0.76953125 0.5203125 0.0828125 0.075
7 0.78203125 0.20859375 0.04609375 0.13125
12 0.825 0.1015625 0.0796875 0.0421875
12 0.6609375 0.3046875 0.07109375 0.0765625
13 0.73359375 0.20234375 0.05078125 0.09140625
13 0.81328125 0.38671875 0.05625 0.0671875
14 0.79453125 0.4140625 0.071875 0.06640625
14 0.81484375 0.3796875 0.07265625 0.0609375
15 0.75546875 0.428125 0.075 0.03828125
15 0.8765625 0.3609375 0.02890625 0.08515625
16 0.90078125 0.13984375 0.07265625 0.08046875
16 0.690625 0.32109375 0.04921875 0.06640625
17 0.909375 0.384375 0.0453125 0.07421875
17 0.7171875 0.35390625 0.0359375 0.0640625
18 0.87265625 0.4484375 0.046875 0.06640625
18 0.8375 0.4328125 0.03203125 0.0609375
19 0.76796875 0.45234375 0.0578125 0.0359375
19 0.853125 0.4453125 0.03359375 0.0671875
20 0.8625 0.30078125 0.02890625 0.0640625
20 0.89296875 0.3765625 0.03671875 0.05703125
21 0.9140625 0.3234375 0.04765625 0.053125
21 0.85390625 0.38046875 0.02578125 0.0703125
22 0.965625 0.30234375 0.04296875 0.1359375
22 0.0578125 0.52578125 0.075 0.07734375