0 0.20546875 0.16015625 0.1328125 0.1953125
0 0.75859375 0.57421875 0.09375 0.21015625
1 0.44375 0.228125 0.22421875 0.12265625
1 0.46171875 0.48359375 0.08515625 0.21953125
2 0.37578125 0.51484375 0.09921875 0.1703125
2 0.42109375 0.253125 0.18671875 0.115625
3 0.41484375 0.5203125 0.19921875 0.053125
3 0.53203125 0.6046875 0.171875 0.0890625
4 0.65625 0.88203125 0.19296875 0.090625
4 0.334375 0.08984375 0.1828125 0.090625
8 0.3484375 0.5921875 0.12421875 0.1109375
8 0.63515625 0.82734375 0.18671875 0.0609375
9 0.25234375 0.1515625 0.159375 0.06796875
9 0.28515625 0.08359375 0.171875 0.07109375
10 0.48203125 0.70234375 0.14296875 0.0828125
10 0.88671875 0.67109375 0.1140625 0.11875
11 0.24765625 0.3328125 0.1265625 0.1140625
11 0.26171875 0.4859375 0.1328125 0.0796875
5 0.6625 0.7328125 0.14296875 0.06796875
5 0.5515625 0.20234375 0.06640625 0.1203125
6 0.5765625 0.50390625 0.09921875 0.109375
6 0.5890625 0.4234375 0.16171875 0.059375
7 0.3140625 0.30234375 0.13515625 0.0796875
7 0.665625 0.63125 0.1453125 0.07578125
12 0.15234375 0.24921875 0.0890625 0.0921875
12 0.4078125 0.5109375 0.06875 0.0921875
13 0.2140625 0.3921875 0.0875 0.10078125
13 0.62421875 0.91953125 0.12421875 0.0609375
14 0.521875 0.5375 0.10546875 0.06953125
14 0.47421875 0.6625 0.11796875 0.053125
15 0.09921875 0.1828125 0.0703125 0.0875
15 0.3890625 0.259375 0.1015625 0.05625
16 0.5609375 0.7125 0.09375 0.0828125
16 0.8609375 0.7375 0.11171875 0.04296875
17 0.453125 0.16640625 0.08515625 0.07421875
17 0.56640625 0.59765625 0.09140625 0.084375
18 0.50625 0.46171875 0.06640625 0.0609375
18 0.84453125 0.7921875 0.0625 0.08125
19 0.57578125 0.26484375 0.07265625 0.07265625
19 0.3390625 0.35546875 0.08515625 0.05625
20 0.90078125 0.79453125 0.0625 0.0578125
20 0.6453125 0.7859375 0.0578125 0.06796875
21 0.27890625 0.21328125 0.08125 0.04609375
21 0.1453125 0.34765625 0.06640625 0.0578125
22 0.40234375 0.29765625 0.1453125 0.0625
22 0.65859375 0.53203125 0.0765625 0.12265625