0 0.646875 0.45078125 0.1359375 0.06953125
0 0.54609375 0.82421875 0.2921875 0.084375
1 0.69140625 0.546875 0.121875 0.159375
1 0.33046875 0.11015625 0.1734375 0.153125
2 0.26015625 0.33515625 0.11171875 0.17421875
2 0.7421875 0.5375 0.23046875 0.06328125
3 0.425 0.44140625 0.1390625 0.14296875
3 0.41640625 0.72421875 0.1015625 0.15078125
4 0.28828125 0.453125 0.17890625 0.09453125
4 0.23359375 0.625 0.1171875 0.146875
8 0.128125 0.45234375 0.16640625 0.11796875
8 0.5265625 0.6390625 0.1875 0.084375
9 0.91640625 0.571875 0.07421875 0.13046875
9 0.6671875 0.909375 0.1046875 0.1359375
10 0.14140625 0.325 0.16328125 0.08203125
10 0.41484375 0.49453125 0.14921875 0.07734375
11 0.896875 0.5015625 0.1 0.10859375
11 0.471875 0.66484375 0.1046875 0.075
5 0.50234375 0.51328125 0.10859375 0.10234375
5 0.23125 0.25859375 0.15625 0.08359375
6 0.825 0.8203125 0.09296875 0.10234375
6 0.790625 0.81171875 0.16875 0.078125
7 0.1703125 0.47109375 0.13046875 0.11171875
7 0.4875 0.66328125 0.09453125 0.13046875
12 0.3734375 0.1828125 0.121875 0.05703125
12 0.60703125 0.746875 0.06328125 0.09609375
13 0.84609375 0.69453125 0.12578125 0.04453125
13 0.440625 0.21875 0.12890625 0.03828125
14 0.35390625 0.30546875 0.13046875 0.065625
14 0.2171875 0.1484375 0.07734375 0.08984375
15 0.6265625 0.89453125 0.1046875 0.07109375
15 0.55703125 0.7125 0.07890625 0.08203125
16 0.2953125 0.6609375 0.1171875 0.0609375
16 0.21015625 0.3296875 0.1046875 0.07578125
17 0.32578125 0.625 0.1046875 0.04453125
17 0.70703125 0.79296875 0.05703125 0.06953125
18 0.76875 0.6828125 0.08046875 0.06015625
18 0.81796875 0.5875 0.06171875 0.06015625
19 0.3203125 0.38515625 0.084375 0.0546875
19 0.76484375 0.81640625 0.065625 0.06875
20 0.5015625 0.571875 0.071875 0.04453125
20 0.6390625 0.23828125 0.07578125 0.04609375
21 0.575 0.61015625 0.0671875 0.0625
21 0.859375 0.6609375 0.071875 0.05078125
22 0.80546875 0.490625 0.1234375 0.071875
22 0.6671875 0.6703125 0.09453125 0.11953125