0 0.6 0.15078125 0.34453125 0.1375
0 0.1375 0.77734375 0.17109375 0.14453125
1 0.52265625 0.23984375 0.15859375 0.17265625
1 0.490625 0.2234375 0.16953125 0.16875
2 0.36171875 0.1609375 0.13203125 0.1375
2 0.71640625 0.7171875 0.18828125 0.1078125
3 0.490625 0.90859375 0.17890625 0.12109375
3 0.67890625 0.71484375 0.15390625 0.15703125
4 0.34453125 0.2 0.26328125 0.109375
4 0.35078125 0.1015625 0.084375 0.13515625
8 0.06171875 0.52265625 0.0703125 0.21953125
8 0.76171875 0.31171875 0.24140625 0.0828125
9 0.76796875 0.41953125 0.18515625 0.109375
9 0.553125 0.32890625 0.18828125 0.06328125
10 0.58984375 0.46328125 0.1140625 0.146875
10 0.31875 0.78359375 0.1234375 0.1546875
11 0.48984375 0.58984375 0.15859375 0.08828125
11 0.1921875 0.665625 0.1234375 0.08203125
5 0.83046875 0.4828125 0.1 0.13125
5 0.17734375 0.27578125 0.0625 0.1546875
6 0.64609375 0.6 0.14765625 0.1015625
6 0.48203125 0.7921875 0.1015625 0.1453125
7 0.20234375 0.875 0.16953125 0.12578125
7 0.45546875 0.25546875 0.18984375 0.0828125
12 0.2890625 0.33359375 0.12734375 0.08046875
12 0.7828125 0.57734375 0.14296875 0.05859375
13 0.33828125 0.2921875 0.13515625 0.09375
13 0.41015625 0.81953125 0.0609375 0.12734375
14 0.653125 0.43984375 0.0703125 0.11796875
14 0.5359375 0.78125 0.12890625 0.0484375
15 0.73671875 0.4296875 0.10625 0.10390625
15 0.26953125 0.3875 0.13515625 0.04296875
16 0.121875 0.340625 0.046875 0.11953125
16 0.75078125 0.53671875 0.075 0.0546875
17 0.60390625 0.815625 0.0734375 0.09375
17 0.23046875 0.275 0.109375 0.05546875
18 0.3015625 0.8328125 0.0890625 0.06875
18 0.12734375 0.47109375 0.065625 0.08828125
19 0.08515625 0.309375 0.0484375 0.09765625
19 0.35234375 0.23671875 0.103125 0.040625
20 0.165625 0.40546875 0.0640625 0.06328125
20 0.2125 0.34375 0.0546875 0.0609375
21 0.1328125 0.2515625 0.0515625 0.06875
21 0.1890625 0.4609375 0.0734375 0.08046875
22 0.88515625 0.29453125 0.15234375 0.08984375
23 0.7453125 0.36875 0.0515625 0.06484375