0 0.734375 0.78125 0.25546875 0.2609375
0 0.634375 0.36875 0.25546875 0.2609375
1 0.50859375 0.25625 0.3609375 0.1796875
1 0.1625 0.61796875 0.22109375 0.21796875
2 0.21875 0.146875 0.26875 0.23125
2 0.9109375 0.72109375 0.1328125 0.27421875
3 0.85703125 0.50859375 0.228125 0.1578125
3 0.83125 0.8484375 0.2109375 0.1765625
4 0.221875 0.3 0.10546875 0.2515625
4 0.2359375 0.690625 0.25703125 0.13671875
8 0.7234375 0.56171875 0.07265625 0.225
8 0.4453125 0.671875 0.2421875 0.11015625
9 0.3953125 0.60234375 0.1609375 0.14609375
9 0.73828125 0.603125 0.23984375 0.12109375
10 0.4546875 0.4046875 0.1265625 0.17265625
10 0.82421875 0.4046875 0.13984375 0.16640625
11 0.26015625 0.2359375 0.228125 0.06640625
11 0.6875 0.503125 0.20703125 0.06796875
5 0.54609375 0.35390625 0.20546875 0.11484375
5 0.44140625 0.4015625 0.184375 0.0984375
6 0.58671875 0.85703125 0.0828125 0.18671875
6 0.65625 0.8453125 0.14609375 0.17265625
7 0.453125 0.8328125 0.1921875 0.128125
7 0.540625 0.49765625 0.17109375 0.1296875
12 0.21875 0.58515625 0.1609375 0.0546875
12 0.146875 0.42734375 0.17109375 0.06015625
13 0.1734375 0.49140625 0.175 0.06171875
13 0.5390625 0.225 0.1765625 0.103125
14 0.70625 0.3859375 0.1109375 0.1328125
14 0.29453125 0.328125 0.15546875 0.06328125
15 0.684375 0.80078125 0.1171875 0.09453125
15 0.82734375 0.62265625 0.134375 0.06015625
16 0.59296875 0.64921875 0.0921875 0.11640625
16 0.29453125 0.28515625 0.14375 0.0484375
17 0.3515625 0.40546875 0.1 0.09453125
17 0.80234375 0.73828125 0.1265625 0.08125
18 0.6234375 0.73828125 0.1109375 0.0546875
18 0.55 0.42109375 0.109375 0.05
19 0.42421875 0.503125 0.09609375 0.06171875
19 0.59375 0.54296875 0.11328125 0.0515625
20 0.315625 0.38203125 0.09375 0.06796875
20 0.44453125 0.47421875 0.0828125 0.05625
21 0.4703125 0.60625 0.10390625 0.0546875
21 0.3640625 0.47109375 0.08984375 0.06328125
22 0.7640625 0.684375 0.2 0.071875
23 0.38359375 0.52578125 0.08046875 0.06015625