0 0.26171875 0.69921875 0.17734375 0.16015625
0 0.42890625 0.3515625 0.140625 0.30390625
1 0.4453125 0.7078125 0.15546875 0.24921875
1 0.3484375 0.32734375 0.16328125 0.23515625
2 0.24453125 0.14921875 0.16640625 0.10703125
2 0.159375 0.22890625 0.196875 0.10859375
3 0.421875 0.165625 0.10390625 0.12421875
3 0.47890625 0.43515625 0.17421875 0.13671875
4 0.646875 0.61953125 0.059375 0.21015625
4 0.340625 0.53125 0.0703125 0.2046875
8 0.51796875 0.2875 0.1265625 0.18359375
8 0.453125 0.4875 0.0828125 0.203125
9 0.6390625 0.5015625 0.17109375 0.0640625
9 0.8046875 0.709375 0.1890625 0.0625
10 0.5234375 0.63046875 0.11875 0.14375
10 0.7640625 0.60703125 0.075 0.1671875
11 0.6140625 0.803125 0.146875 0.0796875
11 0.8515625 0.60234375 0.134375 0.1046875
5 0.60390625 0.43515625 0.1296875 0.10859375
5 0.840625 0.5921875 0.1234375 0.13515625
6 0.5640625 0.3703125 0.1421875 0.078125
6 0.58203125 0.35078125 0.0546875 0.17109375
7 0.37890625 0.34453125 0.1375 0.09453125
7 0.56796875 0.31171875 0.146875 0.06015625
12 0.22734375 0.659375 0.08984375 0.12265625
12 0.21953125 0.66640625 0.121875 0.10859375
13 0.67578125 0.359375 0.1234375 0.07109375
13 0.48046875 0.7875 0.09140625 0.11171875
14 0.396875 0.603125 0.11484375 0.0640625
14 0.32109375 0.4 0.059375 0.13203125
15 0.91171875 0.81484375 0.0828125 0.1140625
15 0.571875 0.75 0.09140625 0.09453125
16 0.61171875 0.61328125 0.04609375 0.1296875
16 0.59375 0.91796875 0.10234375 0.08515625
17 0.6953125 0.646875 0.08125 0.09453125
17 0.38828125 0.2265625 0.04921875 0.10859375
18 0.6828125 0.453125 0.0796875 0.0765625
18 0.5703125 0.665625 0.075 0.08203125
19 0.77265625 0.459375 0.08984375 0.06015625
19 0.628125 0.8671875 0.05625 0.0875
20 0.515625 0.70390625 0.059375 0.06953125
20 0.78828125 0.3640625 0.071875 0.05859375
21 0.696875 0.865625 0.078125 0.065625
21 0.7 0.546875 0.06875 0.08359375
22 0.28203125 0.5109375 0.065625 0.17421875
23 0.809375 0.42734375 0.0640625 0.0640625