0 0.53828125 0.16328125 0.12578125 0.14296875
0 0.32421875 0.43984375 0.2203125 0.15
1 0.67578125 0.30859375 0.1859375 0.17578125
1 0.22265625 0.625 0.115625 0.2171875
2 0.934375 0.3640625 0.1078125 0.221875
2 0.37890625 0.07421875 0.20546875 0.059375
3 0.759375 0.56875 0.1515625 0.14765625
3 0.471875 0.7140625 0.17421875 0.07890625
4 0.31796875 0.309375 0.08671875 0.17109375
4 0.23125 0.1390625 0.08828125 0.1890625
8 0.603125 0.715625 0.103125 0.17421875
8 0.60546875 0.771875 0.08359375 0.11015625
9 0.615625 0.24296875 0.0765625 0.1625
9 0.17109375 0.42890625 0.15859375 0.065625
10 0.309375 0.87265625 0.1390625 0.0875
10 0.41484375 0.29375 0.115625 0.11015625
11 0.60234375 0.89296875 0.13203125 0.08515625
11 0.6640625 0.3125 0.078125 0.14140625
5 0.6375 0.5875 0.1109375 0.13125
5 0.1796875 0.41171875 0.065625 0.159375
6 0.21875 0.09140625 0.09921875 0.13984375
6 0.53125 0.60859375 0.1390625 0.059375
7 0.2078125 0.76171875 0.109375 0.11875
7 0.28515625 0.70234375 0.065625 0.13828125
12 0.23125 0.25859375 0.109375 0.065625
12 0.46328125 0.14375 0.1046875 0.090625
13 0.25 0.3234375 0.1015625 0.0640625
13 0.3984375 0.2 0.06484375 0.11640625
14 0.37890625 0.659375 0.08515625 0.10234375
14 0.36796875 0.1109375 0.1125 0.05390625
15 0.06328125 0.421875 0.078125 0.08359375
15 0.7671875 0.4203125 0.08828125 0.08046875
16 0.3296875 0.70703125 0.078125 0.0890625
16 0.353125 0.73671875 0.06171875 0.10546875
17 0.46484375 0.303125 0.08671875 0.0578125
17 0.296875 0.57109375 0.04765625 0.0984375
18 0.49375 0.665625 0.0671875 0.07734375
18 0.71640625 0.3640625 0.065625 0.07421875
19 0.29765625 0.921875 0.0828125 0.0640625
19 0.4515625 0.61796875 0.075 0.04765625
20 0.3484375 0.2921875 0.06171875 0.05078125
20 0.52421875 0.56328125 0.05546875 0.07421875
21 0.33203125 0.26015625 0.04609375 0.065625
21 0.60234375 0.41015625 0.071875 0.05078125
22 0.58984375 0.84375 0.13359375 0.08515625
22 0.14375 0.29375 0.1078125 0.0875