0 0.60546875 0.7734375 0.32109375 0.221875
0 0.46484375 0.303125 0.1078125 0.33046875
1 0.25234375 0.66640625 0.28359375 0.21328125
1 0.64765625 0.82890625 0.1515625 0.24453125
2 0.909375 0.390625 0.10234375 0.340625
2 0.41953125 0.740625 0.11640625 0.16953125
3 0.6390625 0.21328125 0.2375 0.1890625
3 0.62421875 0.728125 0.25234375 0.12734375
4 0.74609375 0.30625 0.2390625 0.09453125
4 0.35859375 0.1546875 0.11953125 0.1796875
8 0.41640625 0.20859375 0.184375 0.1484375
8 0.64609375 0.6 0.13125 0.15390625
9 0.82734375 0.12734375 0.21484375 0.13984375
9 0.821875 0.23671875 0.2 0.13828125
10 0.16796875 0.20078125 0.1890625 0.1609375
10 0.75078125 0.396875 0.11640625 0.1046875
11 0.51640625 0.58515625 0.1859375 0.134375
11 0.63671875 0.1296875 0.11953125 0.08359375
5 0.3453125 0.44375 0.1484375 0.175
5 0.57109375 0.640625 0.1828125 0.1203125
6 0.30703125 0.859375 0.09921875 0.2078125
6 0.27109375 0.79296875 0.21484375 0.0859375
7 0.121875 0.36171875 0.19296875 0.146875
7 0.56328125 0.46484375 0.18125 0.06328125
12 0.74296875 0.4453125 0.15546875 0.11015625
12 0.7015625 0.26171875 0.1265625 0.09296875
13 0.75703125 0.515625 0.12421875 0.146875
13 0.4796875 0.41484375 0.0515625 0.159375
14 0.66015625 0.44296875 0.0515625 0.1796875
14 0.7078125 0.15546875 0.0578125 0.13671875
15 0.64453125 0.24453125 0.090625 0.12578125
15 0.52578125 0.903125 0.11640625 0.0859375
16 0.78359375 0.18984375 0.075 0.15234375
16 0.528125 0.56875 0.15546875 0.11015625
17 0.68203125 0.815625 0.13125 0.07890625
17 0.83515625 0.5609375 0.06640625 0.13671875
18 0.74921875 0.62265625 0.06796875 0.11171875
18 0.46484375 0.63984375 0.1109375 0.04921875
19 0.31875 0.3921875 0.10546875 0.0578125
19 0.2984375 0.5578125 0.09921875 0.0703125
20 0.371875 0.33125 0.08203125 0.0890625
20 0.61953125 0.3703125 0.06171875 0.08046875
21 0.63671875 0.6109375 0.075 0.06796875
21 0.546875 0.41875 0.08671875 0.05390625
22 0.559375 0.22109375 0.11953125 0.1171875
22 0.39140625 0.1546875 0.12109375 0.1796875