0 0.54609375 0.1203125 0.1828125 0.19140625
0 0.35859375 0.25546875 0.225 0.13203125
1 0.3875 0.2 0.20234375 0.07890625
1 0.46875 0.64921875 0.09140625 0.1828125
2 0.28671875 0.7296875 0.19453125 0.090625
2 0.48125 0.56015625 0.16796875 0.11875
3 0.3875 0.809375 0.15703125 0.11640625
3 0.5921875 0.490625 0.17109375 0.07421875
4 0.6296875 0.36640625 0.075 0.16171875
4 0.215625 0.2765625 0.05078125 0.1484375
8 0.78125 0.48984375 0.1828125 0.05546875
8 0.3296875 0.59296875 0.16171875 0.07421875
9 0.38515625 0.67578125 0.078125 0.13125
9 0.3359375 0.34921875 0.140625 0.090625
10 0.49453125 0.7140625 0.09296875 0.1171875
10 0.5125 0.6046875 0.1140625 0.084375
11 0.225 0.271875 0.140625 0.06640625
11 0.65625 0.5421875 0.1484375 0.04609375
5 0.521875 0.23515625 0.09296875 0.11875
5 0.2625 0.1609375 0.08359375 0.1140625
6 0.15390625 0.3375 0.12734375 0.071875
6 0.3640625 0.55078125 0.13828125 0.03828125
7 0.33203125 0.2734375 0.11875 0.07890625
7 0.34296875 0.11328125 0.06875 0.1171875
12 0.46484375 0.35 0.1109375 0.046875
12 0.34921875 0.71640625 0.08359375 0.0828125
13 0.703125 0.46015625 0.1109375 0.04296875
13 0.14453125 0.2453125 0.04921875 0.090625
14 0.8953125 0.9125 0.05703125 0.09609375
14 0.31171875 0.3125 0.0453125 0.0875
15 0.2515625 0.54921875 0.08125 0.07578125
15 0.3984375 0.3703125 0.04765625 0.08515625
16 0.3421875 0.40546875 0.06328125 0.0765625
16 0.7265625 0.4125 0.10078125 0.0640625
17 0.08515625 0.19765625 0.071875 0.06640625
17 0.3328125 0.82421875 0.08984375 0.034375
18 0.37109375 0.43359375 0.0703125 0.05546875
18 0.31796875 0.4828125 0.05390625 0.05546875
19 0.79453125 0.45546875 0.08125 0.040625
19 0.425 0.67421875 0.05546875 0.065625
20 0.4875 0.44453125 0.071875 0.03828125
20 0.50859375 0.56640625 0.05390625 0.04609375
21 0.26171875 0.32578125 0.0671875 0.0359375
21 0.3765625 0.4890625 0.078125 0.03828125
22 0.8578125 0.86640625 0.06875 0.1359375
22 0.5578125 0.44375 0.146875 0.08671875