0 0.24296875 0.5125 0.065625 0.26328125
0 0.51640625 0.4421875 0.1 0.16484375
1 0.2859375 0.4359375 0.18359375 0.08515625
1 0.3515625 0.78046875 0.05625 0.24453125
2 0.4625 0.628125 0.10546875 0.14375
2 0.57265625 0.43828125 0.13359375 0.06015625
3 0.43671875 0.821875 0.071875 0.1640625
3 0.25234375 0.7734375 0.121875 0.1046875
4 0.84765625 0.4828125 0.13125 0.06640625
4 0.2671875 0.8015625 0.0734375 0.18359375
8 0.2671875 0.6828125 0.08984375 0.13671875
8 0.578125 0.82109375 0.05078125 0.19375
9 0.4109375 0.72265625 0.1015625 0.071875
9 0.71171875 0.82578125 0.11015625 0.06484375
10 0.959375 0.11328125 0.07890625 0.14375
10 0.0390625 0.43203125 0.04296875 0.1625
11 0.40078125 0.371875 0.0734375 0.1234375
11 0.165625 0.6015625 0.0484375 0.1390625
5 0.4859375 0.83671875 0.0484375 0.1390625
5 0.5 0.91875 0.1015625 0.06171875
6 0.80625 0.6828125 0.10234375 0.06015625
6 0.43125 0.5671875 0.05859375 0.1203125
7 0.1484375 0.55 0.053125 0.15546875
7 0.6828125 0.646875 0.040625 0.13828125
12 0.12578125 0.46640625 0.04765625 0.128125
12 0.365625 0.5859375 0.0703125 0.08359375
13 0.23359375 0.496875 0.071875 0.0921875
13 0.62265625 0.74921875 0.04609375 0.1078125
14 0.72578125 0.76171875 0.06640625 0.0859375
14 0.4265625 0.4609375 0.0578125 0.09453125
15 0.72578125 0.6359375 0.04609375 0.09921875
15 0.26875 0.9578125 0.07421875 0.07890625
16 0.1921875 0.62421875 0.04765625 0.09375
16 0.5046875 0.4578125 0.0578125 0.0875
17 0.6265625 0.5375 0.06328125 0.071875
17 0.56953125 0.36484375 0.03203125 0.09765625
18 0.509375 0.63359375 0.046875 0.06875
18 0.553125 0.596875 0.05390625 0.04765625
19 0.51484375 0.5453125 0.0484375 0.06484375
19 0.08671875 0.46953125 0.0578125 0.04296875
20 0.49921875 0.72265625 0.05078125 0.0515625
20 0.4671875 0.49140625 0.0453125 0.04609375
21 0.20625 0.68515625 0.03515625 0.07734375
21 0.70703125 0.7875 0.046875 0.04921875
22 0.72734375 0.69453125 0.0703125 0.128125
22 0.49921875 0.82734375 0.11328125 0.06875