0 0.20703125 0.37578125 0.18515625 0.1203125
0 0.12734375 0.67890625 0.1234375 0.09921875
1 0.47890625 0.23125 0.153125 0.16015625
1 0.12578125 0.53515625 0.17109375 0.15546875
2 0.87578125 0.5 0.1359375 0.15234375
2 0.840625 0.29296875 0.19375 0.0765625
3 0.60234375 0.72734375 0.0984375 0.16171875
3 0.6265625 0.06484375 0.17734375 0.09296875
4 0.6375 0.646875 0.14296875 0.1109375
4 0.48984375 0.24453125 0.1328125 0.14140625
8 0.3453125 0.21328125 0.14140625 0.13125
8 0.459375 0.61171875 0.14765625 0.08671875
9 0.25234375 0.87890625 0.17109375 0.08046875
9 0.39296875 0.65 0.08515625 0.16953125
10 0.740625 0.815625 0.13984375 0.10078125
10 0.25 0.5765625 0.13671875 0.0578125
11 0.90390625 0.5890625 0.0703125 0.1296875
11 0.26796875 0.62734375 0.13125 0.059375
5 0.63515625 0.8484375 0.11015625 0.1203125
5 0.59375 0.45859375 0.0671875 0.125
6 0.53046875 0.515625 0.125 0.08046875
6 0.79609375 0.446875 0.128125 0.09453125
7 0.66953125 0.43984375 0.1015625 0.09296875
7 0.6828125 0.61640625 0.13671875 0.078125
12 0.35390625 0.5046875 0.11484375 0.0609375
12 0.56875 0.30546875 0.08515625 0.078125
13 0.67890625 0.29140625 0.04921875 0.10390625
13 0.21484375 0.759375 0.1046875 0.08828125
14 0.50234375 0.8796875 0.0890625 0.109375
14 0.51875 0.42578125 0.1046875 0.075
15 0.7453125 0.24296875 0.07421875 0.08984375
15 0.1484375 0.325 0.08515625 0.08203125
16 0.23515625 0.75859375 0.0984375 0.09609375
16 0.50546875 0.3796875 0.071875 0.08203125
17 0.71015625 0.37421875 0.08203125 0.0625
17 0.1515625 0.5265625 0.0375 0.08671875
18 0.80234375 0.71171875 0.08515625 0.0578125
18 0.3578125 0.925 0.08359375 0.0734375
19 0.69765625 0.6125 0.05390625 0.07890625
19 0.50625 0.678125 0.0609375 0.0765625
20 0.42734375 0.48203125 0.05078125 0.0703125
20 0.309375 0.1078125 0.0640625 0.0625
21 0.25625 0.68515625 0.059375 0.065625
21 0.33046875 0.47421875 0.0671875 0.04296875
22 0.29375 0.42265625 0.11015625 0.1171875
22 0.82734375 0.4765625 0.1046875 0.10859375