0 0.746875 0.8078125 0.1375 0.1671875
0 0.43984375 0.134375 0.2515625 0.21171875
1 0.334375 0.321875 0.14921875 0.1515625
1 0.41171875 0.9 0.21484375 0.165625
2 0.86796875 0.4921875 0.10625 0.2171875
2 0.3765625 0.66484375 0.16328125 0.16171875
3 0.65390625 0.4390625 0.17265625 0.1203125
3 0.51015625 0.09921875 0.1671875 0.153125
4 0.73203125 0.64453125 0.053125 0.2046875
4 0.6328125 0.75703125 0.06953125 0.19453125
8 0.6328125 0.32890625 0.18046875 0.07421875
8 0.859375 0.43828125 0.15859375 0.12421875
9 0.7984375 0.825 0.134375 0.1328125
9 0.87734375 0.3203125 0.18515625 0.10625
10 0.74609375 0.284375 0.1578125 0.09453125
10 0.61796875 0.10703125 0.0953125 0.103125
11 0.559375 0.84609375 0.05546875 0.15625
11 0.3484375 0.215625 0.13203125 0.0984375
5 0.4046875 0.69609375 0.1171875 0.11328125
5 0.475 0.4078125 0.11796875 0.0890625
6 0.73671875 0.70390625 0.14140625 0.0859375
6 0.10234375 0.4984375 0.17265625 0.08984375
7 0.59921875 0.6046875 0.1171875 0.1328125
7 0.35625 0.88203125 0.1359375 0.1359375
12 0.275 0.75390625 0.05546875 0.134375
12 0.684375 0.65625 0.0640625 0.1328125
13 0.49296875 0.2578125 0.103125 0.09765625
13 0.20546875 0.66875 0.0625 0.1359375
14 0.440625 0.7625 0.053125 0.1171875
14 0.72265625 0.3765625 0.14140625 0.04609375
15 0.25703125 0.6140625 0.10078125 0.053125
15 0.9078125 0.35390625 0.084375 0.0703125
16 0.378125 0.58203125 0.09921875 0.07734375
16 0.83828125 0.72421875 0.08984375 0.08125
17 0.47421875 0.61015625 0.0546875 0.08984375
17 0.28125 0.6828125 0.10078125 0.05546875
18 0.4296875 0.4796875 0.07578125 0.0640625
18 0.35078125 0.4984375 0.06015625 0.08984375
19 0.23671875 0.4140625 0.07890625 0.09609375
19 0.290625 0.6453125 0.08671875 0.0484375
20 0.63984375 0.40234375 0.06015625 0.0546875
20 0.403125 0.65703125 0.0609375 0.071875
21 0.79453125 0.60625 0.06796875 0.0828125
21 0.44609375 0.44140625 0.08046875 0.053125
22 0.40859375 0.53671875 0.15234375 0.09140625
22 0.6640625 0.88359375 0.1265625 0.0875