0 0.3359375 0.88984375 0.2015625 0.1875
0 0.69296875 0.18671875 0.23203125 0.1421875
1 0.6421875 0.62734375 0.19296875 0.20078125
1 0.1140625 0.7546875 0.165625 0.1859375
2 0.8015625 0.30078125 0.1984375 0.12734375
2 0.87890625 0.3671875 0.15859375 0.18203125
3 0.39140625 0.12109375 0.15234375 0.121875
3 0.71484375 0.49765625 0.19765625 0.08515625
4 0.421875 0.4046875 0.14375 0.20390625
4 0.7234375 0.178125 0.18515625 0.1921875
8 0.25 0.6734375 0.08984375 0.1453125
8 0.4 0.5 0.07890625 0.17734375
9 0.14765625 0.5078125 0.1375 0.20234375
9 0.6171875 0.71796875 0.07734375 0.22578125
10 0.3703125 0.3828125 0.11796875 0.1375
10 0.20234375 0.50078125 0.11796875 0.1859375
11 0.33125 0.3296875 0.11796875 0.1171875
11 0.5296875 0.15703125 0.178125 0.1
5 0.1984375 0.5625 0.15546875 0.1390625
5 0.4703125 0.25546875 0.171875 0.1171875
6 0.27578125 0.721875 0.16328125 0.1421875
6 0.6234375 0.0796875 0.18515625 0.08515625
7 0.240625 0.25546875 0.1375 0.1703125
7 0.86328125 0.35625 0.1296875 0.19375
12 0.2265625 0.3890625 0.08828125 0.13203125
12 0.515625 0.39296875 0.075 0.13046875
13 0.59609375 0.35234375 0.134375 0.08203125
13 0.17578125 0.79765625 0.1359375 0.10390625
14 0.6921875 0.30625 0.14921875 0.06328125
14 0.26796875 0.42109375 0.11171875 0.11015625
15 0.3953125 0.72265625 0.07890625 0.1171875
15 0.76171875 0.59140625 0.04921875 0.1453125
16 0.53046875 0.721875 0.08046875 0.10234375
16 0.75546875 0.421875 0.096875 0.10859375
17 0.5390625 0.621875 0.04609375 0.1171875
17 0.2796875 0.2984375 0.11328125 0.06484375
18 0.37890625 0.2171875 0.0671875 0.10703125
18 0.42265625 0.246875 0.0765625 0.10546875
19 0.646875 0.55859375 0.0671875 0.10390625
19 0.45859375 0.59296875 0.07734375 0.0984375
20 0.5015625 0.121875 0.0703125 0.06015625
20 0.40625 0.6515625 0.06015625 0.0953125
21 0.34453125 0.45703125 0.0765625 0.071875
21 0.5015625 0.1828125 0.04921875 0.08828125
22 0.4 0.77265625 0.1328125 0.10390625
22 0.46875 0.61796875 0.10625 0.20234375