0 0.7734375 0.9109375 0.0859375 0.1484375
0 0.50703125 0.55859375 0.1140625 0.10625
1 0.2921875 0.5734375 0.14140625 0.15078125
1 0.68359375 0.5609375 0.115625 0.1828125
2 0.88203125 0.87734375 0.13046875 0.13203125
2 0.41484375 0.60546875 0.11796875 0.07265625
3 0.31484375 0.57734375 0.1625 0.0796875
3 0.53046875 0.6515625 0.1046875 0.0859375
4 0.67421875 0.3234375 0.0828125 0.16953125
4 0.7 0.59296875 0.05 0.19609375
8 0.2265625 0.14453125 0.153125 0.090625
8 0.76953125 0.625 0.08828125 0.0984375
9 0.10078125 0.453125 0.16015625 0.05546875
9 0.809375 0.496875 0.10234375 0.171875
10 0.9453125 0.6328125 0.0671875 0.13203125
10 0.81875 0.8234375 0.04296875 0.15390625
11 0.39765625 0.4046875 0.08203125 0.1171875
11 0.5515625 0.6296875 0.06875 0.11953125
5 0.41875 0.04921875 0.13984375 0.06171875
5 0.3859375 0.471875 0.13671875 0.06171875
6 0.91796875 0.48203125 0.10703125 0.07890625
6 0.11953125 0.20625 0.0703125 0.15546875
7 0.2109375 0.26796875 0.10390625 0.121875
7 0.78046875 0.7859375 0.075 0.121875
12 0.66875 0.834375 0.1015625 0.06484375
12 0.75625 0.57265625 0.05703125 0.10546875
13 0.5984375 0.721875 0.05390625 0.10625
13 0.45390625 0.4359375 0.0796875 0.09375
14 0.66328125 0.74765625 0.08203125 0.05078125
14 0.61796875 0.74765625 0.0421875 0.09609375
15 0.23046875 0.05234375 0.0953125 0.05703125
15 0.93046875 0.73671875 0.06171875 0.0890625
16 0.384375 0.41328125 0.09609375 0.059375
16 0.30703125 0.475 0.05546875 0.0578125
17 0.80078125 0.9203125 0.0828125 0.04375
17 0.6390625 0.60390625 0.06875 0.04140625
18 0.80546875 0.55234375 0.0484375 0.06953125
18 0.865625 0.603125 0.040625 0.0796875
19 0.71953125 0.9015625 0.0328125 0.07890625
19 0.73359375 0.38828125 0.04296875 0.08125
20 0.4015625 0.46484375 0.059375 0.04140625
20 0.3671875 0.378125 0.05390625 0.04140625
21 0.771875 0.8890625 0.03984375 0.04765625
21 0.65625 0.43828125 0.0453125 0.05703125
22 0.603125 0.39765625 0.05390625 0.10546875
22 0.69609375 0.78203125 0.0875 0.053125