0 0.3296875 0.46875 0.12109375 0.15546875
0 0.37265625 0.46484375 0.0921875 0.115625
1 0.409375 0.53984375 0.17109375 0.1234375
1 0.1015625 0.68515625 0.184375 0.0859375
2 0.590625 0.8375 0.19921875 0.04609375
2 0.3796875 0.44609375 0.153125 0.09765625
3 0.28828125 0.1234375 0.115625 0.1546875
3 0.234375 0.68828125 0.103125 0.10703125
4 0.37578125 0.35859375 0.0765625 0.10703125
4 0.3828125 0.57265625 0.15390625 0.08203125
8 0.28515625 0.63515625 0.1171875 0.09296875
8 0.5734375 0.85078125 0.07890625 0.11796875
9 0.86796875 0.76640625 0.1265625 0.08203125
9 0.2796875 0.53359375 0.103125 0.1
10 0.3109375 0.72890625 0.05234375 0.10546875
10 0.19921875 0.5640625 0.04765625 0.10234375
11 0.80859375 0.81640625 0.140625 0.0359375
11 0.409375 0.44296875 0.13046875 0.046875
5 0.6765625 0.053125 0.08828125 0.10625
5 0.9140625 0.8125 0.11875 0.0859375
6 0.7640625 0.78046875 0.08671875 0.059375
6 0.4390625 0.56328125 0.12421875 0.03515625
7 0.5734375 0.55546875 0.08828125 0.09140625
7 0.45703125 0.540625 0.103125 0.08828125
12 0.4765625 0.6046875 0.08828125 0.07109375
12 0.42578125 0.38984375 0.07109375 0.075
13 0.9328125 0.765625 0.08671875 0.07734375
13 0.4390625 0.434375 0.05546875 0.078125
14 0.34140625 0.82578125 0.103125 0.059375
14 0.25859375 0.7421875 0.07734375 0.0703125
15 0.41796875 0.6359375 0.09609375 0.04609375
15 0.1578125 0.628125 0.065625 0.06328125
16 0.26796875 0.534375 0.06484375 0.0609375
16 0.43828125 0.53125 0.075 0.0375
17 0.6359375 0.9546875 0.06484375 0.0625
17 0.165625 0.58203125 0.040625 0.0625
18 0.51328125 0.7421875 0.07734375 0.0359375
18 0.36796875 0.25 0.04453125 0.06484375
19 0.67890625 0.8015625 0.07109375 0.04296875
19 0.271875 0.65859375 0.07265625 0.03515625
20 0.64921875 0.76875 0.065625 0.0328125
20 0.60625 0.7671875 0.065625 0.02890625
21 0.62734375 0.7109375 0.0578125 0.0484375
21 0.453125 0.796875 0.04765625 0.046875
22 0.84140625 0.7234375 0.10390625 0.07109375
22 0.56484375 0.7796875 0.11484375 0.05