0 0.65 0.2640625 0.23359375 0.09921875
0 0.5671875 0.1375 0.15859375 0.1078125
1 0.31484375 0.3171875 0.146875 0.165625
1 0.321875 0.23984375 0.103125 0.15390625
2 0.4984375 0.21796875 0.09296875 0.1203125
2 0.859375 0.828125 0.071875 0.1421875
3 0.79296875 0.13984375 0.11015625 0.12578125
3 0.0890625 0.575 0.0953125 0.14609375
4 0.3625 0.5140625 0.18828125 0.1015625
4 0.565625 0.153125 0.075 0.12421875
8 0.534375 0.709375 0.08203125 0.12734375
8 0.778125 0.44765625 0.203125 0.0359375
9 0.52734375 0.428125 0.1046875 0.10390625
9 0.5625 0.3171875 0.18828125 0.03984375
10 0.1296875 0.31796875 0.16640625 0.07109375
10 0.50234375 0.2046875 0.0953125 0.09453125
11 0.87578125 0.315625 0.15859375 0.0546875
11 0.403125 0.35078125 0.06015625 0.10703125
5 0.1765625 0.6671875 0.1703125 0.03984375
5 0.48203125 0.7046875 0.1296875 0.07421875
6 0.653125 0.19921875 0.06328125 0.09296875
6 0.259375 0.059375 0.1515625 0.08359375
7 0.94296875 0.89921875 0.08671875 0.0953125
7 0.7046875 0.215625 0.06328125 0.09296875
12 0.371875 0.6609375 0.06640625 0.0890625
12 0.4453125 0.2875 0.13671875 0.0328125
13 0.89296875 0.34609375 0.11640625 0.04921875
13 0.7109375 0.11328125 0.121875 0.0375
14 0.2546875 0.634375 0.1265625 0.0515625
14 0.53359375 0.49296875 0.1234375 0.0515625
15 0.62109375 0.44296875 0.0953125 0.059375
15 0.42265625 0.1921875 0.0984375 0.059375
16 0.6890625 0.32734375 0.11171875 0.03125
16 0.66640625 0.14765625 0.08984375 0.0640625
17 0.2171875 0.284375 0.08828125 0.0578125
17 0.59921875 0.67578125 0.11484375 0.03359375
18 0.203125 0.57265625 0.0796875 0.059375
18 0.45234375 0.25078125 0.05859375 0.0578125
19 0.75546875 0.17734375 0.06484375 0.053125
19 0.4 0.7140625 0.09296875 0.0453125
20 0.625 0.3421875 0.05703125 0.04296875
20 0.4078125 0.5375 0.0546875 0.05234375
21 0.25703125 0.565625 0.06640625 0.053125
21 0.175 0.259375 0.096875 0.03359375
22 0.2 0.7125 0.16328125 0.075
22 0.28671875 0.09921875 0.11640625 0.1015625
23 0.88515625 0.38828125 0.06328125 0.0453125