0 0.51015625 0.1828125 0.22890625 0.18046875
0 0.2078125 0.5046875 0.1875 0.11328125
1 0.41171875 0.66875 0.22734375 0.1859375
1 0.4171875 0.8375 0.184375 0.16796875
2 0.61484375 0.5546875 0.2796875 0.08828125
2 0.66171875 0.45703125 0.15 0.15234375
3 0.221875 0.28203125 0.10859375 0.203125
3 0.78828125 0.67265625 0.221875 0.1453125
4 0.14921875 0.66015625 0.17109375 0.2
4 0.67109375 0.15078125 0.1984375 0.16015625
8 0.71875 0.80546875 0.22734375 0.16484375
8 0.2359375 0.14296875 0.2578125 0.10078125
9 0.54453125 0.55546875 0.1390625 0.1953125
9 0.3734375 0.48203125 0.15859375 0.17734375
10 0.69140625 0.675 0.1953125 0.0734375
10 0.2734375 0.7578125 0.14609375 0.16171875
11 0.065625 0.43515625 0.09921875 0.15703125
11 0.5765625 0.83359375 0.18984375 0.08984375
5 0.72578125 0.22265625 0.15546875 0.11875
5 0.12421875 0.37421875 0.1375 0.13125
6 0.603125 0.89140625 0.11875 0.125
6 0.4875 0.80078125 0.15546875 0.1328125
7 0.66953125 0.55390625 0.140625 0.15390625
7 0.13828125 0.3703125 0.128125 0.15546875
12 0.284375 0.63125 0.08515625 0.1359375
12 0.57109375 0.7203125 0.059375 0.146875
13 0.2234375 0.128125 0.08671875 0.15703125
13 0.34921875 0.09453125 0.12109375 0.121875
14 0.62734375 0.47265625 0.153125 0.078125
14 0.571875 0.578125 0.1515625 0.06875
15 0.19296875 0.60390625 0.11875 0.10390625
15 0.546875 0.325 0.06875 0.121875
16 0.39765625 0.6671875 0.10625 0.09609375
16 0.8546875 0.665625 0.128125 0.11484375
17 0.64140625 0.76484375 0.11015625 0.0796875
17 0.25234375 0.74375 0.10078125 0.09921875
18 0.265625 0.540625 0.09375 0.0703125
18 0.2890625 0.35234375 0.06875 0.09609375
19 0.4734375 0.62421875 0.11015625 0.0609375
19 0.6515625 0.36796875 0.11171875 0.0671875
20 0.4015625 0.2125 0.0921875 0.0546875
20 0.3015625 0.2203125 0.06171875 0.08125
21 0.225 0.64375 0.09921875 0.05625
21 0.2265625 0.42265625 0.07421875 0.0828125
22 0.49921875 0.125 0.1390625 0.128125
22 0.86015625 0.59765625 0.21484375 0.06875