0 0.40703125 0.16171875 0.21484375 0.16171875
0 0.66875 0.15 0.1671875 0.1703125
1 0.19375 0.88359375 0.303125 0.21875
1 0.1765625 0.52578125 0.184375 0.2546875
2 0.84140625 0.46015625 0.18984375 0.1921875
2 0.7515625 0.2265625 0.23203125 0.1796875
3 0.58671875 0.4875 0.26640625 0.26015625
3 0.61640625 0.4953125 0.1609375 0.1796875
4 0.21484375 0.7265625 0.29921875 0.10234375
4 0.5375 0.18828125 0.1421875 0.1828125
8 0.54453125 0.5640625 0.26328125 0.190625
8 0.259375 0.48828125 0.1765625 0.22265625
9 0.69765625 0.47421875 0.1515625 0.22265625
9 0.1765625 0.4390625 0.20703125 0.1703125
10 0.79296875 0.68828125 0.2453125 0.1453125
10 0.51953125 0.8 0.23203125 0.15625
11 0.521875 0.87890625 0.2421875 0.12421875
11 0.35859375 0.2359375 0.15703125 0.19921875
5 0.61015625 0.6578125 0.234375 0.1203125
5 0.89921875 0.3875 0.1515625 0.19765625
6 0.2640625 0.36796875 0.24765625 0.071875
6 0.23359375 0.7125 0.2015625 0.15078125
7 0.48359375 0.69140625 0.23828125 0.14375
7 0.61328125 0.79375 0.2359375 0.10078125
12 0.246875 0.1796875 0.08984375 0.2046875
12 0.55859375 0.29296875 0.1 0.1828125
13 0.5953125 0.3296875 0.16484375 0.084375
13 0.83046875 0.3734375 0.125 0.15078125
14 0.45234375 0.41796875 0.11328125 0.16484375
14 0.246875 0.8140625 0.10546875 0.1421875
15 0.321875 0.63671875 0.11328125 0.12421875
15 0.24296875 0.790625 0.12890625 0.10625
16 0.3015625 0.428125 0.14609375 0.12734375
16 0.5 0.38125 0.08671875 0.178125
17 0.34765625 0.290625 0.14609375 0.08984375
17 0.16953125 0.59453125 0.059375 0.13984375
18 0.415625 0.553125 0.0671875 0.1109375
18 0.7421875 0.196875 0.1171875 0.08828125
19 0.22421875 0.30078125 0.10390625 0.08046875
19 0.49140625 0.54453125 0.08828125 0.1203125
20 0.9234375 0.5671875 0.08046875 0.10390625
20 0.42109375 0.7765625 0.075 0.0734375
21 0.37109375 0.56796875 0.075 0.08828125
21 0.76328125 0.2390625 0.06328125 0.08984375
22 0.44453125 0.05234375 0.26328125 0.096875
22 0.31953125 0.8875 0.175 0.109375