0 0.91015625 0.6546875 0.1109375 0.3125
0 0.53125 0.50859375 0.1421875 0.140625
1 0.265625 0.509375 0.1828125 0.17734375
1 0.14921875 0.4 0.13046875 0.26328125
2 0.70859375 0.37890625 0.11875 0.26640625
2 0.76640625 0.80234375 0.153125 0.16328125
3 0.66875 0.60625 0.1078125 0.26484375
3 0.45625 0.36953125 0.10078125 0.16640625
4 0.22421875 0.8828125 0.190625 0.16171875
4 0.4875 0.54453125 0.215625 0.12421875
8 0.79375 0.41484375 0.12109375 0.19453125
8 0.80234375 0.47890625 0.1171875 0.2140625
9 0.81484375 0.62109375 0.10625 0.19296875
9 0.4515625 0.6984375 0.228125 0.0734375
10 0.11015625 0.56640625 0.12421875 0.1296875
10 0.56015625 0.8625 0.0703125 0.2125
11 0.62890625 0.75234375 0.13046875 0.1546875
11 0.346875 0.5578125 0.0734375 0.196875
5 0.15546875 0.68984375 0.09765625 0.19296875
5 0.39296875 0.71328125 0.1078125 0.1703125
6 0.515625 0.365625 0.075 0.1984375
6 0.25703125 0.46953125 0.08828125 0.18046875
7 0.125 0.4875 0.06484375 0.18984375
7 0.63984375 0.3453125 0.15859375 0.09453125
12 0.74921875 0.56015625 0.09453125 0.13125
12 0.5765625 0.8078125 0.1125 0.13828125
13 0.40078125 0.83125 0.12734375 0.06328125
13 0.62578125 0.7015625 0.05234375 0.13671875
14 0.47421875 0.84765625 0.08828125 0.1265625
14 0.37421875 0.346875 0.05546875 0.16328125
15 0.40234375 0.63125 0.109375 0.09140625
15 0.58671875 0.6046875 0.06484375 0.12421875
16 0.26796875 0.659375 0.0703125 0.10859375
16 0.2859375 0.58671875 0.0671875 0.1453125
17 0.753125 0.7015625 0.08828125 0.10546875
17 0.090625 0.365625 0.109375 0.06171875
18 0.13359375 0.10625 0.1046875 0.09296875
18 0.66171875 0.70625 0.04921875 0.1
19 0.1921875 0.74453125 0.075 0.11015625
19 0.4015625 0.53828125 0.08984375 0.06640625
20 0.509375 0.7828125 0.04921875 0.06640625
20 0.28671875 0.46953125 0.06875 0.0546875
21 0.48359375 0.746875 0.08828125 0.071875
21 0.55390625 0.60546875 0.04375 0.09140625
22 0.41640625 0.9171875 0.17265625 0.10859375
23 0.23671875 0.74453125 0.065625 0.07578125