0 0.35625 0.23359375 0.2296875 0.2125
0 0.42421875 0.41796875 0.18671875 0.146875
1 0.63671875 0.65078125 0.19296875 0.17265625
1 0.428125 0.25234375 0.38359375 0.1640625
2 0.753125 0.21953125 0.10390625 0.23828125
2 0.7375 0.1734375 0.17734375 0.10390625
3 0.7140625 0.48046875 0.159375 0.1703125
3 0.6421875 0.63203125 0.09296875 0.2015625
4 0.7328125 0.37734375 0.24453125 0.065625
4 0.453125 0.43359375 0.1453125 0.1703125
8 0.64140625 0.8875 0.16484375 0.165625
8 0.65625 0.34296875 0.128125 0.14609375
9 0.64375 0.2375 0.2015625 0.07734375
9 0.79609375 0.7890625 0.10078125 0.18984375
10 0.60078125 0.134375 0.17578125 0.11171875
10 0.9078125 0.67578125 0.071875 0.15390625
11 0.1921875 0.42421875 0.10078125 0.13984375
11 0.88046875 0.534375 0.0703125 0.17109375
5 0.809375 0.67265625 0.16171875 0.06015625
5 0.44765625 0.11796875 0.18515625 0.10390625
6 0.3265625 0.33359375 0.2 0.0671875
6 0.25625 0.53671875 0.10390625 0.14140625
7 0.73515625 0.634375 0.146875 0.10859375
7 0.58828125 0.73203125 0.16171875 0.09609375
12 0.55234375 0.4515625 0.0796875 0.12890625
12 0.6859375 0.7984375 0.1421875 0.06875
13 0.303125 0.6484375 0.140625 0.05703125
13 0.5109375 0.31328125 0.134375 0.05546875
14 0.73671875 0.4453125 0.140625 0.0640625
14 0.39765625 0.39609375 0.11796875 0.09140625
15 0.5421875 0.57734375 0.11953125 0.06015625
15 0.8578125 0.41171875 0.0765625 0.0828125
16 0.496875 0.746875 0.0640625 0.11171875
16 0.24921875 0.540625 0.08984375 0.0875
17 0.5875 0.090625 0.08984375 0.0875
17 0.2953125 0.26171875 0.09921875 0.06875
18 0.271875 0.71171875 0.0828125 0.08828125
18 0.83671875 0.284375 0.0734375 0.0859375
19 0.8234375 0.33203125 0.078125 0.07890625
19 0.12421875 0.40859375 0.09921875 0.0625
20 0.5546875 0.3484375 0.0703125 0.05703125
20 0.74921875 0.5421875 0.0828125 0.05546875
21 0.7671875 0.7375 0.071875 0.06015625
21 0.70859375 0.75703125 0.08125 0.04296875
22 0.3359375 0.48359375 0.17421875 0.0875
22 0.8328125 0.528125 0.078125 0.16171875