0 0.8171875 0.6546875 0.171875 0.2625
0 0.6234375 0.4703125 0.096875 0.23828125
1 0.78203125 0.784375 0.08984375 0.27578125
1 0.80390625 0.4765625 0.09609375 0.215625
2 0.43203125 0.82890625 0.10390625 0.12265625
2 0.17890625 0.81953125 0.15234375 0.1265625
3 0.55078125 0.76171875 0.13828125 0.17421875
3 0.65390625 0.35 0.13515625 0.14765625
4 0.275 0.175 0.171875 0.1265625
4 0.190625 0.5953125 0.1703125 0.10625
8 0.31015625 0.3515625 0.13828125 0.1625
8 0.8828125 0.51796875 0.07578125 0.21953125
9 0.13359375 0.68984375 0.1015625 0.13984375
9 0.603125 0.12265625 0.0875 0.13984375
10 0.43828125 0.134375 0.13515625 0.10625
10 0.59453125 0.175 0.12421875 0.1078125
11 0.896875 0.28203125 0.1546875 0.10625
11 0.35390625 0.9234375 0.12421875 0.06640625
5 0.80625 0.34375 0.10859375 0.12890625
5 0.3953125 0.59921875 0.103125 0.13984375
6 0.37421875 0.50625 0.09453125 0.13984375
6 0.25703125 0.81015625 0.0578125 0.15703125
7 0.69296875 0.5734375 0.06484375 0.171875
7 0.44609375 0.21953125 0.12109375 0.0984375
12 0.33515625 0.478125 0.09609375 0.09453125
12 0.56953125 0.25859375 0.04921875 0.13203125
13 0.425 0.63984375 0.096875 0.08125
13 0.23203125 0.478125 0.0890625 0.14765625
14 0.740625 0.23984375 0.11015625 0.09453125
14 0.66875 0.66796875 0.08984375 0.09609375
15 0.3390625 0.2 0.06640625 0.109375
15 0.08359375 0.60859375 0.096875 0.06015625
16 0.56328125 0.70234375 0.06796875 0.08515625
16 0.60703125 0.65625 0.05078125 0.12109375
17 0.375 0.721875 0.07578125 0.071875
17 0.409375 0.10859375 0.0859375 0.08125
18 0.625 0.58125 0.06796875 0.08515625
18 0.63984375 0.78046875 0.07734375 0.071875
19 0.3125 0.66328125 0.0703125 0.0796875
19 0.55 0.7671875 0.06875 0.0828125
20 0.3390625 0.58984375 0.05625 0.0640625
20 0.41640625 0.36171875 0.06328125 0.03984375
21 0.71484375 0.74296875 0.0609375 0.071875
21 0.17734375 0.55234375 0.06796875 0.0640625
22 0.90390625 0.63046875 0.09140625 0.13046875
22 0.3375 0.80703125 0.0578125 0.17421875