0 0.7546875 0.30078125 0.25703125 0.271875
0 0.31171875 0.8109375 0.33203125 0.1890625
1 0.8 0.4671875 0.234375 0.17265625
1 0.4703125 0.2265625 0.30703125 0.14296875
2 0.50859375 0.40625 0.21875 0.25
2 0.43671875 0.5921875 0.2015625 0.2375
3 0.34609375 0.48203125 0.1015625 0.2984375
3 0.52109375 0.1515625 0.2359375 0.1484375
4 0.575 0.85078125 0.209375 0.1671875
4 0.3 0.178125 0.20546875 0.20625
8 0.19453125 0.43359375 0.07890625 0.303125
8 0.784375 0.80703125 0.22421875 0.1046875
9 0.096875 0.48515625 0.14765625 0.25703125
9 0.72734375 0.52578125 0.16875 0.17734375
10 0.62578125 0.6265625 0.134375 0.21328125
10 0.3234375 0.315625 0.18984375 0.096875
11 0.7859375 0.4078125 0.17109375 0.15546875
11 0.28046875 0.6140625 0.13828125 0.1890625
5 0.478125 0.39453125 0.15703125 0.17734375
5 0.36640625 0.25703125 0.1921875 0.07734375
6 0.6046875 0.40546875 0.1109375 0.16484375
6 0.915625 0.484375 0.08828125 0.2109375
7 0.74765625 0.84375 0.1015625 0.22109375
7 0.565625 0.67265625 0.10546875 0.19453125
12 0.4953125 0.29453125 0.06875 0.1671875
12 0.8375 0.2375 0.1328125 0.13125
13 0.82421875 0.7265625 0.12890625 0.11875
13 0.6375 0.70234375 0.14609375 0.1140625
14 0.8015625 0.65625 0.1359375 0.075
14 0.83515625 0.6265625 0.134375 0.0921875
15 0.80703125 0.29609375 0.109375 0.12109375
15 0.43984375 0.70625 0.08828125 0.16015625
16 0.6015625 0.54375 0.1171875 0.1015625
16 0.66015625 0.4140625 0.08828125 0.13828125
17 0.74765625 0.21015625 0.10546875 0.09921875
17 0.39921875 0.42734375 0.07265625 0.1359375
18 0.7296875 0.68046875 0.0765625 0.11875
18 0.40703125 0.615625 0.10390625 0.075
19 0.6859375 0.62109375 0.0828125 0.11171875
19 0.7765625 0.4609375 0.08671875 0.0828125
20 0.87890625 0.575 0.07265625 0.0875
20 0.2484375 0.48671875 0.07890625 0.09921875
21 0.68984375 0.3203125 0.08984375 0.07734375
21 0.6171875 0.75625 0.0828125 0.065625
22 0.634375 0.12265625 0.21328125 0.109375
23 0.91953125 0.6625 0.0921875 0.11171875