0 0.31328125 0.51640625 0.15625 0.24921875
0 0.27109375 0.46796875 0.1375 0.18984375
1 0.15390625 0.4609375 0.17734375 0.175
1 0.38515625 0.92265625 0.2859375 0.10859375
2 0.56796875 0.6859375 0.12421875 0.14765625
2 0.8109375 0.7703125 0.11484375 0.16640625
3 0.44765625 0.79609375 0.20390625 0.15078125
3 0.31328125 0.4765625 0.22890625 0.10546875
4 0.4265625 0.69453125 0.215625 0.08671875
4 0.51875 0.859375 0.2484375 0.04609375
8 0.51640625 0.45546875 0.128125 0.16328125
8 0.77578125 0.22578125 0.18125 0.14765625
9 0.70390625 0.67578125 0.12578125 0.0953125
9 0.65859375 0.4203125 0.09921875 0.1609375
10 0.65625 0.80703125 0.10703125 0.09375
10 0.4015625 0.76796875 0.18515625 0.06484375
11 0.4515625 0.62890625 0.15859375 0.0796875
11 0.63359375 0.27578125 0.0875 0.134375
5 0.5375 0.4609375 0.15859375 0.1171875
5 0.85703125 0.40625 0.11484375 0.12890625
6 0.85 0.5421875 0.12421875 0.1171875
6 0.33671875 0.86953125 0.146875 0.10390625
7 0.14375 0.4796875 0.18125 0.04765625
7 0.69296875 0.671875 0.1375 0.11015625
12 0.72890625 0.79296875 0.0609375 0.0984375
12 0.37109375 0.68125 0.0859375 0.1203125
13 0.48203125 0.55703125 0.1046875 0.08125
13 0.76640625 0.62734375 0.0703125 0.11171875
14 0.928125 0.434375 0.0703125 0.12421875
14 0.46015625 0.73671875 0.06875 0.0984375
15 0.37421875 0.5640625 0.12578125 0.059375
15 0.25390625 0.7296875 0.1296875 0.04921875
16 0.81875 0.44921875 0.0875 0.08828125
16 0.275 0.6671875 0.12578125 0.0640625
17 0.73203125 0.32578125 0.1203125 0.04609375
17 0.4984375 0.33828125 0.06875 0.08828125
18 0.815625 0.57734375 0.09765625 0.05234375
18 0.44140625 0.46875 0.09765625 0.04609375
19 0.78515625 0.09609375 0.07421875 0.08515625
19 0.76640625 0.4859375 0.059375 0.08359375
20 0.63046875 0.81953125 0.0703125 0.059375
20 0.534375 0.38203125 0.07265625 0.0578125
21 0.54765625 0.78125 0.0765625 0.06640625
21 0.76875 0.828125 0.06484375 0.0609375
22 0.315625 0.8140625 0.1890625 0.04765625
23 0.5484375 0.88984375 0.0859375 0.0546875