0 0.4046875 0.75625 0.19375 0.190625
0 0.24140625 0.278125 0.24609375 0.17265625
1 0.67734375 0.1421875 0.0734375 0.2734375
1 0.39921875 0.73984375 0.1953125 0.1890625
2 0.4921875 0.5265625 0.1453125 0.10625
2 0.12578125 0.5203125 0.05703125 0.1875
3 0.73046875 0.89453125 0.1703125 0.1203125
3 0.84609375 0.5734375 0.2375 0.06171875
4 0.15078125 0.3859375 0.2140625 0.11015625
4 0.5515625 0.4671875 0.09375 0.18046875
8 0.23359375 0.5671875 0.18203125 0.10234375
8 0.39921875 0.4265625 0.115625 0.15859375
9 0.8859375 0.67421875 0.10390625 0.13828125
9 0.23671875 0.54140625 0.075 0.15625
10 0.36875 0.5796875 0.12890625 0.11328125
10 0.12578125 0.5515625 0.1375 0.09375
11 0.571875 0.2734375 0.09375 0.14453125
11 0.778125 0.75703125 0.115625 0.1296875
5 0.80234375 0.9 0.140625 0.1203125
5 0.83984375 0.3859375 0.096875 0.14921875
6 0.78359375 0.76796875 0.15859375 0.09921875
6 0.5703125 0.5734375 0.16015625 0.0953125
7 0.79609375 0.521875 0.08671875 0.0953125
7 0.5703125 0.86171875 0.15703125 0.09375
12 0.11953125 0.31484375 0.08515625 0.11328125
12 0.403125 0.61953125 0.1234375 0.1078125
13 0.63046875 0.59609375 0.096875 0.1046875
13 0.6375 0.4234375 0.10390625 0.09921875
14 0.76015625 0.35625 0.115625 0.071875
14 0.36484375 0.32578125 0.090625 0.11015625
15 0.8046875 0.64609375 0.0765625 0.10625
15 0.715625 0.68046875 0.08046875 0.08984375
16 0.57421875 0.7921875 0.10859375 0.0484375
16 0.2765625 0.40546875 0.06875 0.09375
17 0.4609375 0.3109375 0.11875 0.06484375
17 0.92890625 0.675 0.0953125 0.08671875
18 0.1734375 0.41640625 0.075 0.07421875
18 0.3078125 0.32109375 0.08359375 0.0609375
19 0.68046875 0.61953125 0.08046875 0.06875
19 0.4 0.26875 0.096875 0.046875
20 0.73359375 0.5015625 0.07890625 0.06171875
20 0.23671875 0.30859375 0.08828125 0.059375
21 0.32890625 0.50546875 0.08203125 0.059375
21 0.33515625 0.45703125 0.06171875 0.0703125
22 0.66484375 0.26171875 0.17578125 0.08984375
23 0.609375 0.390625 0.05546875 0.08515625