0 0.33125 0.340625 0.1640625 0.1921875
0 0.4546875 0.415625 0.1078125 0.11171875
1 0.62734375 0.690625 0.26640625 0.103125
1 0.48203125 0.0875 0.121875 0.1265625
2 0.40390625 0.925 0.08046875 0.09765625
2 0.51796875 0.68671875 0.11640625 0.1359375
3 0.91796875 0.890625 0.15625 0.13203125
3 0.74140625 0.70546875 0.178125 0.084375
4 0.55390625 0.8984375 0.178125 0.05390625
4 0.44765625 0.36015625 0.12890625 0.11328125
8 0.63125 0.63828125 0.1625 0.07578125
8 0.21171875 0.8421875 0.13828125 0.1296875
9 0.23125 0.8703125 0.15625 0.07734375
9 0.4125 0.253125 0.08046875 0.11171875
10 0.403125 0.11484375 0.14921875 0.06640625
10 0.48671875 0.16796875 0.13671875 0.0515625
11 0.515625 0.9359375 0.1421875 0.0828125
11 0.68125 0.55859375 0.07109375 0.12421875
5 0.59453125 0.72109375 0.0859375 0.10234375
5 0.21875 0.94140625 0.109375 0.0984375
6 0.359375 0.6453125 0.121875 0.0734375
6 0.27734375 0.76015625 0.09140625 0.12734375
7 0.56328125 0.5359375 0.13828125 0.06171875
7 0.27890625 0.76328125 0.10703125 0.06640625
12 0.4015625 0.68046875 0.12734375 0.03984375
12 0.51796875 0.184375 0.121875 0.05078125
13 0.36015625 0.7453125 0.078125 0.1046875
13 0.22890625 0.315625 0.11640625 0.03984375
14 0.5703125 0.8 0.109375 0.04609375
14 0.5734375 0.46953125 0.06015625 0.08046875
15 0.50390625 0.6953125 0.10546875 0.05078125
15 0.3765625 0.18125 0.10234375 0.04921875
16 0.6140625 0.8421875 0.10390625 0.06484375
16 0.51171875 0.82578125 0.05234375 0.08203125
17 0.646875 0.790625 0.08203125 0.06015625
17 0.16875 0.84375 0.06171875 0.071875
18 0.70390625 0.76796875 0.08359375 0.04453125
18 0.46015625 0.5046875 0.06171875 0.06171875
19 0.653125 0.684375 0.03671875 0.0796875
19 0.71875 0.809375 0.053125 0.07578125
20 0.73671875 0.64296875 0.06953125 0.04921875
20 0.52109375 0.73046875 0.05234375 0.05546875
21 0.78359375 0.753125 0.04921875 0.08671875
21 0.47578125 0.73671875 0.0875 0.04453125
22 0.3765625 0.80234375 0.0546875 0.1203125
22 0.09453125 0.828125 0.10390625 0.13203125