0 0.8796875 0.2890625 0.20859375 0.17734375
0 0.57578125 0.71796875 0.16484375 0.2359375
1 0.13359375 0.5828125 0.24921875 0.1546875
1 0.178125 0.4953125 0.3 0.11484375
2 0.5078125 0.7890625 0.159375 0.26484375
2 0.784375 0.09921875 0.17890625 0.19765625
3 0.3515625 0.84921875 0.1734375 0.24296875
3 0.5671875 0.4234375 0.17734375 0.14609375
4 0.78125 0.58203125 0.1453125 0.246875
4 0.4421875 0.85625 0.13359375 0.26953125
8 0.67421875 0.61796875 0.2125 0.17109375
8 0.9359375 0.42890625 0.1 0.27890625
9 0.3921875 0.28203125 0.19140625 0.159375
9 0.465625 0.54140625 0.1984375 0.12109375
10 0.86484375 0.4921875 0.12265625 0.19765625
10 0.6140625 0.76328125 0.1296875 0.2
11 0.38984375 0.46953125 0.1578125 0.153125
11 0.7203125 0.753125 0.1703125 0.08125
5 0.48984375 0.3046875 0.10546875 0.21796875
5 0.8703125 0.515625 0.07734375 0.21796875
6 0.6078125 0.2484375 0.06875 0.2359375
6 0.33984375 0.77109375 0.0578125 0.2109375
7 0.73515625 0.3890625 0.11953125 0.1890625
7 0.25546875 0.76484375 0.0546875 0.22265625
12 0.67109375 0.6125 0.06171875 0.18203125
12 0.628125 0.9109375 0.07734375 0.17265625
13 0.38359375 0.67109375 0.10703125 0.13671875
13 0.1796875 0.71015625 0.11015625 0.153125
14 0.27109375 0.60546875 0.128125 0.1234375
14 0.228125 0.3796875 0.07734375 0.184375
15 0.13125 0.559375 0.1265625 0.08515625
15 0.80234375 0.4796875 0.071875 0.14609375
16 0.27265625 0.328125 0.10703125 0.153125
16 0.5171875 0.75078125 0.1015625 0.08125
17 0.50625 0.61328125 0.07890625 0.12109375
17 0.4015625 0.38671875 0.09140625 0.12578125
18 0.1953125 0.46484375 0.09296875 0.08515625
18 0.44296875 0.62734375 0.06171875 0.09921875
19 0.546875 0.29921875 0.06484375 0.1171875
19 0.4703125 0.45625 0.09140625 0.08515625
20 0.5421875 0.81015625 0.0703125 0.06484375
20 0.703125 0.44375 0.08046875 0.06953125
21 0.71484375 0.56875 0.0578125 0.09453125
21 0.3828125 0.825 0.04921875 0.1078125
22 0.52890625 0.91796875 0.16328125 0.159375
23 0.75234375 0.31484375 0.0703125 0.12578125