0 0.7359375 0.25 0.26328125 0.16796875
0 0.88515625 0.559375 0.14296875 0.14609375
1 0.546875 0.39140625 0.1484375 0.2421875
1 0.76640625 0.36640625 0.2953125 0.10546875
2 0.12265625 0.5609375 0.15546875 0.17421875
2 0.5421875 0.74453125 0.2609375 0.06953125
3 0.715625 0.70625 0.21796875 0.10859375
3 0.61484375 0.690625 0.11640625 0.2046875
4 0.7359375 0.8390625 0.19140625 0.16328125
4 0.2359375 0.11640625 0.121875 0.1953125
8 0.440625 0.14140625 0.14453125 0.16796875
8 0.4515625 0.9 0.21640625 0.10390625
9 0.30625 0.140625 0.1359375 0.16640625
9 0.11875 0.371875 0.0875 0.17578125
10 0.228125 0.60390625 0.1953125 0.059375
10 0.37890625 0.53515625 0.18984375 0.0609375
11 0.37734375 0.8234375 0.08203125 0.16015625
11 0.2125 0.75234375 0.0859375 0.17578125
5 0.49921875 0.29765625 0.1 0.14140625
5 0.52109375 0.5671875 0.1734375 0.0546875
6 0.746875 0.7109375 0.109375 0.15546875
6 0.315625 0.8546875 0.1234375 0.13828125
7 0.74140625 0.19375 0.14140625 0.10234375
7 0.653125 0.1078125 0.19296875 0.08515625
12 0.5484375 0.63046875 0.12734375 0.08984375
12 0.80625 0.4125 0.134375 0.09765625
13 0.684375 0.52578125 0.1375 0.09140625
13 0.38046875 0.26796875 0.13046875 0.07578125
14 0.56328125 0.84609375 0.09296875 0.12421875
14 0.6921875 0.5875 0.13203125 0.09140625
15 0.2421875 0.4375 0.1234375 0.06953125
15 0.18984375 0.603125 0.06796875 0.11328125
16 0.64296875 0.809375 0.084375 0.10234375
16 0.8390625 0.26484375 0.096875 0.11328125
17 0.42421875 0.34921875 0.071875 0.10546875
17 0.42578125 0.70625 0.1109375 0.0625
18 0.7109375 0.4453125 0.10546875 0.053125
18 0.59609375 0.240625 0.096875 0.06484375
19 0.81875 0.534375 0.06640625 0.08671875
19 0.57890625 0.428125 0.0984375 0.0546875
20 0.353125 0.3671875 0.08046875 0.0609375
20 0.40390625 0.48984375 0.07890625 0.0515625
21 0.5765625 0.5046875 0.06953125 0.06796875
21 0.78203125 0.50078125 0.071875 0.07890625
22 0.334375 0.69453125 0.10390625 0.12890625
22 0.34375 0.1875 0.14296875 0.13671875