0 0.09765625 0.44296875 0.0921875 0.340625
0 0.27890625 0.353125 0.11796875 0.22109375
1 0.66328125 0.30390625 0.18203125 0.3078125
1 0.58671875 0.759375 0.10625 0.1921875
2 0.715625 0.7515625 0.18671875 0.20390625
2 0.8828125 0.3 0.1078125 0.28828125
3 0.36796875 0.82421875 0.12109375 0.21328125
3 0.4765625 0.2140625 0.17421875 0.16328125
4 0.178125 0.625 0.17109375 0.16171875
4 0.16328125 0.4234375 0.16328125 0.1578125
8 0.28828125 0.509375 0.0984375 0.23046875
8 0.12890625 0.28671875 0.16640625 0.1
9 0.3515625 0.1203125 0.18203125 0.090625
9 0.6125 0.39453125 0.146875 0.1265625
10 0.23671875 0.74296875 0.1 0.0984375
10 0.440625 0.62890625 0.11484375 0.1734375
11 0.35703125 0.57421875 0.11328125 0.1328125
11 0.3625 0.325 0.06953125 0.1921875
5 0.7625 0.45703125 0.0625 0.18671875
5 0.82734375 0.47421875 0.07265625 0.190625
6 0.3109375 0.7203125 0.06640625 0.190625
6 0.58203125 0.3609375 0.12109375 0.159375
7 0.48828125 0.60078125 0.14375 0.09453125
7 0.55 0.5625 0.08203125 0.190625
12 0.80546875 0.44921875 0.06484375 0.1515625
12 0.49453125 0.84921875 0.0984375 0.090625
13 0.453125 0.753125 0.07578125 0.1328125
13 0.321875 0.17109375 0.1078125 0.10390625
14 0.5296875 0.38359375 0.05625 0.12890625
14 0.59296875 0.7921875 0.0984375 0.13828125
15 0.4375 0.4046875 0.10625 0.1015625
15 0.4125 0.84609375 0.11796875 0.06953125
16 0.16796875 0.4875 0.109375 0.07890625
16 0.54453125 0.66640625 0.0953125 0.07109375
17 0.6734375 0.46640625 0.06796875 0.12109375
17 0.88046875 0.46953125 0.06328125 0.115625
18 0.7375 0.3015625 0.07421875 0.084375
18 0.83671875 0.246875 0.06953125 0.08671875
19 0.66953125 0.278125 0.06640625 0.090625
19 0.571875 0.528125 0.0890625 0.0515625
20 0.38125 0.43203125 0.06484375 0.07109375
20 0.5046875 0.7796875 0.0578125 0.075
21 0.39453125 0.4875 0.06484375 0.0671875
21 0.628125 0.26796875 0.05 0.090625
22 0.678125 0.46640625 0.146875 0.07890625
22 0.45625 0.53203125 0.1421875 0.1484375