0 0.44296875 0.38515625 0.14609375 0.17890625
0 0.89140625 0.590625 0.140625 0.14921875
1 0.61171875 0.35859375 0.18203125 0.1671875
1 0.46484375 0.546875 0.20703125 0.09140625
2 0.525 0.209375 0.16875 0.15078125
2 0.47890625 0.5625 0.0625 0.1890625
3 0.83515625 0.73203125 0.18203125 0.10390625
3 0.3296875 0.415625 0.05 0.1640625
4 0.2015625 0.37890625 0.1703125 0.06875
4 0.7390625 0.32578125 0.1703125 0.1234375
8 0.6203125 0.53125 0.12265625 0.09453125
8 0.609375 0.70625 0.12421875 0.1328125
9 0.47421875 0.09921875 0.15859375 0.11875
9 0.47890625 0.228125 0.171875 0.05625
10 0.84296875 0.390625 0.053125 0.1546875
10 0.3171875 0.3640625 0.14375 0.08515625
11 0.67890625 0.61328125 0.0765625 0.11875
11 0.38359375 0.315625 0.12890625 0.05859375
5 0.52109375 0.63984375 0.0546875 0.1296875
5 0.71875 0.89453125 0.07109375 0.1203125
6 0.74765625 0.8359375 0.09609375 0.11484375
6 0.77265625 0.81640625 0.090625 0.0875
7 0.7953125 0.21875 0.1078125 0.12890625
7 0.8703125 0.57734375 0.15546875 0.06875
12 0.6359375 0.9078125 0.0796875 0.096875
12 0.71015625 0.21015625 0.12109375 0.05859375
13 0.89296875 0.32109375 0.07265625 0.1125
13 0.0875 0.33828125 0.09453125 0.096875
14 0.5328125 0.43828125 0.10390625 0.0859375
14 0.6375 0.39375 0.06796875 0.090625
15 0.259375 0.18515625 0.09296875 0.078125
15 0.66875 0.9515625 0.09453125 0.04765625
16 0.19453125 0.31328125 0.1171875 0.05234375
16 0.76328125 0.48046875 0.10625 0.04921875
17 0.83203125 0.70703125 0.0875 0.06875
17 0.59765625 0.08203125 0.09140625 0.065625
18 0.784375 0.13828125 0.0859375 0.07421875
18 0.728125 0.36640625 0.0828125 0.0546875
19 0.54296875 0.38125 0.0828125 0.06171875
19 0.6296875 0.23125 0.06328125 0.07421875
20 0.4546875 0.37578125 0.0546875 0.0640625
20 0.18046875 0.24921875 0.07421875 0.04921875
21 0.71640625 0.42578125 0.0578125 0.065625
21 0.88984375 0.3859375 0.06328125 0.065625
22 0.64765625 0.81640625 0.0890625 0.09296875
23 0.71484375 0.5640625 0.0765625 0.0640625