0 0.26484375 0.7203125 0.11953125 0.11875
0 0.85 0.6328125 0.15078125 0.0859375
1 0.42578125 0.37421875 0.07578125 0.17265625
1 0.4578125 0.3484375 0.05625 0.190625
2 0.81171875 0.0796875 0.08984375 0.08984375
2 0.23046875 0.896875 0.14375 0.05390625
3 0.653125 0.14765625 0.0921875 0.12109375
3 0.290625 0.1890625 0.0859375 0.096875
4 0.703125 0.40703125 0.0546875 0.14375
4 0.6703125 0.36953125 0.03125 0.16484375
8 0.7765625 0.7421875 0.10859375 0.0796875
8 0.865625 0.0453125 0.0921875 0.07109375
9 0.13203125 0.19609375 0.0640625 0.12421875
9 0.8859375 0.59609375 0.075 0.10859375
10 0.1453125 0.0796875 0.0609375 0.1203125
10 0.58046875 0.2875 0.07109375 0.1078125
11 0.6390625 0.74375 0.0546875 0.11015625
11 0.07734375 0.31953125 0.06015625 0.08515625
5 0.23125 0.38515625 0.04765625 0.10625
5 0.090625 0.51484375 0.0796875 0.103125
6 0.33203125 0.5375 0.08125 0.07421875
6 0.3390625 0.5296875 0.07890625 0.0703125
7 0.60546875 0.58671875 0.071875 0.10234375
7 0.675 0.13359375 0.07109375 0.0921875
12 0.4375 0.246875 0.04921875 0.0890625
12 0.92890625 0.28125 0.0375 0.1015625
13 0.5578125 0.959375 0.059375 0.0796875
13 0.83046875 0.3875 0.06015625 0.06953125
14 0.6265625 0.7640625 0.03984375 0.08671875
14 0.83359375 0.35078125 0.05 0.08984375
15 0.91328125 0.83125 0.0390625 0.09296875
15 0.79921875 0.83671875 0.06875 0.0453125
16 0.41875 0.89609375 0.03125 0.090625
16 0.6546875 0.55078125 0.046875 0.06875
17 0.62578125 0.81640625 0.05234375 0.0703125
17 0.1109375 0.07109375 0.0578125 0.04375
18 0.50859375 0.7796875 0.04140625 0.06640625
18 0.86875 0.61796875 0.0484375 0.04765625
19 0.5640625 0.43828125 0.03203125 0.0640625
19 0.803125 0.13515625 0.046875 0.0515625
20 0.71875 0.8875 0.03515625 0.0609375
20 0.40546875 0.684375 0.03125 0.05625
21 0.403125 0.9109375 0.028125 0.0671875
21 0.45234375 0.60390625 0.05078125 0.03984375
22 0.17890625 0.67890625 0.07421875 0.11875
22 0.1375 0.146875 0.04609375 0.071875