0 0.50390625 0.4140625 0.11484375 0.1375
0 0.16796875 0.71953125 0.06328125 0.30546875
1 0.75 0.74375 0.16953125 0.24375
1 0.79140625 0.47421875 0.1359375 0.22890625
2 0.45234375 0.6625 0.1140625 0.2109375
2 0.71171875 0.59140625 0.09453125 0.1109375
3 0.13359375 0.72421875 0.15234375 0.1875
3 0.58359375 0.125 0.15390625 0.19765625
4 0.321875 0.7890625 0.159375 0.14609375
4 0.4484375 0.3609375 0.12578125 0.1875
8 0.64296875 0.78828125 0.1671875 0.12734375
8 0.48046875 0.23828125 0.19609375 0.08125
9 0.89140625 0.3203125 0.17578125 0.109375
9 0.77890625 0.31015625 0.17265625 0.059375
10 0.34921875 0.721875 0.0546875 0.17421875
10 0.5484375 0.3671875 0.1109375 0.14453125
11 0.4265625 0.6671875 0.0859375 0.15390625
11 0.5109375 0.70703125 0.05 0.1640625
5 0.4953125 0.9015625 0.06328125 0.1640625
5 0.57890625 0.89609375 0.109375 0.1640625
6 0.60546875 0.6859375 0.10078125 0.15078125
6 0.5484375 0.36171875 0.1015625 0.14609375
7 0.34296875 0.71171875 0.1359375 0.06328125
7 0.871875 0.5390625 0.1140625 0.1328125
12 0.615625 0.3125 0.053125 0.1375
12 0.55 0.50078125 0.1015625 0.08984375
13 0.390625 0.50546875 0.1078125 0.09609375
13 0.60390625 0.5375 0.0859375 0.12578125
14 0.615625 0.68046875 0.1125 0.06484375
14 0.815625 0.52734375 0.053125 0.12578125
15 0.65390625 0.90390625 0.1015625 0.09921875
15 0.6828125 0.76953125 0.0484375 0.12578125
16 0.67734375 0.2625 0.0546875 0.12421875
16 0.35078125 0.84765625 0.075 0.1125
17 0.35703125 0.3390625 0.09921875 0.06484375
17 0.76171875 0.5125 0.0875 0.07265625
18 0.08984375 0.7625 0.0796875 0.05
18 0.6296875 0.7375 0.078125 0.075
19 0.10703125 0.8078125 0.078125 0.07265625
19 0.68671875 0.9375 0.0828125 0.0578125
20 0.3859375 0.59453125 0.06328125 0.06796875
20 0.6578125 0.5515625 0.0546875 0.078125
21 0.25859375 0.75078125 0.05625 0.084375
21 0.85390625 0.49609375 0.04765625 0.0765625
22 0.56875 0.58671875 0.10625 0.11953125