0 0.41015625 0.58046875 0.2203125 0.06328125
0 0.3953125 0.425 0.178125 0.1296875
1 0.60390625 0.46171875 0.1328125 0.13203125
1 0.67890625 0.62734375 0.0859375 0.18984375
2 0.35 0.44453125 0.1515625 0.07421875
2 0.4875 0.36171875 0.0703125 0.153125
3 0.8390625 0.6875 0.1578125 0.09296875
3 0.49609375 0.32421875 0.14921875 0.1015625
4 0.453125 0.74140625 0.06484375 0.1375
4 0.2828125 0.53046875 0.1453125 0.0671875
8 0.3859375 0.32890625 0.13984375 0.06953125
8 0.28203125 0.60546875 0.1140625 0.115625
9 0.103125 0.09765625 0.046875 0.15078125
9 0.29296875 0.259375 0.046875 0.1375
10 0.55625 0.68515625 0.08828125 0.10859375
10 0.23828125 0.36953125 0.1328125 0.04609375
11 0.44375 0.575 0.04296875 0.1203125
11 0.3671875 0.2703125 0.09453125 0.10234375
5 0.55078125 0.3265625 0.109375 0.07890625
5 0.496875 0.73828125 0.10546875 0.078125
6 0.54375 0.7640625 0.13046875 0.03984375
6 0.50625 0.64921875 0.0625 0.10703125
7 0.25390625 0.44375 0.0796875 0.09921875
7 0.83828125 0.7546875 0.10234375 0.09921875
12 0.6234375 0.440625 0.0390625 0.0875
12 0.27890625 0.5296875 0.05390625 0.08828125
13 0.33359375 0.50390625 0.08203125 0.06015625
13 0.47578125 0.221875 0.0453125 0.090625
14 0.484375 0.45078125 0.0875 0.0578125
14 0.45 0.66875 0.06171875 0.0859375
15 0.596875 0.6109375 0.07890625 0.0671875
15 0.59296875 0.46796875 0.05625 0.06015625
16 0.6625 0.928125 0.08203125 0.0703125
16 0.51171875 0.14296875 0.046875 0.090625
17 0.5984375 0.13828125 0.05546875 0.07890625
17 0.41171875 0.65234375 0.07734375 0.04921875
18 0.3046875 0.5921875 0.06484375 0.0421875
18 0.3609375 0.6265625 0.06484375 0.03984375
19 0.95078125 0.9484375 0.04921875 0.06953125
19 0.44375 0.49609375 0.0734375 0.03984375
20 0.4453125 0.40625 0.05390625 0.04453125
20 0.825 0.9 0.04453125 0.0609375
21 0.53515625 0.38515625 0.0515625 0.05625
21 0.3890625 0.55546875 0.0640625 0.0390625
22 0.5609375 0.64296875 0.10078125 0.09453125
22 0.05234375 0.0921875 0.0453125 0.1390625