0 0.81328125 0.6734375 0.1078125 0.24140625
0 0.9484375 0.5171875 0.06953125 0.29453125
1 0.31328125 0.6171875 0.21640625 0.13203125
1 0.7484375 0.53671875 0.2265625 0.171875
2 0.34765625 0.146875 0.17265625 0.12421875
2 0.51953125 0.25625 0.09453125 0.23046875
3 0.68984375 0.42578125 0.1625 0.06953125
3 0.16171875 0.4140625 0.1625 0.09609375
4 0.48359375 0.2546875 0.07109375 0.16640625
4 0.47890625 0.43359375 0.1828125 0.090625
8 0.39140625 0.3015625 0.121875 0.146875
8 0.1953125 0.62421875 0.05078125 0.2265625
9 0.5921875 0.63671875 0.04375 0.2015625
9 0.60078125 0.11640625 0.06328125 0.1984375
10 0.79765625 0.3953125 0.12421875 0.11484375
10 0.675 0.2421875 0.12734375 0.1109375
11 0.6109375 0.79453125 0.13046875 0.071875
11 0.45859375 0.45625 0.090625 0.13203125
5 0.53359375 0.92265625 0.13984375 0.053125
5 0.42265625 0.2484375 0.07890625 0.07734375
6 0.4125 0.53359375 0.12578125 0.05625
6 0.74921875 0.27578125 0.1234375 0.1015625
7 0.76953125 0.540625 0.11328125 0.1078125
7 0.40625 0.7984375 0.13046875 0.0828125
12 0.22734375 0.4578125 0.10859375 0.06953125
12 0.42421875 0.8234375 0.08515625 0.13359375
13 0.33828125 0.328125 0.0875 0.0828125
13 0.440625 0.60859375 0.09453125 0.06640625
14 0.26484375 0.51875 0.0921875 0.0984375
14 0.41796875 0.72109375 0.08359375 0.1015625
15 0.3625 0.740625 0.0921875 0.0546875
15 0.22421875 0.35546875 0.08359375 0.0734375
16 0.484375 0.60390625 0.071875 0.109375
16 0.05625 0.5078125 0.06796875 0.12109375
17 0.8375 0.3265625 0.08203125 0.07578125
17 0.7453125 0.7515625 0.05625 0.0921875
18 0.634375 0.728125 0.05234375 0.090625
18 0.55625 0.6265625 0.06796875 0.06796875
19 0.5578125 0.68046875 0.06328125 0.07734375
19 0.2375 0.31796875 0.06484375 0.06953125
20 0.70859375 0.621875 0.05390625 0.07734375
20 0.64140625 0.53203125 0.05546875 0.0640625
21 0.41484375 0.47890625 0.06640625 0.05625
21 0.3484375 0.3890625 0.06328125 0.053125
22 0.70390625 0.76875 0.078125 0.18671875