0 0.59375 0.7890625 0.209375 0.1734375
0 0.66328125 0.25703125 0.31171875 0.10625
1 0.171875 0.4265625 0.146875 0.19609375
1 0.675 0.14296875 0.271875 0.13359375
2 0.76640625 0.31015625 0.22109375 0.14609375
2 0.8 0.40546875 0.19921875 0.13359375
3 0.65625 0.45 0.2015625 0.13359375
3 0.56953125 0.165625 0.225 0.109375
4 0.5421875 0.25703125 0.2390625 0.0515625
4 0.55234375 0.16640625 0.24765625 0.1109375
8 0.68515625 0.63515625 0.2390625 0.07578125
8 0.3625 0.4859375 0.22109375 0.07734375
9 0.528125 0.4484375 0.2109375 0.0546875
9 0.77890625 0.35390625 0.1890625 0.1
10 0.45390625 0.578125 0.14296875 0.1171875
10 0.85703125 0.5359375 0.08828125 0.14453125
11 0.459375 0.7046875 0.1265625 0.1078125
11 0.3953125 0.22734375 0.07421875 0.14453125
5 0.109375 0.48125 0.10234375 0.13515625
5 0.3171875 0.31640625 0.1953125 0.0484375
6 0.34921875 0.60703125 0.1875 0.05625
6 0.39140625 0.775 0.1875 0.0515625
7 0.290625 0.63828125 0.175 0.0546875
7 0.34296875 0.203125 0.1875 0.065625
12 0.15078125 0.5578125 0.084375 0.1125
12 0.90234375 0.4203125 0.11484375 0.0984375
13 0.33203125 0.49140625 0.08046875 0.1078125
13 0.29296875 0.30390625 0.09453125 0.121875
14 0.1921875 0.65078125 0.11484375 0.08828125
14 0.4484375 0.37890625 0.1328125 0.07109375
15 0.34921875 0.68515625 0.08671875 0.06953125
15 0.48515625 0.5125 0.06015625 0.09140625
16 0.509375 0.403125 0.12109375 0.0609375
16 0.66328125 0.84375 0.1390625 0.0546875
17 0.821875 0.68984375 0.06640625 0.09453125
17 0.80390625 0.4875 0.10234375 0.06953125
18 0.57421875 0.3234375 0.0984375 0.0640625
18 0.2765625 0.71484375 0.1109375 0.05
19 0.390625 0.5859375 0.10078125 0.04375
19 0.60625 0.47265625 0.10234375 0.0484375
20 0.5203125 0.2140625 0.0828125 0.0546875
20 0.65 0.93671875 0.0921875 0.053125
21 0.31953125 0.565625 0.084375 0.0515625
21 0.30078125 0.3859375 0.05859375 0.07265625
22 0.49296875 0.10703125 0.12890625 0.14140625
23 0.265625 0.36484375 0.07265625 0.0609375