0 0.07109375 0.40859375 0.1265625 0.1453125
0 0.1046875 0.3609375 0.09140625 0.17578125
1 0.103125 0.15625 0.08828125 0.153125
1 0.13203125 0.3734375 0.08203125 0.225
2 0.29140625 0.66875 0.0828125 0.16484375
2 0.3875 0.27890625 0.06328125 0.21328125
3 0.459375 0.64609375 0.10234375 0.1796875
3 0.1671875 0.109375 0.0515625 0.1796875
4 0.1640625 0.26875 0.03828125 0.19375
4 0.20625 0.8765625 0.1171875 0.09765625
8 0.5453125 0.23125 0.07578125 0.16484375
8 0.3546875 0.4578125 0.084375 0.12109375
9 0.26015625 0.55859375 0.04609375 0.16640625
9 0.4375 0.475 0.1046875 0.1078125
10 0.34453125 0.5125 0.03828125 0.16171875
10 0.41953125 0.23671875 0.05703125 0.1046875
11 0.12578125 0.8828125 0.08515625 0.1171875
11 0.253125 0.671875 0.09140625 0.05390625
5 0.25625 0.4140625 0.09140625 0.0453125
5 0.4609375 0.50859375 0.04453125 0.12578125
6 0.484375 0.46171875 0.0609375 0.140625
6 0.40625 0.5875 0.0640625 0.1203125
7 0.1953125 0.884375 0.0359375 0.15
7 0.4328125 0.15234375 0.0984375 0.0671875
12 0.13046875 0.259375 0.04296875 0.1015625
12 0.94453125 0.28828125 0.06953125 0.05234375
13 0.40390625 0.57421875 0.04609375 0.13203125
13 0.1359375 0.3421875 0.046875 0.1015625
14 0.46015625 0.303125 0.0375 0.1140625
14 0.2875 0.5328125 0.04140625 0.10625
15 0.371875 0.53671875 0.03828125 0.09921875
15 0.33125 0.41015625 0.059375 0.0734375
16 0.0515625 0.29765625 0.05859375 0.09765625
16 0.3765625 0.39765625 0.06328125 0.06875
17 0.440625 0.28671875 0.040625 0.08671875
17 0.5015625 0.21640625 0.0328125 0.09453125
18 0.15625 0.87734375 0.05390625 0.06328125
18 0.34296875 0.63828125 0.03203125 0.0828125
19 0.1328125 0.0890625 0.03515625 0.09140625
19 0.3859375 0.709375 0.040625 0.08671875
20 0.43359375 0.43984375 0.02890625 0.0703125
20 0.48515625 0.32421875 0.02890625 0.0765625
21 0.4265625 0.384375 0.04453125 0.04375
21 0.16484375 0.39921875 0.0359375 0.06484375
22 0.31796875 0.4953125 0.046875 0.13046875
23 0.2796875 0.4546875 0.0453125 0.04921875