0 0.4296875 0.73515625 0.1734375 0.096875
0 0.33671875 0.68046875 0.09375 0.096875
1 0.6890625 0.703125 0.109375 0.15390625
1 0.0625 0.44453125 0.0921875 0.159375
2 0.5671875 0.5515625 0.13125 0.0609375
2 0.19140625 0.34296875 0.08125 0.0859375
3 0.32421875 0.21328125 0.10625 0.1015625
3 0.67890625 0.81640625 0.1484375 0.04140625
4 0.46484375 0.309375 0.125 0.090625
4 0.4203125 0.73828125 0.0703125 0.13828125
8 0.1703125 0.53359375 0.12421875 0.0609375
8 0.221875 0.5328125 0.06796875 0.11796875
9 0.26640625 0.67421875 0.12109375 0.04140625
9 0.3765625 0.3203125 0.128125 0.04375
10 0.3046875 0.4203125 0.06640625 0.10703125
10 0.246875 0.41328125 0.078125 0.084375
11 0.61640625 0.68359375 0.10390625 0.08671875
11 0.32421875 0.06640625 0.071875 0.1125
5 0.16015625 0.4421875 0.05703125 0.10625
5 0.26328125 0.6171875 0.109375 0.03671875
6 0.7609375 0.56484375 0.121875 0.04765625
6 0.16796875 0.4515625 0.10234375 0.0359375
7 0.11328125 0.8890625 0.090625 0.08359375
7 0.38125 0.40703125 0.07109375 0.09140625
12 0.6984375 0.7734375 0.078125 0.0765625
12 0.590625 0.490625 0.0640625 0.08671875
13 0.4703125 0.40234375 0.08359375 0.06875
13 0.59765625 0.75625 0.0328125 0.09453125
14 0.565625 0.50859375 0.0640625 0.08125
14 0.2484375 0.9640625 0.096875 0.04765625
15 0.371875 0.18359375 0.0546875 0.078125
15 0.33671875 0.4578125 0.040625 0.08671875
16 0.51796875 0.56484375 0.06640625 0.07578125
16 0.82734375 0.628125 0.0453125 0.0921875
17 0.28359375 0.22109375 0.06484375 0.04921875
17 0.9484375 0.8 0.04140625 0.08828125
18 0.3625 0.625 0.06171875 0.0390625
18 0.62890625 0.60390625 0.0671875 0.04453125
19 0.38359375 0.27265625 0.03515625 0.059375
19 0.40859375 0.240625 0.0328125 0.06484375
20 0.346875 0.2828125 0.05390625 0.03828125
20 0.365625 0.4390625 0.040625 0.04921875
21 0.2421875 0.32109375 0.04765625 0.05546875
21 0.2375 0.36015625 0.03515625 0.0578125
23 0.584375 0.42890625 0.0609375 0.046875