0 0.63046875 0.1296875 0.18984375 0.16015625
0 0.8765625 0.6625 0.17421875 0.23828125
1 0.72734375 0.671875 0.125 0.175
1 0.28984375 0.778125 0.203125 0.18828125
2 0.12265625 0.6453125 0.109375 0.23828125
2 0.32265625 0.30625 0.1546875 0.17109375
3 0.82265625 0.36484375 0.2328125 0.11484375
3 0.3921875 0.85703125 0.109375 0.1515625
4 0.396875 0.33125 0.13203125 0.22109375
4 0.23828125 0.834375 0.121875 0.21875
8 0.85859375 0.1984375 0.22109375 0.17109375
8 0.27734375 0.56953125 0.22109375 0.13828125
9 0.8875 0.3546875 0.109375 0.190625
9 0.2046875 0.56640625 0.13359375 0.196875
10 0.2171875 0.49140625 0.0796875 0.225
10 0.6359375 0.87734375 0.1859375 0.084375
11 0.5046875 0.8109375 0.125 0.2015625
11 0.80234375 0.503125 0.109375 0.2015625
5 0.2546875 0.38515625 0.16171875 0.1125
5 0.33671875 0.1453125 0.12734375 0.203125
6 0.52890625 0.425 0.07265625 0.2140625
6 0.80078125 0.390625 0.0921875 0.18359375
7 0.55078125 0.31953125 0.17578125 0.0671875
7 0.46796875 0.796875 0.09375 0.1296875
12 0.1359375 0.4640625 0.1359375 0.10625
12 0.28125 0.62265625 0.05390625 0.1578125
13 0.46015625 0.503125 0.05078125 0.16640625
13 0.7609375 0.496875 0.08203125 0.19296875
14 0.54765625 0.58203125 0.121875 0.134375
14 0.65859375 0.58046875 0.1234375 0.06953125
15 0.11015625 0.78125 0.0609375 0.16484375
15 0.3921875 0.15703125 0.0953125 0.11484375
16 0.4015625 0.5421875 0.11484375 0.12734375
16 0.63046875 0.4328125 0.05703125 0.15546875
17 0.403125 0.4609375 0.0484375 0.134375
17 0.42734375 0.6859375 0.06796875 0.1296875
18 0.6375 0.28359375 0.07109375 0.1171875
18 0.5015625 0.55703125 0.0609375 0.11484375
19 0.621875 0.7328125 0.08515625 0.10625
19 0.4625 0.509375 0.09375 0.0890625
20 0.675 0.4390625 0.05234375 0.09921875
20 0.375 0.6796875 0.05390625 0.09921875
21 0.69765625 0.5109375 0.05234375 0.10390625
21 0.32421875 0.5625 0.05078125 0.1171875
22 0.64453125 0.775 0.1546875 0.17734375
23 0.57578125 0.615625 0.090625 0.05859375