0 0.42265625 0.79375 0.165625 0.2046875
0 0.1171875 0.53671875 0.12421875 0.16875
1 0.646875 0.49140625 0.25859375 0.10546875
1 0.88828125 0.61796875 0.14453125 0.28984375
2 0.8265625 0.4265625 0.2484375 0.08203125
2 0.5953125 0.878125 0.2171875 0.1828125
3 0.45390625 0.184375 0.2421875 0.1125
3 0.61171875 0.39140625 0.215625 0.059375
4 0.63125 0.7171875 0.1765625 0.17890625
4 0.721875 0.825 0.21875 0.1625
8 0.37421875 0.540625 0.12109375 0.221875
8 0.76484375 0.7328125 0.1875 0.1859375
9 0.70859375 0.4078125 0.1921875 0.1296875
9 0.80703125 0.7765625 0.18125 0.1125
10 0.65234375 0.575 0.1734375 0.11640625
10 0.56015625 0.19765625 0.18125 0.071875
11 0.64765625 0.103125 0.178125 0.12421875
11 0.75234375 0.29765625 0.1875 0.0765625
5 0.54296875 0.10390625 0.1921875 0.078125
5 0.35859375 0.73203125 0.184375 0.071875
6 0.67421875 0.23515625 0.1765625 0.0890625
6 0.8515625 0.759375 0.12109375 0.19140625
7 0.7375 0.6 0.11171875 0.14140625
7 0.25078125 0.8078125 0.1765625 0.1140625
12 0.23828125 0.57734375 0.07109375 0.15546875
12 0.2484375 0.59296875 0.1546875 0.04921875
13 0.3546875 0.3421875 0.07890625 0.1453125
13 0.2359375 0.49765625 0.10390625 0.08671875
14 0.609375 0.31171875 0.13203125 0.10390625
14 0.43046875 0.80546875 0.10859375 0.11640625
15 0.07578125 0.7296875 0.07890625 0.1109375
15 0.453125 0.42734375 0.12421875 0.06640625
16 0.78203125 0.52421875 0.06484375 0.11640625
16 0.8671875 0.31640625 0.08359375 0.1078125
17 0.51875 0.784375 0.07109375 0.1078125
17 0.3828125 0.62890625 0.09140625 0.090625
18 0.4671875 0.24921875 0.08984375 0.0953125
18 0.58984375 0.5953125 0.07109375 0.0953125
19 0.46796875 0.6421875 0.08203125 0.090625
19 0.8390625 0.60859375 0.07578125 0.090625
20 0.509375 0.6234375 0.0484375 0.0734375
20 0.71328125 0.7015625 0.06328125 0.06171875
21 0.39375 0.475 0.07578125 0.0703125
21 0.65078125 0.74296875 0.046875 0.0765625
22 0.1984375 0.3921875 0.1921875 0.0953125
22 0.31015625 0.64921875 0.08515625 0.12421875