0 0.77734375 0.82734375 0.14296875 0.27578125
0 0.79765625 0.74921875 0.2203125 0.1359375
1 0.6125 0.1265625 0.27421875 0.09296875
1 0.73671875 0.4984375 0.14921875 0.215625
2 0.58125 0.34375 0.21875 0.0796875
2 0.51484375 0.41953125 0.16328125 0.12421875
3 0.1140625 0.22421875 0.12734375 0.15625
3 0.440625 0.06484375 0.1953125 0.06640625
4 0.7953125 0.2390625 0.18515625 0.09609375
4 0.55078125 0.27578125 0.10625 0.09296875
8 0.4109375 0.1125 0.14296875 0.08828125
8 0.22421875 0.15703125 0.15625 0.1046875
9 0.39375 0.48671875 0.115625 0.14609375
9 0.475 0.70703125 0.1796875 0.08125
10 0.49296875 0.21015625 0.15625 0.0546875
10 0.315625 0.1328125 0.12734375 0.11953125
11 0.8421875 0.50859375 0.1375 0.103125
11 0.5 0.82421875 0.16640625 0.06328125
5 0.56484375 0.58671875 0.1578125 0.06328125
5 0.17734375 0.40234375 0.14921875 0.11640625
6 0.1484375 0.4078125 0.153125 0.1015625
6 0.3328125 0.25546875 0.084375 0.153125
7 0.49140625 0.8171875 0.11953125 0.14296875
7 0.60625 0.19453125 0.15625 0.06953125
12 0.85078125 0.175 0.12734375 0.1109375
12 0.2421875 0.26328125 0.12421875 0.084375
13 0.74140625 0.46640625 0.05390625 0.11953125
13 0.7265625 0.6 0.1328125 0.06640625
14 0.57421875 0.534375 0.1328125 0.075
14 0.6078125 0.48984375 0.1296875 0.06328125
15 0.4625 0.646875 0.1078125 0.075
15 0.3875 0.61875 0.0859375 0.09765625
16 0.7046875 0.2671875 0.1125 0.06640625
16 0.61015625 0.29765625 0.090625 0.09609375
17 0.80859375 0.409375 0.07421875 0.09765625
17 0.40859375 0.38203125 0.09375 0.06015625
18 0.65078125 0.66640625 0.084375 0.06640625
18 0.4171875 0.425 0.08046875 0.05
19 0.74453125 0.16953125 0.0671875 0.0828125
19 0.603125 0.62734375 0.0640625 0.078125
20 0.6625 0.715625 0.07734375 0.053125
20 0.6359375 0.42265625 0.07265625 0.0546875
21 0.43203125 0.16171875 0.07421875 0.0578125
21 0.4359375 0.31328125 0.06875 0.07109375
22 0.57734375 0.92265625 0.18671875 0.06484375
23 0.51796875 0.41640625 0.0640625 0.04453125