0 0.92109375 0.353125 0.05078125 0.13203125
0 0.4359375 0.5484375 0.09609375 0.11484375
1 0.5328125 0.54765625 0.07265625 0.1171875
1 0.7203125 0.728125 0.059375 0.12421875
2 0.8859375 0.4296875 0.06875 0.084375
2 0.49921875 0.59140625 0.04921875 0.11484375
3 0.58125 0.5046875 0.07734375 0.090625
3 0.70390625 0.10546875 0.10390625 0.05546875
4 0.35390625 0.63125 0.06015625 0.1015625
4 0.8078125 0.7265625 0.03984375 0.10390625
8 0.65390625 0.209375 0.08125 0.07734375
8 0.59375 0.3578125 0.05078125 0.096875
9 0.88046875 0.3296875 0.06640625 0.07890625
9 0.60546875 0.7515625 0.059375 0.096875
10 0.403125 0.54296875 0.0671875 0.075
10 0.384375 0.278125 0.07578125 0.04375
11 0.871875 0.46484375 0.04609375 0.08046875
11 0.88671875 0.28203125 0.08359375 0.05234375
5 0.8640625 0.79609375 0.0734375 0.065625
5 0.640625 0.48125 0.06640625 0.0734375
6 0.790625 0.44609375 0.04375 0.0796875
6 0.6859375 0.66875 0.0671875 0.0734375
7 0.51328125 0.0546875 0.06953125 0.05859375
7 0.77734375 0.65703125 0.0765625 0.05234375
12 0.65546875 0.14921875 0.0609375 0.06328125
12 0.871875 0.73984375 0.0421875 0.07890625
13 0.721875 0.44921875 0.04609375 0.0734375
13 0.48984375 0.07578125 0.05703125 0.040625
14 0.82734375 0.44140625 0.0375 0.07109375
14 0.83828125 0.71484375 0.03984375 0.065625
15 0.41484375 0.7078125 0.05625 0.04765625
15 0.75625 0.85859375 0.0671875 0.0421875
16 0.42578125 0.396875 0.05 0.05546875
16 0.39609375 0.2328125 0.04609375 0.05234375
17 0.72734375 0.56953125 0.053125 0.0546875
17 0.94765625 0.3390625 0.03984375 0.0578125
18 0.47109375 0.4203125 0.05078125 0.05
18 0.7640625 0.6171875 0.04453125 0.04921875
19 0.42421875 0.640625 0.05234375 0.04609375
19 0.0375 0.8109375 0.0421875 0.0609375
20 0.42578125 0.97578125 0.03984375 0.04453125
20 0.42421875 0.93984375 0.046875 0.04375
21 0.59453125 0.42890625 0.040625 0.04765625
21 0.53125 0.0953125 0.0421875 0.0390625
22 0.3890625 0.678125 0.08359375 0.04609375