0 0.728125 0.5859375 0.2046875 0.10625
0 0.76953125 0.38671875 0.15 0.2796875
1 0.5265625 0.7734375 0.32265625 0.15546875
1 0.7578125 0.34375 0.1671875 0.21015625
2 0.253125 0.4859375 0.06875 0.3
2 0.440625 0.5265625 0.31015625 0.1359375
3 0.2875 0.74921875 0.24375 0.140625
3 0.2796875 0.15546875 0.12890625 0.228125
4 0.384375 0.225 0.1203125 0.18515625
4 0.69453125 0.47265625 0.134375 0.19375
8 0.178125 0.36640625 0.10546875 0.12421875
8 0.44296875 0.86328125 0.1234375 0.1671875
9 0.4359375 0.26328125 0.1796875 0.17578125
9 0.72734375 0.28046875 0.0796875 0.2203125
10 0.5421875 0.25234375 0.07578125 0.18046875
10 0.59140625 0.278125 0.1890625 0.09296875
11 0.73828125 0.734375 0.10078125 0.09140625
11 0.8359375 0.62578125 0.1203125 0.0859375
5 0.44609375 0.5203125 0.190625 0.1140625
5 0.5578125 0.34296875 0.12890625 0.14921875
6 0.77265625 0.70546875 0.13046875 0.12890625
6 0.5546875 0.82421875 0.11796875 0.1421875
7 0.28203125 0.665625 0.18359375 0.1453125
7 0.24609375 0.3140625 0.1640625 0.12421875
12 0.34375 0.84140625 0.10546875 0.09296875
12 0.48125 0.20703125 0.06015625 0.15859375
13 0.240625 0.4171875 0.12890625 0.0890625
13 0.54609375 0.7203125 0.10390625 0.0890625
14 0.3859375 0.36875 0.14453125 0.07109375
14 0.47265625 0.73671875 0.0703125 0.1328125
15 0.56015625 0.59140625 0.10078125 0.115625
15 0.4296875 0.3140625 0.121875 0.06796875
16 0.6484375 0.19921875 0.08671875 0.12421875
16 0.62421875 0.3640625 0.084375 0.115625
17 0.5296875 0.43046875 0.1078125 0.0859375
17 0.6859375 0.6796875 0.084375 0.10078125
18 0.4359375 0.65078125 0.05625 0.10234375
18 0.3640625 0.6265625 0.10078125 0.0546875
19 0.44609375 0.42734375 0.10546875 0.05625
19 0.6640625 0.44296875 0.1078125 0.04453125
20 0.390625 0.4484375 0.065625 0.06640625
20 0.5390625 0.35078125 0.07265625 0.06953125
21 0.621875 0.75625 0.0828125 0.05
21 0.4546875 0.36484375 0.07734375 0.06796875
22 0.1359375 0.4328125 0.11640625 0.14765625
22 0.86171875 0.33046875 0.07578125 0.18359375