0 0.446875 0.86484375 0.2828125 0.04921875
0 0.521875 0.06875 0.140625 0.109375
1 0.7171875 0.67890625 0.16484375 0.08828125
1 0.5484375 0.5625 0.309375 0.1125
2 0.29609375 0.66484375 0.23125 0.12265625
2 0.7125 0.19140625 0.1046875 0.1484375
3 0.725 0.75 0.26484375 0.04296875
3 0.60078125 0.58828125 0.25703125 0.05703125
4 0.78203125 0.27890625 0.08671875 0.1484375
4 0.7078125 0.540625 0.33125 0.065625
8 0.58125 0.728125 0.246875 0.040625
8 0.8984375 0.59921875 0.10625 0.1234375
9 0.50078125 0.91171875 0.2265625 0.04453125
9 0.253125 0.29375 0.18046875 0.0625
10 0.55390625 0.83203125 0.19296875 0.05546875
10 0.16640625 0.29375 0.13671875 0.0953125
11 0.2609375 0.9203125 0.15234375 0.0828125
11 0.72578125 0.359375 0.175 0.040625
5 0.46953125 0.3890625 0.16875 0.0765625
5 0.43671875 0.71171875 0.17890625 0.06640625
6 0.3734375 0.6734375 0.14453125 0.090625
6 0.4234375 0.784375 0.06796875 0.10703125
7 0.63125 0.459375 0.12265625 0.09609375
7 0.634375 0.53828125 0.18046875 0.06015625
12 0.28046875 0.8453125 0.08671875 0.08671875
12 0.13359375 0.53203125 0.11015625 0.046875
13 0.55625 0.34609375 0.1484375 0.06015625
13 0.7296875 0.8671875 0.05859375 0.09296875
14 0.3796875 0.5703125 0.0640625 0.08203125
14 0.61171875 0.6625 0.08671875 0.06484375
15 0.15078125 0.93203125 0.10078125 0.07109375
15 0.4828125 0.384375 0.05859375 0.06796875
16 0.47890625 0.584375 0.090625 0.07109375
16 0.64921875 0.6484375 0.0703125 0.04140625
17 0.2578125 0.95546875 0.10625 0.05390625
17 0.50078125 0.7546875 0.11015625 0.04453125
18 0.34765625 0.2703125 0.05625 0.0625
18 0.55234375 0.3984375 0.07265625 0.0515625
19 0.13515625 0.81640625 0.05859375 0.06328125
19 0.0984375 0.70078125 0.10859375 0.0375
20 0.7140625 0.3390625 0.0703125 0.04609375
20 0.7171875 0.30625 0.05625 0.040625
21 0.14765625 0.4640625 0.05859375 0.0515625
21 0.6703125 0.1828125 0.08828125 0.03828125
22 0.85078125 0.90234375 0.1828125 0.0765625
23 0.59765625 0.14296875 0.0625 0.04140625