0 0.2828125 0.47421875 0.21953125 0.2640625
0 0.85703125 0.5609375 0.13515625 0.3765625
1 0.2390625 0.2640625 0.125 0.3515625
1 0.4796875 0.60546875 0.24609375 0.24296875
2 0.43828125 0.71640625 0.11796875 0.3
2 0.278125 0.1578125 0.16015625 0.23515625
3 0.65546875 0.278125 0.23359375 0.09375
3 0.2875 0.659375 0.11953125 0.221875
4 0.353125 0.225 0.0859375 0.2390625
4 0.22734375 0.50546875 0.19453125 0.18515625
8 0.58203125 0.903125 0.24765625 0.078125
8 0.16328125 0.39609375 0.0625 0.2484375
9 0.73828125 0.64453125 0.16015625 0.16796875
9 0.2671875 0.6890625 0.14609375 0.21640625
10 0.853125 0.54375 0.2015625 0.1203125
10 0.5 0.675 0.14453125 0.2140625
11 0.67734375 0.4984375 0.09609375 0.1890625
11 0.0734375 0.3171875 0.075 0.1953125
5 0.10078125 0.4453125 0.090625 0.18359375
5 0.36484375 0.871875 0.10859375 0.13359375
6 0.64296875 0.39296875 0.17265625 0.12421875
6 0.82265625 0.80390625 0.115625 0.18515625
7 0.71328125 0.771875 0.1 0.19296875
7 0.49921875 0.4625 0.1390625 0.16796875
12 0.52265625 0.36640625 0.15 0.1015625
12 0.59765625 0.2265625 0.15546875 0.059375
13 0.653125 0.646875 0.12265625 0.13203125
13 0.5234375 0.7046875 0.14765625 0.08984375
14 0.42890625 0.45625 0.1375 0.10546875
14 0.5296875 0.63359375 0.14296875 0.08984375
15 0.4046875 0.29765625 0.11796875 0.09375
15 0.2515625 0.31171875 0.128125 0.0609375
16 0.74296875 0.45859375 0.1 0.1296875
16 0.390625 0.51875 0.125 0.0859375
17 0.65703125 0.74921875 0.08046875 0.1265625
17 0.4921875 0.2265625 0.0640625 0.11640625
18 0.5125 0.7984375 0.090625 0.09375
18 0.2765625 0.4921875 0.103125 0.06328125
19 0.296875 0.78125 0.08046875 0.109375
19 0.43125 0.18359375 0.1 0.05703125
20 0.4109375 0.771875 0.0515625 0.09375
20 0.33125 0.43671875 0.0640625 0.07421875
21 0.6078125 0.77265625 0.1 0.07265625
21 0.3609375 0.65546875 0.0875 0.0765625
22 0.21015625 0.25234375 0.20703125 0.084375
23 0.5421875 0.584375 0.08203125 0.06328125