0 0.359375 0.221875 0.18125 0.1203125
0 0.659375 0.42109375 0.17578125 0.1203125
1 0.53828125 0.27734375 0.18828125 0.21015625
1 0.2375 0.46875 0.10546875 0.16796875
2 0.23203125 0.4625 0.18125 0.18203125
2 0.21328125 0.6359375 0.17890625 0.1109375
3 0.81953125 0.459375 0.28125 0.121875
3 0.19765625 0.74140625 0.2671875 0.0546875
4 0.3828125 0.796875 0.13828125 0.16796875
4 0.8375 0.4703125 0.19921875 0.1921875
8 0.54921875 0.834375 0.2171875 0.1765625
8 0.52265625 0.3625 0.184375 0.121875
9 0.65234375 0.703125 0.12890625 0.13046875
9 0.3 0.2703125 0.21328125 0.08828125
10 0.24453125 0.36328125 0.18125 0.11484375
10 0.4984375 0.46796875 0.1578125 0.11640625
11 0.3375 0.50625 0.06953125 0.1515625
11 0.6390625 0.609375 0.20234375 0.06328125
5 0.81953125 0.6125 0.19921875 0.1109375
5 0.75859375 0.76953125 0.109375 0.15546875
6 0.84609375 0.5859375 0.08984375 0.14609375
6 0.45703125 0.38203125 0.17578125 0.13046875
7 0.546875 0.0515625 0.18984375 0.09921875
7 0.45703125 0.27578125 0.1609375 0.11328125
12 0.34375 0.85390625 0.1578125 0.08984375
12 0.14609375 0.75078125 0.0984375 0.1359375
13 0.56015625 0.27578125 0.09140625 0.10234375
13 0.31875 0.68515625 0.12578125 0.07734375
14 0.5265625 0.64140625 0.15078125 0.06328125
14 0.62265625 0.4234375 0.1484375 0.07578125
15 0.41328125 0.5640625 0.134375 0.05078125
15 0.77890625 0.71328125 0.0953125 0.10234375
16 0.4828125 0.58984375 0.059375 0.09921875
16 0.53828125 0.48359375 0.1234375 0.06171875
17 0.3640625 0.33515625 0.1109375 0.053125
17 0.190625 0.85703125 0.13046875 0.05859375
18 0.49375 0.73671875 0.0625 0.09375
18 0.2125 0.509375 0.06640625 0.053125
19 0.8421875 0.7203125 0.10390625 0.0796875
19 0.52578125 0.553125 0.05234375 0.0859375
20 0.340625 0.37421875 0.07890625 0.05625
20 0.3359375 0.48359375 0.09140625 0.03671875
21 0.59921875 0.565625 0.06640625 0.06875
21 0.40859375 0.5171875 0.08984375 0.04921875
22 0.42109375 0.5921875 0.071875 0.1671875
23 0.56015625 0.65859375 0.09140625 0.04921875