0 0.584375 0.7203125 0.14609375 0.16640625
0 0.725 0.59921875 0.09296875 0.18125
1 0.72109375 0.6140625 0.23046875 0.17734375
1 0.15859375 0.7 0.16171875 0.35234375
2 0.35234375 0.871875 0.2390625 0.10234375
2 0.21953125 0.75625 0.1875 0.25625
3 0.60390625 0.096875 0.19609375 0.13046875
3 0.6421875 0.2375 0.1859375 0.221875
4 0.353125 0.3109375 0.14453125 0.25859375
4 0.403125 0.69453125 0.14140625 0.24375
8 0.47421875 0.27890625 0.1359375 0.2375
8 0.18046875 0.7703125 0.240625 0.14765625
9 0.8078125 0.28828125 0.06015625 0.2265625
9 0.14609375 0.5328125 0.11015625 0.18984375
10 0.6625 0.4125 0.1 0.209375
10 0.584375 0.71015625 0.15625 0.18125
11 0.64453125 0.68359375 0.08125 0.196875
11 0.63359375 0.48203125 0.0859375 0.19453125
5 0.41171875 0.42109375 0.1203125 0.18828125
5 0.6609375 0.365625 0.1 0.128125
6 0.2125 0.4078125 0.16328125 0.14921875
6 0.6828125 0.20625 0.12578125 0.16484375
7 0.8890625 0.471875 0.15625 0.08984375
7 0.73671875 0.39453125 0.06875 0.20703125
12 0.64921875 0.79921875 0.13046875 0.1109375
12 0.37890625 0.60078125 0.08984375 0.14140625
13 0.3828125 0.68671875 0.1390625 0.09609375
13 0.66796875 0.36015625 0.09609375 0.12578125
14 0.296875 0.6015625 0.0875 0.15625
14 0.49765625 0.61953125 0.0484375 0.18359375
15 0.51015625 0.35390625 0.0703125 0.14765625
15 0.52734375 0.53984375 0.0703125 0.13046875
16 0.446875 0.584375 0.07421875 0.11328125
16 0.20625 0.33359375 0.12421875 0.08125
17 0.56953125 0.92734375 0.1171875 0.08125
17 0.46484375 0.41015625 0.0484375 0.12421875
18 0.47109375 0.73828125 0.0703125 0.0875
18 0.75078125 0.675 0.06875 0.08515625
19 0.60078125 0.13359375 0.07578125 0.09609375
19 0.80859375 0.60234375 0.07890625 0.08125
20 0.390625 0.50234375 0.07890625 0.0765625
20 0.57265625 0.4765625 0.0671875 0.0640625
21 0.23359375 0.68359375 0.07734375 0.08984375
21 0.7796875 0.39921875 0.06171875 0.09375
22 0.60859375 0.24453125 0.15625 0.1171875
22 0.859375 0.371875 0.08125 0.1453125