0 0.259375 0.77421875 0.12421875 0.14921875
0 0.3765625 0.59609375 0.1890625 0.19921875
1 0.6046875 0.16328125 0.2046875 0.16484375
1 0.34453125 0.13203125 0.1828125 0.15078125
2 0.69375 0.88671875 0.1625 0.1484375
2 0.06796875 0.46953125 0.10703125 0.18359375
3 0.18359375 0.815625 0.20625 0.17890625
3 0.4859375 0.88046875 0.21875 0.1328125
4 0.171875 0.55859375 0.2390625 0.10703125
4 0.18203125 0.3375 0.07734375 0.25234375
8 0.209375 0.29375 0.25234375 0.1125
8 0.7609375 0.7609375 0.2359375 0.12578125
9 0.7515625 0.36640625 0.08203125 0.20859375
9 0.8828125 0.44765625 0.13046875 0.09140625
10 0.6625 0.7125 0.10546875 0.14140625
10 0.18203125 0.58125 0.06171875 0.1921875
11 0.5703125 0.49296875 0.13828125 0.09453125
11 0.8296875 0.4109375 0.09453125 0.1484375
5 0.57109375 0.2375 0.14296875 0.08359375
5 0.5078125 0.92421875 0.14921875 0.08359375
6 0.62734375 0.3640625 0.13359375 0.14140625
6 0.47890625 0.7828125 0.11015625 0.1046875
7 0.3 0.68203125 0.14609375 0.08359375
7 0.2125 0.59609375 0.1984375 0.06640625
12 0.58359375 0.74765625 0.07421875 0.10703125
12 0.334375 0.81484375 0.06796875 0.13984375
13 0.1375 0.68515625 0.159375 0.0546875
13 0.1375 0.39375 0.07109375 0.12421875
14 0.7171875 0.634375 0.11171875 0.0859375
14 0.88203125 0.65859375 0.1546875 0.07578125
15 0.5375 0.303125 0.13046875 0.06484375
15 0.6328125 0.5609375 0.14453125 0.04921875
16 0.83671875 0.6265625 0.14296875 0.071875
16 0.8625 0.30078125 0.08671875 0.07890625
17 0.4671875 0.42890625 0.08671875 0.07890625
17 0.484375 0.50390625 0.1625 0.0734375
18 0.5640625 0.41796875 0.07578125 0.06328125
18 0.66875 0.53359375 0.11171875 0.04375
19 0.34921875 0.27890625 0.07265625 0.0890625
19 0.80625 0.8203125 0.08515625 0.08046875
20 0.38671875 0.40390625 0.08359375 0.071875
20 0.37890625 0.56015625 0.05234375 0.06796875
21 0.26328125 0.61953125 0.06640625 0.06171875
21 0.3875 0.73125 0.09765625 0.04375
22 0.3734375 0.16796875 0.1703125 0.14375
23 0.72734375 0.67421875 0.06328125 0.06171875