0 0.69921875 0.76171875 0.1125 0.175
0 0.15546875 0.7328125 0.12421875 0.134375
1 0.646875 0.56171875 0.121875 0.1609375
1 0.34609375 0.76328125 0.078125 0.18515625
2 0.53125 0.68671875 0.1078125 0.1078125
2 0.2203125 0.45546875 0.04609375 0.1796875
3 0.35625 0.92421875 0.146875 0.1
3 0.540625 0.7078125 0.065625 0.1484375
4 0.39921875 0.7265625 0.1921875 0.053125
4 0.4875 0.81015625 0.1421875 0.06328125
8 0.22890625 0.52890625 0.10625 0.0828125
8 0.74296875 0.79609375 0.0921875 0.1203125
9 0.73203125 0.60703125 0.08203125 0.1046875
9 0.1171875 0.6109375 0.078125 0.1265625
10 0.5640625 0.60625 0.13984375 0.05390625
10 0.34609375 0.80859375 0.1296875 0.0625
11 0.4125 0.9484375 0.1359375 0.0765625
11 0.7578125 0.65 0.12265625 0.078125
5 0.3234375 0.54921875 0.09609375 0.10078125
5 0.51953125 0.86640625 0.140625 0.05703125
6 0.44453125 0.509375 0.128125 0.08984375
6 0.20859375 0.596875 0.0921875 0.103125
7 0.17734375 0.296875 0.1546875 0.08671875
7 0.74140625 0.78203125 0.08671875 0.10625
12 0.10390625 0.0421875 0.11015625 0.084375
12 0.32734375 0.396875 0.0984375 0.0828125
13 0.221875 0.80078125 0.05390625 0.09296875
13 0.6171875 0.7453125 0.071875 0.08046875
14 0.27109375 0.4375 0.0421875 0.09140625
14 0.4359375 0.8359375 0.10859375 0.04921875
15 0.209375 0.46875 0.10390625 0.04921875
15 0.421875 0.44921875 0.10390625 0.03671875
16 0.2671875 0.57578125 0.065625 0.0703125
16 0.1578125 0.584375 0.08671875 0.0640625
17 0.33125 0.48203125 0.05234375 0.0640625
17 0.6234375 0.6921875 0.08671875 0.040625
18 0.4640625 0.65546875 0.07578125 0.046875
18 0.5671875 0.4984375 0.05625 0.0671875
19 0.6734375 0.71875 0.05859375 0.05703125
19 0.3640625 0.86796875 0.04765625 0.06640625
20 0.36015625 0.503125 0.0515625 0.04609375
20 0.51953125 0.884375 0.06640625 0.0359375
21 0.2890625 0.59765625 0.06171875 0.04296875
21 0.56015625 0.784375 0.06796875 0.0296875
22 0.90234375 0.57109375 0.15234375 0.05390625
23 0.246875 0.84921875 0.0515625 0.0546875