0 0.81640625 0.53046875 0.0921875 0.20234375
0 0.75703125 0.190625 0.12734375 0.18984375
1 0.18671875 0.3796875 0.18828125 0.125
1 0.47890625 0.7203125 0.1921875 0.08515625
2 0.3703125 0.33515625 0.08125 0.14765625
2 0.57578125 0.8296875 0.1890625 0.07265625
3 0.12109375 0.3921875 0.15 0.0765625
3 0.484375 0.4921875 0.06015625 0.14453125
4 0.33671875 0.51875 0.16015625 0.059375
4 0.38671875 0.25234375 0.14609375 0.04453125
8 0.29765625 0.36875 0.11484375 0.109375
8 0.53125 0.48203125 0.06171875 0.125
9 0.60390625 0.409375 0.1390625 0.07109375
9 0.91640625 0.51171875 0.065625 0.12890625
10 0.4140625 0.6484375 0.11640625 0.07890625
10 0.3078125 0.65234375 0.121875 0.06328125
11 0.61328125 0.34296875 0.1125 0.0671875
11 0.22578125 0.5046875 0.0703125 0.0984375
5 0.125 0.521875 0.08671875 0.1015625
5 0.44609375 0.30703125 0.10078125 0.08515625
6 0.6015625 0.921875 0.109375 0.1015625
6 0.75 0.6421875 0.11796875 0.065625
7 0.9140625 0.715625 0.1078125 0.09453125
7 0.63984375 0.54375 0.11796875 0.06328125
12 0.63359375 0.58359375 0.0515625 0.0828125
12 0.63359375 0.49375 0.053125 0.0765625
13 0.40234375 0.14140625 0.0953125 0.05625
13 0.17578125 0.65234375 0.10234375 0.04765625
14 0.284375 0.7421875 0.07265625 0.08984375
14 0.840625 0.16953125 0.0828125 0.07890625
15 0.421875 0.80625 0.06171875 0.08125
15 0.68125 0.815625 0.06484375 0.07890625
16 0.4390625 0.40625 0.04453125 0.0828125
16 0.76796875 0.57109375 0.0828125 0.05234375
17 0.49609375 0.02578125 0.08828125 0.0515625
17 0.06796875 0.52109375 0.065625 0.06875
18 0.53046875 0.60078125 0.07265625 0.04609375
18 0.315625 0.43515625 0.07265625 0.04765625
19 0.48359375 0.65390625 0.04765625 0.065625
19 0.7171875 0.6765625 0.06328125 0.06015625
20 0.23125 0.62890625 0.053125 0.05546875
20 0.71015625 0.50625 0.0515625 0.0515625
21 0.378125 0.83046875 0.071875 0.05
21 0.5296875 0.76640625 0.065625 0.04609375
22 0.3578125 0.74609375 0.06484375 0.11328125
22 0.8171875 0.50234375 0.10234375 0.09453125