0 0.5515625 0.32578125 0.15859375 0.16171875
0 0.5859375 0.64296875 0.13671875 0.134375
1 0.59609375 0.771875 0.17265625 0.11015625
1 0.93203125 0.19453125 0.10859375 0.14296875
2 0.8421875 0.4359375 0.13515625 0.11015625
2 0.47734375 0.3265625 0.134375 0.12578125
3 0.3671875 0.69609375 0.125 0.1234375
3 0.55234375 0.91171875 0.0828125 0.11328125
4 0.725 0.59375 0.05 0.18515625
4 0.0890625 0.375 0.12734375 0.16171875
8 0.09140625 0.58203125 0.0921875 0.1578125
8 0.2578125 0.1625 0.1609375 0.09296875
9 0.28046875 0.2078125 0.07265625 0.175
9 0.34140625 0.37265625 0.084375 0.16015625
10 0.45234375 0.2640625 0.0453125 0.14765625
10 0.83046875 0.3578125 0.05859375 0.14453125
11 0.775 0.30625 0.09921875 0.12890625
11 0.80390625 0.328125 0.11484375 0.0859375
5 0.75546875 0.70078125 0.08671875 0.140625
5 0.4328125 0.24453125 0.115625 0.06171875
6 0.53125 0.21640625 0.10625 0.07734375
6 0.521875 0.178125 0.05390625 0.15625
7 0.34453125 0.253125 0.06796875 0.1015625
7 0.36484375 0.6390625 0.084375 0.12890625
12 0.79921875 0.23046875 0.075 0.10859375
12 0.621875 0.5390625 0.04921875 0.09453125
13 0.57109375 0.32421875 0.03984375 0.1078125
13 0.6765625 0.625 0.04921875 0.10859375
14 0.49140625 0.3046875 0.078125 0.0875
14 0.6390625 0.7625 0.09140625 0.0515625
15 0.36640625 0.18125 0.0734375 0.084375
15 0.1328125 0.08671875 0.08515625 0.09609375
16 0.6890625 0.85 0.0515625 0.1078125
16 0.52734375 0.503125 0.08515625 0.06015625
17 0.83203125 0.6953125 0.03828125 0.1046875
17 0.68828125 0.51953125 0.0453125 0.09296875
18 0.546875 0.83515625 0.05859375 0.06015625
18 0.37734375 0.44609375 0.07265625 0.04765625
19 0.50078125 0.54453125 0.06640625 0.04296875
19 0.575 0.18515625 0.06171875 0.05625
20 0.58203125 0.7546875 0.05390625 0.07421875
20 0.2859375 0.45859375 0.04453125 0.08046875
21 0.49765625 0.6109375 0.0515625 0.05859375
21 0.5109375 0.57578125 0.0546875 0.034375
22 0.484375 0.38046875 0.11796875 0.07578125
23 0.37578125 0.3859375 0.05390625 0.04765625