0 0.81484375 0.48828125 0.1421875 0.2265625
0 0.85546875 0.290625 0.13046875 0.24375
1 0.1828125 0.58125 0.16171875 0.28359375
1 0.58359375 0.24375 0.24609375 0.1203125
2 0.634375 0.86484375 0.1640625 0.1390625
2 0.259375 0.4765625 0.1390625 0.09453125
3 0.734375 0.70546875 0.0984375 0.259375
3 0.58671875 0.2796875 0.09765625 0.209375
4 0.87421875 0.18203125 0.103125 0.1171875
4 0.4859375 0.77734375 0.05234375 0.2734375
8 0.5828125 0.571875 0.078125 0.2234375
8 0.3953125 0.8015625 0.1796875 0.16640625
9 0.56953125 0.696875 0.1046875 0.17734375
9 0.38046875 0.5546875 0.17890625 0.06875
10 0.3015625 0.40234375 0.1359375 0.1
10 0.2375 0.78515625 0.1484375 0.16171875
11 0.0921875 0.828125 0.06796875 0.25390625
11 0.878125 0.31875 0.06953125 0.21484375
5 0.59765625 0.65234375 0.1046875 0.153125
5 0.6828125 0.85546875 0.0921875 0.19921875
6 0.76875 0.29140625 0.15078125 0.1046875
6 0.184375 0.7984375 0.1421875 0.16328125
7 0.27578125 0.67265625 0.1375 0.12890625
7 0.82578125 0.69609375 0.1109375 0.20625
12 0.24296875 0.73203125 0.12265625 0.0828125
12 0.4703125 0.32109375 0.1109375 0.07578125
13 0.4421875 0.63125 0.10078125 0.08046875
13 0.175 0.73828125 0.07265625 0.16328125
14 0.57265625 0.34453125 0.06328125 0.16015625
14 0.19921875 0.5859375 0.11328125 0.1203125
15 0.4 0.88203125 0.11328125 0.084375
15 0.4953125 0.828125 0.109375 0.07578125
16 0.61484375 0.4921875 0.0671875 0.12578125
16 0.89921875 0.4 0.121875 0.07578125
17 0.2453125 0.3875 0.08671875 0.1015625
17 0.484375 0.4078125 0.0609375 0.11484375
18 0.6390625 0.32578125 0.08046875 0.084375
18 0.690625 0.490625 0.06171875 0.11484375
19 0.34453125 0.82734375 0.07890625 0.09140625
19 0.65 0.4375 0.06796875 0.0703125
20 0.390625 0.51015625 0.065625 0.07578125
20 0.85546875 0.27265625 0.04609375 0.08046875
21 0.63984375 0.67890625 0.03671875 0.1171875
21 0.465625 0.5859375 0.0671875 0.07578125
22 0.5890625 0.46328125 0.08046875 0.21171875
23 0.46171875 0.296875 0.06484375 0.065625