0 0.87265625 0.446875 0.18515625 0.13984375
0 0.69140625 0.5234375 0.1125 0.15703125
1 0.703125 0.40390625 0.2203125 0.08203125
1 0.30625 0.728125 0.1953125 0.12265625
2 0.740625 0.52578125 0.16953125 0.06953125
2 0.5390625 0.8453125 0.18671875 0.10078125
3 0.1546875 0.84296875 0.13359375 0.12421875
3 0.53671875 0.16015625 0.0875 0.16328125
4 0.2046875 0.81484375 0.15859375 0.09375
4 0.3109375 0.4265625 0.053125 0.16328125
8 0.696875 0.309375 0.1546875 0.06015625
8 0.584375 0.2421875 0.165625 0.05625
9 0.50625 0.6640625 0.14609375 0.08515625
9 0.5953125 0.80234375 0.0625 0.153125
10 0.18203125 0.63671875 0.115625 0.08984375
10 0.434375 0.4359375 0.128125 0.05234375
11 0.4515625 0.8 0.04453125 0.12265625
11 0.2671875 0.8234375 0.125 0.10078125
5 0.253125 0.5859375 0.128125 0.06796875
5 0.39921875 0.49296875 0.11015625 0.103125
6 0.66171875 0.68671875 0.06953125 0.12265625
6 0.61015625 0.4390625 0.08671875 0.11328125
7 0.55078125 0.61171875 0.1296875 0.04296875
7 0.478125 0.65390625 0.0546875 0.11484375
12 0.1 0.553125 0.0921875 0.07734375
12 0.71953125 0.59765625 0.09296875 0.0625
13 0.165625 0.69921875 0.0890625 0.07421875
13 0.528125 0.37109375 0.103125 0.05625
14 0.2390625 0.4078125 0.0515625 0.10546875
14 0.1796875 0.63515625 0.0609375 0.08984375
15 0.4125 0.76171875 0.0609375 0.0875
15 0.6125 0.621875 0.08046875 0.07734375
16 0.15078125 0.59296875 0.07265625 0.0640625
16 0.18828125 0.7640625 0.04453125 0.08359375
17 0.25078125 0.88515625 0.075 0.0703125
17 0.73359375 0.56796875 0.0609375 0.065625
18 0.3703125 0.75625 0.05546875 0.0640625
18 0.52890625 0.47421875 0.0796875 0.05390625
19 0.32734375 0.82890625 0.053125 0.065625
19 0.09765625 0.63125 0.04453125 0.06953125
20 0.27578125 0.7234375 0.05 0.0546875
20 0.46484375 0.39609375 0.04453125 0.05078125
21 0.8046875 0.59140625 0.05703125 0.05234375
21 0.50703125 0.2890625 0.04453125 0.071875
22 0.721875 0.40078125 0.08203125 0.1125
22 0.35703125 0.9015625 0.0625 0.1265625