0 0.27421875 0.82734375 0.14296875 0.11640625
0 0.715625 0.4796875 0.13125 0.1125
1 0.725 0.4375 0.16328125 0.15859375
1 0.625 0.665625 0.184375 0.13671875
2 0.146875 0.63828125 0.1234375 0.13515625
2 0.5546875 0.7921875 0.0859375 0.16171875
3 0.43515625 0.94375 0.1828125 0.08359375
3 0.64140625 0.68125 0.15 0.1125
4 0.6890625 0.55859375 0.15546875 0.1
4 0.23984375 0.9109375 0.11640625 0.1390625
8 0.91484375 0.61796875 0.10859375 0.13046875
8 0.15625 0.30703125 0.05546875 0.15859375
9 0.3609375 0.18828125 0.1296875 0.1078125
9 0.8375 0.50625 0.12578125 0.10859375
10 0.7140625 0.6 0.1390625 0.05234375
10 0.70859375 0.67109375 0.1125 0.07109375
11 0.32578125 0.75390625 0.12890625 0.0375
11 0.5359375 0.73984375 0.053125 0.115625
5 0.41953125 0.7890625 0.04609375 0.11640625
5 0.48828125 0.796875 0.103125 0.09609375
6 0.18203125 0.23125 0.08359375 0.11640625
6 0.26953125 0.09609375 0.05703125 0.12421875
7 0.2484375 0.22578125 0.11796875 0.06015625
7 0.78671875 0.79921875 0.0796875 0.1125
12 0.2640625 0.82265625 0.10859375 0.0484375
12 0.24765625 0.684375 0.0515625 0.10625
13 0.353125 0.09140625 0.11953125 0.053125
13 0.38515625 0.68515625 0.1125 0.0453125
14 0.57890625 0.89765625 0.07578125 0.0828125
14 0.36171875 0.78359375 0.103125 0.040625
15 0.3046875 0.72109375 0.09296875 0.0421875
15 0.72578125 0.3390625 0.1125 0.0421875
16 0.42890625 0.8828125 0.09453125 0.05078125
16 0.70390625 0.8859375 0.0875 0.0625
17 0.83046875 0.3859375 0.0609375 0.075
17 0.846875 0.6203125 0.04921875 0.07578125
18 0.696875 0.8140625 0.0515625 0.06328125
18 0.66953125 0.91015625 0.0796875 0.03984375
19 0.75 0.7359375 0.07265625 0.05859375
19 0.5109375 0.9109375 0.07421875 0.0578125
20 0.64296875 0.31796875 0.07421875 0.0453125
20 0.6375 0.8625 0.06796875 0.0484375
21 0.60234375 0.86796875 0.06328125 0.03984375
21 0.65859375 0.83671875 0.05703125 0.04453125
22 0.640625 0.778125 0.08203125 0.11328125
22 0.2734375 0.16171875 0.14296875 0.06796875