0 0.73203125 0.40859375 0.1640625 0.1203125
0 0.9 0.33671875 0.0796875 0.2921875
1 0.67734375 0.8125 0.2015625 0.1
1 0.17421875 0.53828125 0.128125 0.24921875
2 0.1453125 0.19453125 0.16015625 0.18203125
2 0.32265625 0.8140625 0.0859375 0.1859375
3 0.35 0.334375 0.06640625 0.18359375
3 0.1953125 0.5546875 0.1734375 0.0859375
4 0.76015625 0.6796875 0.084375 0.17734375
4 0.55390625 0.67578125 0.15625 0.0703125
8 0.74921875 0.1546875 0.134375 0.0828125
8 0.609375 0.27265625 0.08046875 0.121875
9 0.7125 0.91484375 0.0765625 0.1390625
9 0.3125 0.83671875 0.14609375 0.09296875
10 0.25859375 0.221875 0.05390625 0.1921875
10 0.6890625 0.459375 0.12421875 0.09453125
11 0.734375 0.50546875 0.13359375 0.07890625
11 0.29921875 0.58125 0.065625 0.17734375
5 0.4390625 0.9046875 0.1140625 0.121875
5 0.296875 0.45546875 0.10859375 0.1
6 0.6953125 0.71171875 0.07578125 0.12734375
6 0.5203125 0.38125 0.0796875 0.16875
7 0.44140625 0.53359375 0.11015625 0.11875
7 0.2515625 0.67734375 0.084375 0.140625
12 0.6890625 0.56640625 0.0984375 0.07421875
12 0.80625 0.59609375 0.10546875 0.07578125
13 0.18984375 0.4140625 0.0921875 0.0890625
13 0.43046875 0.78203125 0.08359375 0.1
14 0.69609375 0.3 0.0796875 0.0703125
14 0.29140625 0.72109375 0.07421875 0.10859375
15 0.484375 0.4 0.071875 0.09296875
15 0.24140625 0.55078125 0.06640625 0.1015625
16 0.83203125 0.71328125 0.084375 0.09609375
16 0.13671875 0.6890625 0.08046875 0.06875
17 0.88125 0.3703125 0.06796875 0.0875
17 0.24609375 0.79453125 0.0484375 0.1015625
18 0.17578125 0.828125 0.06953125 0.07578125
18 0.58671875 0.89453125 0.0578125 0.06328125
19 0.0890625 0.8375 0.07578125 0.05
19 0.2984375 0.72109375 0.06640625 0.053125
20 0.44453125 0.3875 0.0640625 0.05
20 0.628125 0.196875 0.0515625 0.0671875
21 0.59140625 0.3734375 0.04375 0.07734375
21 0.6625 0.2625 0.034375 0.0828125
22 0.24453125 0.434375 0.0921875 0.14765625
23 0.44765625 0.8484375 0.06171875 0.05859375