0 0.3578125 0.73359375 0.16875 0.2453125
0 0.1953125 0.29765625 0.22109375 0.14375
1 0.6859375 0.58046875 0.225 0.13359375
1 0.68046875 0.40625 0.265625 0.11796875
2 0.58984375 0.21640625 0.26171875 0.12421875
2 0.70703125 0.38515625 0.271875 0.090625
3 0.8046875 0.71484375 0.153125 0.18515625
3 0.8046875 0.56953125 0.16484375 0.17890625
4 0.61171875 0.484375 0.1890625 0.14375
4 0.39453125 0.66328125 0.15703125 0.18515625
8 0.175 0.44140625 0.140625 0.146875
8 0.36796875 0.50859375 0.0921875 0.1890625
9 0.6859375 0.525 0.13671875 0.146875
9 0.55859375 0.88671875 0.12265625 0.17578125
10 0.54765625 0.64296875 0.096875 0.159375
10 0.69140625 0.6484375 0.10234375 0.1515625
11 0.2140625 0.7734375 0.17890625 0.11328125
11 0.1921875 0.3953125 0.05859375 0.1453125
5 0.3484375 0.11171875 0.10078125 0.14375
5 0.7703125 0.4828125 0.18125 0.0984375
6 0.5046875 0.3765625 0.1609375 0.0921875
6 0.53828125 0.296875 0.146875 0.0875
7 0.23046875 0.65078125 0.16328125 0.11640625
7 0.6703125 0.88203125 0.2015625 0.0875
12 0.890625 0.85234375 0.078125 0.13515625
12 0.23515625 0.70234375 0.08046875 0.12265625
13 0.39375 0.21796875 0.11875 0.1125
13 0.31875 0.31796875 0.08671875 0.13359375
14 0.259375 0.09765625 0.1328125 0.1109375
14 0.51015625 0.8859375 0.0828125 0.1109375
15 0.76328125 0.71015625 0.0625 0.0953125
15 0.37421875 0.88671875 0.12109375 0.11796875
16 0.68984375 0.925 0.140625 0.07421875
16 0.51171875 0.3359375 0.0625 0.0625
17 0.2703125 0.415625 0.1109375 0.08359375
17 0.49296875 0.2375 0.12109375 0.0546875
18 0.14765625 0.571875 0.11484375 0.046875
18 0.6953125 0.78671875 0.12265625 0.0484375
19 0.35625 0.18125 0.096875 0.07109375
19 0.4265625 0.13125 0.11640625 0.04375
20 0.80546875 0.7765625 0.078125 0.0625
20 0.3484375 0.225 0.07265625 0.05625
21 0.390625 0.41640625 0.08046875 0.06640625
21 0.5171875 0.26015625 0.08828125 0.040625
22 0.41953125 0.30625 0.1671875 0.07265625
22 0.34140625 0.45234375 0.17890625 0.12265625