0 0.4546875 0.10703125 0.24609375 0.15703125
0 0.546875 0.50703125 0.2015625 0.175
1 0.31171875 0.62421875 0.36484375 0.06640625
1 0.60546875 0.23125 0.2546875 0.15703125
2 0.3078125 0.87109375 0.271875 0.15703125
2 0.33515625 0.684375 0.30546875 0.07109375
3 0.38515625 0.45390625 0.290625 0.04609375
3 0.72421875 0.53671875 0.11875 0.16875
4 0.7875 0.5 0.225 0.08046875
4 0.56796875 0.403125 0.26953125 0.046875
8 0.80703125 0.1875 0.2078125 0.1
8 0.69453125 0.08828125 0.19140625 0.11953125
9 0.32734375 0.32890625 0.15703125 0.11484375
9 0.61640625 0.44296875 0.13359375 0.1375
10 0.71796875 0.51953125 0.19140625 0.06015625
10 0.71015625 0.2 0.19765625 0.07265625
11 0.61484375 0.271875 0.1546875 0.0953125
11 0.209375 0.53984375 0.21875 0.03984375
5 0.1953125 0.49609375 0.19921875 0.059375
5 0.5953125 0.33359375 0.13359375 0.0859375
6 0.6546875 0.1546875 0.10390625 0.11484375
6 0.721875 0.09609375 0.2078125 0.04921875
7 0.57890625 0.56953125 0.0828125 0.115625
7 0.42109375 0.278125 0.07421875 0.1125
12 0.16171875 0.6546875 0.178125 0.03828125
12 0.5921875 0.3375 0.16953125 0.04921875
13 0.21796875 0.590625 0.16328125 0.04921875
13 0.440625 0.50625 0.1546875 0.0484375
14 0.81875 0.35546875 0.1765625 0.04453125
14 0.5265625 0.41640625 0.1484375 0.0375
15 0.34921875 0.375 0.12109375 0.0578125
15 0.5296875 0.1140625 0.065625 0.078125
16 0.7515625 0.3484375 0.11015625 0.07265625
16 0.24921875 0.5546875 0.10859375 0.07265625
17 0.79375 0.56171875 0.0890625 0.0734375
17 0.33359375 0.14375 0.09765625 0.0671875
18 0.3984375 0.1703125 0.065625 0.0625
18 0.5890625 0.10390625 0.06171875 0.0578125
19 0.49453125 0.2671875 0.11015625 0.0421875
19 0.3609375 0.09453125 0.071875 0.0640625
20 0.3796875 0.42109375 0.0765625 0.0484375
20 0.6515625 0.259375 0.06796875 0.04375
21 0.46484375 0.43125 0.10625 0.03046875
21 0.72734375 0.29140625 0.07421875 0.06171875
22 0.46796875 0.18125 0.10859375 0.1125
23 0.57421875 0.140625 0.06171875 0.05390625