0 0.24609375 0.56796875 0.13203125 0.1078125
0 0.77734375 0.6671875 0.2078125 0.11640625
1 0.12734375 0.46953125 0.14609375 0.1625
1 0.4046875 0.11015625 0.29921875 0.06875
2 0.7328125 0.253125 0.153125 0.0828125
2 0.8765625 0.625 0.12890625 0.10234375
3 0.76484375 0.8171875 0.2203125 0.08046875
3 0.771875 0.46796875 0.1171875 0.1046875
4 0.47421875 0.39453125 0.16328125 0.15234375
4 0.4953125 0.3375 0.1234375 0.11015625
8 0.51640625 0.9125 0.15078125 0.13046875
8 0.28046875 0.29765625 0.08046875 0.19609375
9 0.665625 0.440625 0.09296875 0.15703125
9 0.1078125 0.61875 0.08203125 0.1046875
10 0.465625 0.71875 0.134375 0.0734375
10 0.3578125 0.515625 0.08046875 0.128125
11 0.40234375 0.7515625 0.14921875 0.09296875
11 0.46484375 0.38515625 0.1359375 0.0640625
5 0.9140625 0.5703125 0.1171875 0.11484375
5 0.14296875 0.24609375 0.0890625 0.11171875
6 0.4953125 0.24296875 0.16171875 0.07734375
6 0.621875 0.553125 0.17734375 0.0453125
7 0.246875 0.40859375 0.090625 0.1328125
7 0.75 0.6921875 0.15078125 0.0640625
12 0.48359375 0.20390625 0.13359375 0.09765625
12 0.64296875 0.725 0.14609375 0.04140625
13 0.23125 0.20703125 0.06171875 0.12265625
13 0.34296875 0.2390625 0.053125 0.109375
14 0.71640625 0.59296875 0.12578125 0.07734375
14 0.3296875 0.834375 0.065625 0.0890625
15 0.61171875 0.50390625 0.1171875 0.0484375
15 0.35078125 0.3796875 0.1 0.05546875
16 0.3390625 0.4171875 0.13046875 0.04609375
16 0.44921875 0.065625 0.09921875 0.0609375
17 0.3921875 0.1625 0.11015625 0.034375
17 0.521875 0.803125 0.0875 0.05703125
18 0.2546875 0.4734375 0.0875 0.05546875
18 0.55 0.70859375 0.06875 0.06796875
19 0.46953125 0.64609375 0.053125 0.06875
19 0.6421875 0.4375 0.05625 0.07734375
20 0.50078125 0.54140625 0.07578125 0.05703125
20 0.428125 0.2 0.071875 0.0484375
21 0.10234375 0.31640625 0.084375 0.0390625
21 0.4984375 0.58515625 0.09140625 0.0390625
22 0.66640625 0.86484375 0.1171875 0.07734375
22 0.52265625 0.8203125 0.13203125 0.075