0 0.62421875 0.4640625 0.21328125 0.16328125
0 0.57890625 0.221875 0.34765625 0.12265625
1 0.7609375 0.5390625 0.28828125 0.15546875
1 0.26171875 0.8125 0.26171875 0.16640625
2 0.86484375 0.34921875 0.11328125 0.2390625
2 0.2109375 0.72421875 0.14140625 0.24375
3 0.328125 0.63203125 0.24765625 0.11484375
3 0.31484375 0.740625 0.28125 0.0859375
4 0.82109375 0.78515625 0.171875 0.20546875
4 0.43984375 0.58125 0.21328125 0.1453125
8 0.646875 0.86875 0.12890625 0.1359375
8 0.54140625 0.84375 0.11796875 0.13125
9 0.24453125 0.50625 0.17734375 0.12578125
9 0.39765625 0.36875 0.196875 0.12109375
10 0.5390625 0.30703125 0.11796875 0.11796875
10 0.7359375 0.7984375 0.17421875 0.12421875
11 0.6109375 0.784375 0.121875 0.146875
11 0.69609375 0.415625 0.18125 0.12890625
5 0.42890625 0.79765625 0.16640625 0.134375
5 0.2953125 0.7 0.10390625 0.17109375
6 0.075 0.68125 0.11484375 0.1859375
6 0.17890625 0.7078125 0.19375 0.1328125
7 0.42890625 0.890625 0.14140625 0.0984375
7 0.49296875 0.35390625 0.21171875 0.08203125
12 0.6828125 0.2890625 0.1078125 0.12421875
12 0.53046875 0.0921875 0.16484375 0.10625
13 0.79296875 0.684375 0.11640625 0.1046875
13 0.49296875 0.178125 0.17890625 0.07734375
14 0.66484375 0.540625 0.146875 0.06484375
14 0.4625 0.51171875 0.16484375 0.05625
15 0.865625 0.5828125 0.0609375 0.12421875
15 0.50078125 0.44453125 0.05546875 0.11171875
16 0.7453125 0.6546875 0.11484375 0.0984375
16 0.2328125 0.45390625 0.1 0.12421875
17 0.4890625 0.66796875 0.11796875 0.07421875
17 0.6203125 0.76328125 0.12890625 0.05
18 0.446875 0.4640625 0.06640625 0.0890625
18 0.465625 0.56484375 0.10390625 0.06484375
19 0.428125 0.30078125 0.121875 0.06015625
19 0.696875 0.6265625 0.0609375 0.0875
20 0.5 0.803125 0.0859375 0.0515625
20 0.33046875 0.5859375 0.059375 0.059375
21 0.81328125 0.7125 0.075 0.07265625
21 0.77578125 0.59375 0.0828125 0.059375
22 0.61796875 0.37578125 0.0828125 0.17109375
22 0.71484375 0.89140625 0.09296875 0.1484375