0 0.71796875 0.87109375 0.21953125 0.165625
0 0.828125 0.459375 0.08203125 0.21484375
1 0.9015625 0.3984375 0.109375 0.21171875
1 0.7 0.3578125 0.10390625 0.3671875
2 0.28125 0.70625 0.1078125 0.21484375
2 0.14921875 0.57421875 0.10234375 0.303125
3 0.53125 0.51328125 0.1625 0.184375
3 0.5953125 0.4296875 0.1265625 0.19609375
4 0.49609375 0.8046875 0.1421875 0.17109375
4 0.421875 0.303125 0.1578125 0.2203125
8 0.36484375 0.9 0.23046875 0.11484375
8 0.578125 0.65859375 0.1296875 0.18984375
9 0.5375 0.09375 0.1484375 0.1265625
9 0.4796875 0.659375 0.07734375 0.184375
10 0.39921875 0.4390625 0.05859375 0.221875
10 0.44375 0.2796875 0.05703125 0.23203125
11 0.184375 0.48828125 0.134375 0.15390625
11 0.33671875 0.7484375 0.20546875 0.06953125
5 0.80859375 0.3328125 0.1421875 0.13671875
5 0.80078125 0.675 0.20546875 0.0609375
6 0.81015625 0.4828125 0.1765625 0.1
6 0.390625 0.65390625 0.11875 0.17109375
7 0.15234375 0.69296875 0.13125 0.103125
7 0.0734375 0.575 0.08984375 0.125
12 0.746875 0.3296875 0.06953125 0.1625
12 0.1140625 0.55859375 0.07890625 0.1625
13 0.85625 0.584375 0.1359375 0.065625
13 0.46953125 0.159375 0.18046875 0.07109375
14 0.303125 0.55390625 0.10078125 0.13671875
14 0.6359375 0.53828125 0.08984375 0.11171875
15 0.38125 0.28828125 0.10234375 0.13671875
15 0.2609375 0.18125 0.1203125 0.078125
16 0.64140625 0.19765625 0.1078125 0.15234375
16 0.5125 0.3140625 0.08046875 0.13359375
17 0.21953125 0.375 0.10390625 0.06953125
17 0.375 0.4 0.121875 0.05234375
18 0.6390625 0.6234375 0.09296875 0.059375
18 0.71640625 0.60390625 0.07421875 0.07421875
19 0.3546875 0.8015625 0.05234375 0.1
19 0.1859375 0.23203125 0.05859375 0.10859375
20 0.353125 0.53203125 0.04609375 0.08984375
20 0.23984375 0.246875 0.07890625 0.0609375
21 0.51953125 0.22890625 0.05703125 0.09296875
21 0.2484375 0.425 0.08671875 0.0640625
22 0.85546875 0.67578125 0.09921875 0.15390625
22 0.35234375 0.13359375 0.07578125 0.14921875