0 0.2375 0.32578125 0.0515625 0.29609375
0 0.365625 0.434375 0.1609375 0.1765625
1 0.6890625 0.240625 0.09765625 0.1421875
1 0.19375 0.4375 0.21171875 0.128125
2 0.5359375 0.45234375 0.059375 0.240625
2 0.42109375 0.87734375 0.15703125 0.13125
3 0.22734375 0.7 0.121875 0.18203125
3 0.21953125 0.58828125 0.06484375 0.190625
4 0.353125 0.775 0.0984375 0.13515625
4 0.24609375 0.54296875 0.146875 0.13515625
8 0.33515625 0.48671875 0.1390625 0.1125
8 0.5765625 0.68828125 0.1078125 0.1109375
9 0.26171875 0.08203125 0.10234375 0.1640625
9 0.3328125 0.22109375 0.0453125 0.18671875
10 0.4609375 0.66953125 0.1234375 0.0828125
10 0.175 0.5265625 0.10625 0.1296875
11 0.25078125 0.90625 0.11015625 0.08671875
11 0.16015625 0.49296875 0.084375 0.12109375
5 0.32890625 0.86875 0.1 0.10390625
5 0.26015625 0.53359375 0.03515625 0.16796875
6 0.3484375 0.7265625 0.04765625 0.159375
6 0.3875 0.42421875 0.06328125 0.15234375
7 0.071875 0.77890625 0.11796875 0.08984375
7 0.29921875 0.703125 0.05078125 0.146875
12 0.84375 0.1265625 0.05859375 0.12421875
12 0.35859375 0.290625 0.0375 0.1421875
13 0.4671875 0.628125 0.1 0.0484375
13 0.296875 0.3 0.08046875 0.13359375
14 0.2734375 0.70078125 0.0546875 0.08984375
14 0.2015625 0.41171875 0.04765625 0.12109375
15 0.3 0.24453125 0.05546875 0.109375
15 0.3109375 0.7765625 0.046875 0.1
16 0.315625 0.59375 0.04765625 0.1109375
16 0.4828125 0.7359375 0.05703125 0.10546875
17 0.26953125 0.940625 0.078125 0.05703125
17 0.971875 0.2046875 0.053125 0.0953125
18 0.46640625 0.446875 0.06875 0.07109375
18 0.27421875 0.17734375 0.07421875 0.05703125
19 0.2078125 0.8796875 0.0515625 0.09140625
19 0.28828125 0.58046875 0.0375 0.08515625
20 0.45859375 0.3703125 0.053125 0.07265625
20 0.3375 0.6390625 0.046875 0.0671875
21 0.5359375 0.63828125 0.04375 0.0828125
21 0.42578125 0.3796875 0.03984375 0.09140625
22 0.43671875 0.815625 0.09375 0.12265625
22 0.34296875 0.55 0.06328125 0.128125