0 0.18359375 0.53515625 0.10859375 0.1875
0 0.31171875 0.575 0.08046875 0.228125
1 0.33671875 0.5921875 0.1234375 0.09140625
1 0.71875 0.44140625 0.17265625 0.128125
2 0.40859375 0.646875 0.18828125 0.06328125
2 0.5765625 0.19765625 0.09765625 0.1390625
3 0.21953125 0.8 0.16015625 0.06484375
3 0.57421875 0.62734375 0.08046875 0.0890625
4 0.39140625 0.7546875 0.1171875 0.12109375
4 0.66328125 0.521875 0.16484375 0.0609375
8 0.77578125 0.16796875 0.15546875 0.075
8 0.48359375 0.3109375 0.15546875 0.06484375
9 0.690625 0.70703125 0.0984375 0.11015625
9 0.30546875 0.90703125 0.07421875 0.12109375
10 0.465625 0.7546875 0.1171875 0.08359375
10 0.596875 0.565625 0.1234375 0.0578125
11 0.659375 0.25703125 0.10234375 0.08359375
11 0.06875 0.634375 0.08984375 0.09609375
5 0.4140625 0.5296875 0.08515625 0.09140625
5 0.3671875 0.8046875 0.04921875 0.1203125
6 0.18828125 0.721875 0.10859375 0.09609375
6 0.41640625 0.9453125 0.10078125 0.10078125
7 0.46328125 0.3 0.0703125 0.11015625
7 0.64609375 0.34921875 0.04921875 0.10859375
12 0.5953125 0.171875 0.065625 0.084375
12 0.71875 0.28984375 0.04453125 0.0875
13 0.81640625 0.2359375 0.0984375 0.06953125
13 0.59140625 0.38515625 0.0453125 0.0859375
14 0.83515625 0.65625 0.08359375 0.084375
14 0.8609375 0.3453125 0.08359375 0.07734375
15 0.25390625 0.61953125 0.10390625 0.053125
15 0.4890625 0.44609375 0.0875 0.071875
16 0.87109375 0.3953125 0.075 0.06015625
16 0.4296875 0.8515625 0.0828125 0.07265625
17 0.5140625 0.7234375 0.071875 0.04609375
17 0.384375 0.36875 0.08515625 0.04140625
18 0.671875 0.396875 0.046875 0.06796875
18 0.46328125 0.41015625 0.065625 0.0578125
19 0.809375 0.0453125 0.07265625 0.0453125
19 0.30859375 0.70078125 0.05078125 0.06953125
20 0.65546875 0.21640625 0.053125 0.05
20 0.93671875 0.3546875 0.0453125 0.0625
21 0.53515625 0.6890625 0.059375 0.03671875
21 0.7171875 0.5109375 0.04296875 0.04140625
22 0.8359375 0.51796875 0.0515625 0.1296875
22 0.25703125 0.77734375 0.05546875 0.12109375