0 0.87578125 0.27109375 0.14921875 0.16875
0 0.515625 0.26484375 0.3703125 0.22890625
1 0.68984375 0.1328125 0.17109375 0.18125
1 0.49921875 0.17890625 0.2265625 0.24375
2 0.3078125 0.64375 0.14765625 0.17421875
2 0.5796875 0.22265625 0.296875 0.11171875
3 0.12109375 0.54375 0.09609375 0.24921875
3 0.72734375 0.36328125 0.23828125 0.2109375
4 0.53515625 0.4234375 0.12578125 0.2640625
4 0.34609375 0.4609375 0.11796875 0.21796875
8 0.325 0.209375 0.19296875 0.221875
8 0.75625 0.41171875 0.12578125 0.21953125
9 0.078125 0.53828125 0.10859375 0.15
9 0.684375 0.65234375 0.1828125 0.09921875
10 0.60859375 0.76953125 0.1578125 0.146875
10 0.3078125 0.4578125 0.175 0.128125
11 0.4859375 0.64375 0.1734375 0.14140625
11 0.415625 0.81484375 0.2046875 0.0765625
5 0.16015625 0.74375 0.15546875 0.13515625
5 0.38359375 0.49140625 0.13359375 0.15234375
6 0.4359375 0.39921875 0.1828125 0.0765625
6 0.62109375 0.50390625 0.12421875 0.146875
7 0.28125 0.7671875 0.16171875 0.1390625
7 0.56484375 0.4234375 0.14140625 0.1828125
12 0.79453125 0.6796875 0.10859375 0.15
12 0.29609375 0.909375 0.13984375 0.1078125
13 0.17421875 0.634375 0.0609375 0.15546875
13 0.4171875 0.8421875 0.0984375 0.14296875
14 0.446875 0.88671875 0.10234375 0.12109375
14 0.72578125 0.4078125 0.14375 0.1046875
15 0.8828125 0.484375 0.084375 0.1265625
15 0.2703125 0.86328125 0.128125 0.04609375
16 0.54140625 0.74375 0.14921875 0.0734375
16 0.23125 0.59921875 0.0609375 0.14296875
17 0.86015625 0.3734375 0.090625 0.11328125
17 0.45078125 0.62734375 0.13359375 0.05703125
18 0.34453125 0.80859375 0.11015625 0.053125
18 0.6484375 0.5703125 0.10859375 0.06796875
19 0.73203125 0.71328125 0.08671875 0.08984375
19 0.73125 0.56328125 0.053125 0.1046875
20 0.7453125 0.26171875 0.06484375 0.09921875
20 0.6546875 0.6296875 0.05703125 0.08828125
21 0.54140625 0.14921875 0.10625 0.05703125
21 0.5578125 0.60859375 0.07265625 0.09375
22 0.65859375 0.40859375 0.25 0.0953125
22 0.22578125 0.90625 0.1515625 0.0734375