0 0.36875 0.75703125 0.259375 0.2
0 0.2296875 0.46953125 0.16171875 0.1140625
1 0.1 0.65234375 0.12265625 0.22578125
1 0.390625 0.50234375 0.09453125 0.2515625
2 0.7265625 0.309375 0.2046875 0.10703125
2 0.75 0.4578125 0.1953125 0.09140625
3 0.84765625 0.7671875 0.10859375 0.17578125
3 0.2390625 0.34140625 0.18671875 0.121875
4 0.390625 0.471875 0.15078125 0.09140625
4 0.6359375 0.7328125 0.15703125 0.12421875
8 0.31328125 0.35625 0.12734375 0.14296875
8 0.25703125 0.7984375 0.13203125 0.12265625
9 0.4859375 0.20625 0.13359375 0.09140625
9 0.21953125 0.31875 0.07265625 0.1828125
10 0.5046875 0.34140625 0.14609375 0.11328125
10 0.46953125 0.56796875 0.13203125 0.12578125
11 0.521875 0.4484375 0.16484375 0.0875
11 0.62421875 0.6421875 0.16171875 0.071875
5 0.90546875 0.75546875 0.11484375 0.1375
5 0.19921875 0.80546875 0.13828125 0.065625
6 0.70859375 0.70703125 0.17578125 0.065625
6 0.7 0.546875 0.10859375 0.10703125
7 0.24140625 0.87734375 0.15390625 0.0828125
7 0.378125 0.090625 0.16640625 0.05
12 0.29921875 0.203125 0.07265625 0.1140625
12 0.375 0.0953125 0.0609375 0.115625
13 0.4359375 0.8359375 0.08515625 0.11328125
13 0.12734375 0.54375 0.10234375 0.071875
14 0.63046875 0.2234375 0.14921875 0.065625
14 0.528125 0.5890625 0.09921875 0.11015625
15 0.64140625 0.4515625 0.08046875 0.10703125
15 0.165625 0.75859375 0.07890625 0.06171875
16 0.2140625 0.2625 0.10546875 0.0671875
16 0.365625 0.834375 0.07578125 0.08125
17 0.4328125 0.24140625 0.08828125 0.0671875
17 0.5765625 0.8234375 0.08515625 0.09609375
18 0.36015625 0.2671875 0.08984375 0.0484375
18 0.80234375 0.375 0.09765625 0.0484375
19 0.43359375 0.89296875 0.08671875 0.07421875
19 0.51171875 0.1 0.08828125 0.07421875
20 0.575 0.2546875 0.0578125 0.06875
20 0.4765625 0.13671875 0.053125 0.06171875
21 0.1921875 0.91875 0.08046875 0.06015625
21 0.70625 0.653125 0.08359375 0.05
22 0.80546875 0.596875 0.13515625 0.13984375
23 0.5578125 0.14921875 0.07109375 0.05859375