0 0.91015625 0.6125 0.11796875 0.2453125
0 0.15859375 0.38671875 0.09375 0.25546875
1 0.52890625 0.08671875 0.25390625 0.1078125
1 0.13359375 0.13671875 0.17578125 0.1234375
2 0.684375 0.46875 0.15 0.1578125
2 0.20078125 0.70234375 0.11484375 0.196875
3 0.22890625 0.6671875 0.1796875 0.1015625
3 0.39375 0.8703125 0.1859375 0.1125
4 0.37109375 0.71953125 0.053125 0.175
4 0.24609375 0.22578125 0.06640625 0.1953125
8 0.390625 0.3234375 0.11953125 0.1484375
8 0.26953125 0.34609375 0.1484375 0.13125
9 0.509375 0.71953125 0.07890625 0.115625
9 0.42734375 0.3296875 0.15703125 0.0828125
10 0.74296875 0.6125 0.1453125 0.0984375
10 0.4515625 0.4796875 0.06328125 0.1515625
11 0.64609375 0.2359375 0.0578125 0.15
11 0.54140625 0.92578125 0.12890625 0.0734375
5 0.2796875 0.4921875 0.1421875 0.0796875
5 0.6015625 0.27578125 0.0890625 0.125
6 0.46328125 0.8515625 0.15546875 0.06875
6 0.334375 0.3953125 0.1390625 0.0796875
7 0.79921875 0.775 0.15 0.096875
7 0.7078125 0.6875 0.15859375 0.0515625
12 0.7921875 0.24921875 0.11484375 0.0890625
12 0.8015625 0.39296875 0.0875 0.1125
13 0.6859375 0.84609375 0.12421875 0.0859375
13 0.490625 0.46015625 0.07265625 0.103125
14 0.3171875 0.72734375 0.07890625 0.10625
14 0.26796875 0.2296875 0.11953125 0.065625
15 0.60859375 0.79140625 0.0890625 0.0953125
15 0.65234375 0.55703125 0.10625 0.053125
16 0.40078125 0.1875 0.09375 0.0875
16 0.478125 0.28671875 0.103125 0.059375
17 0.68984375 0.3484375 0.090625 0.0765625
17 0.40859375 0.63984375 0.07734375 0.08125
18 0.86171875 0.5890625 0.07578125 0.0734375
18 0.65859375 0.4171875 0.053125 0.0859375
19 0.31015625 0.64921875 0.0875 0.046875
19 0.565625 0.6953125 0.06484375 0.0796875
20 0.5296875 0.1375 0.08046875 0.05625
20 0.278125 0.1828125 0.06171875 0.065625
21 0.6921875 0.290625 0.06328125 0.0671875
21 0.4859375 0.4 0.07734375 0.0515625
22 0.5265625 0.2234375 0.090625 0.0875
22 0.903125 0.71875 0.09375 0.1484375