0 0.665625 0.26796875 0.20546875 0.0890625
0 0.5546875 0.71015625 0.084375 0.20859375
1 0.7171875 0.6765625 0.20390625 0.12578125
1 0.6578125 0.3109375 0.0953125 0.16171875
2 0.47421875 0.78671875 0.20703125 0.09609375
2 0.8640625 0.91015625 0.10703125 0.09296875
3 0.775 0.35390625 0.19765625 0.0578125
3 0.3328125 0.665625 0.12421875 0.1359375
4 0.403125 0.74453125 0.11328125 0.13984375
4 0.46640625 0.14296875 0.09375 0.11015625
8 0.7359375 0.859375 0.07421875 0.13046875
8 0.49609375 0.16484375 0.0921875 0.1140625
9 0.35859375 0.72734375 0.12109375 0.1234375
9 0.57734375 0.4515625 0.0484375 0.1265625
10 0.25625 0.77734375 0.10859375 0.1
10 0.56875 0.13125 0.06640625 0.1125
11 0.43203125 0.0578125 0.1390625 0.07421875
11 0.78515625 0.38984375 0.15234375 0.0375
5 0.35625 0.378125 0.08125 0.103125
5 0.80859375 0.36640625 0.0859375 0.1046875
6 0.36796875 0.24140625 0.07890625 0.10703125
6 0.66171875 0.5140625 0.15234375 0.0421875
7 0.43828125 0.47265625 0.1265625 0.06796875
7 0.5359375 0.4703125 0.05859375 0.103125
12 0.334375 0.48515625 0.06015625 0.08359375
12 0.7125 0.709375 0.05625 0.09296875
13 0.80078125 0.9609375 0.08125 0.0765625
13 0.45703125 0.6375 0.10859375 0.05859375
14 0.66484375 0.60078125 0.08125 0.075
14 0.7328125 0.50625 0.090625 0.06796875
15 0.63984375 0.6359375 0.06328125 0.0671875
15 0.70234375 0.2984375 0.06796875 0.065625
16 0.0953125 0.765625 0.096875 0.06484375
16 0.3953125 0.38046875 0.05625 0.075
17 0.303125 0.35625 0.0953125 0.05078125
17 0.43046875 0.5625 0.0515625 0.0671875
18 0.67421875 0.284375 0.06328125 0.03984375
18 0.8671875 0.6 0.06484375 0.0578125
19 0.640625 0.44921875 0.0875 0.0390625
19 0.5234375 0.10859375 0.0859375 0.04375
20 0.42421875 0.4515625 0.05859375 0.046875
20 0.75390625 0.45625 0.0515625 0.0484375
21 0.51328125 0.27890625 0.07421875 0.04140625
21 0.81484375 0.5234375 0.07265625 0.0421875
22 0.2953125 0.63359375 0.0921875 0.07421875
22 0.50859375 0.3171875 0.15390625 0.07265625