0 0.39296875 0.60390625 0.16796875 0.1671875
0 0.534375 0.27109375 0.25078125 0.13046875
1 0.809375 0.7046875 0.24453125 0.12890625
1 0.5859375 0.2140625 0.16640625 0.30234375
2 0.228125 0.703125 0.15859375 0.18515625
2 0.4078125 0.4109375 0.1859375 0.1265625
3 0.7953125 0.559375 0.29140625 0.13515625
3 0.75546875 0.09296875 0.1328125 0.1484375
4 0.4859375 0.14609375 0.31875 0.13046875
4 0.22421875 0.48359375 0.1234375 0.265625
8 0.52265625 0.86328125 0.1796875 0.23515625
8 0.38671875 0.12265625 0.22890625 0.10390625
9 0.8203125 0.63828125 0.10546875 0.16875
9 0.84765625 0.49296875 0.22734375 0.11328125
10 0.7609375 0.253125 0.1328125 0.1890625
10 0.09296875 0.38203125 0.14296875 0.1734375
11 0.78359375 0.38203125 0.21328125 0.05
11 0.58828125 0.8375 0.240625 0.06875
5 0.659375 0.66953125 0.20390625 0.09375
5 0.86484375 0.53046875 0.078125 0.175
6 0.17890625 0.22265625 0.24453125 0.071875
6 0.709375 0.5375 0.19765625 0.10546875
7 0.65 0.40546875 0.1796875 0.12890625
7 0.7375 0.50703125 0.1640625 0.15703125
12 0.63671875 0.3828125 0.18203125 0.11015625
12 0.5765625 0.2484375 0.08046875 0.16484375
13 0.80234375 0.41640625 0.1875 0.0453125
13 0.46171875 0.62890625 0.21171875 0.04296875
14 0.60859375 0.2703125 0.09375 0.1265625
14 0.45859375 0.24453125 0.178125 0.06640625
15 0.5390625 0.54140625 0.08828125 0.128125
15 0.38671875 0.24453125 0.1 0.075
16 0.20546875 0.4734375 0.13671875 0.11875
16 0.68125 0.21015625 0.12109375 0.1265625
17 0.7125 0.46796875 0.11328125 0.06875
17 0.08671875 0.35859375 0.13125 0.08828125
18 0.4234375 0.13984375 0.1234375 0.05859375
18 0.74296875 0.5109375 0.0921875 0.10859375
19 0.246875 0.33828125 0.07421875 0.08984375
19 0.64609375 0.60625 0.0625 0.08515625
20 0.271875 0.4046875 0.1171875 0.04296875
20 0.4265625 0.1859375 0.05078125 0.06875
21 0.63046875 0.53984375 0.07421875 0.05703125
21 0.91015625 0.4703125 0.0625 0.06015625
22 0.60546875 0.53046875 0.08046875 0.19375
23 0.36171875 0.36328125 0.0625 0.078125