0 0.709375 0.56484375 0.184375 0.2234375
0 0.553125 0.84609375 0.27890625 0.1421875
1 0.66328125 0.16796875 0.16484375 0.1734375
1 0.45546875 0.18046875 0.15859375 0.25234375
2 0.3359375 0.390625 0.2078125 0.08203125
2 0.34609375 0.49765625 0.21796875 0.13046875
3 0.71171875 0.41328125 0.1375 0.16484375
3 0.51015625 0.79296875 0.12578125 0.19921875
4 0.8875 0.6203125 0.19296875 0.1171875
4 0.61328125 0.61875 0.15078125 0.16875
8 0.56875 0.43359375 0.07890625 0.19921875
8 0.45 0.625 0.13984375 0.10625
9 0.2890625 0.24375 0.059375 0.20625
9 0.72265625 0.87109375 0.17890625 0.1234375
10 0.6 0.79609375 0.12578125 0.1390625
10 0.11328125 0.16796875 0.15703125 0.07578125
11 0.35546875 0.65078125 0.09375 0.1515625
11 0.38359375 0.2453125 0.07265625 0.159375
5 0.4890625 0.4953125 0.15859375 0.05
5 0.9125 0.65703125 0.09453125 0.09921875
6 0.8296875 0.71640625 0.084375 0.1515625
6 0.70390625 0.21328125 0.0828125 0.16328125
7 0.14296875 0.10703125 0.14375 0.13046875
7 0.4046875 0.815625 0.1296875 0.08203125
12 0.3671875 0.31171875 0.0859375 0.11328125
12 0.55 0.575 0.0859375 0.09296875
13 0.63515625 0.940625 0.12734375 0.07890625
13 0.29453125 0.39375 0.075 0.140625
14 0.1265625 0.1734375 0.09453125 0.134375
14 0.68203125 0.89453125 0.10390625 0.09296875
15 0.2515625 0.5953125 0.0859375 0.09296875
15 0.471875 0.259375 0.0515625 0.11484375
16 0.5046875 0.19140625 0.0828125 0.09609375
16 0.38046875 0.41875 0.1078125 0.04765625
17 0.871875 0.75078125 0.05859375 0.10625
17 0.68828125 0.7390625 0.07421875 0.0890625
18 0.78125 0.53203125 0.0765625 0.06484375
18 0.42265625 0.571875 0.0515625 0.09765625
19 0.915625 0.759375 0.0828125 0.0828125
19 0.4640625 0.37734375 0.06875 0.0875
20 0.628125 0.5328125 0.04296875 0.07734375
20 0.76484375 0.571875 0.06640625 0.04296875
21 0.6515625 0.43515625 0.0609375 0.07734375
21 0.4640625 0.61640625 0.0515625 0.06328125
22 0.40859375 0.81171875 0.14765625 0.11640625
23 0.26328125 0.496875 0.075 0.05703125