0 0.70546875 0.171875 0.2015625 0.16015625
0 0.76484375 0.221875 0.30625 0.15703125
1 0.8 0.675 0.17734375 0.196875
1 0.19765625 0.6140625 0.27734375 0.1453125
2 0.33984375 0.2484375 0.09375 0.2359375
2 0.51484375 0.83125 0.265625 0.0984375
3 0.5109375 0.8875 0.1296875 0.140625
3 0.703125 0.75078125 0.08203125 0.22421875
4 0.4265625 0.31953125 0.1046875 0.22578125
4 0.57421875 0.50234375 0.234375 0.10625
8 0.3484375 0.521875 0.08359375 0.22265625
8 0.5265625 0.428125 0.1734375 0.190625
9 0.59375 0.7796875 0.07890625 0.1953125
9 0.6421875 0.68984375 0.0609375 0.20703125
10 0.5671875 0.60390625 0.17734375 0.12890625
10 0.24765625 0.36953125 0.15390625 0.11171875
11 0.6765625 0.4203125 0.1265625 0.1328125
11 0.32421875 0.61171875 0.1609375 0.13046875
5 0.75234375 0.3734375 0.0984375 0.16796875
5 0.465625 0.11953125 0.1671875 0.1328125
6 0.8734375 0.5125 0.1015625 0.1328125
6 0.5765625 0.2921875 0.171875 0.0578125
7 0.37109375 0.80546875 0.1296875 0.11796875
7 0.78828125 0.496875 0.05546875 0.16953125
12 0.8421875 0.378125 0.1 0.12578125
12 0.3953125 0.2515625 0.07578125 0.12734375
13 0.23828125 0.21328125 0.1 0.1328125
13 0.86171875 0.61875 0.1390625 0.11328125
14 0.60703125 0.45390625 0.11953125 0.09375
14 0.10703125 0.3890625 0.1265625 0.11015625
15 0.4453125 0.6140625 0.12265625 0.06484375
15 0.190625 0.6765625 0.09375 0.090625
16 0.7953125 0.77265625 0.08515625 0.08203125
16 0.71640625 0.79140625 0.1046875 0.10625
17 0.28359375 0.73671875 0.08515625 0.090625
17 0.5078125 0.753125 0.0953125 0.0875
18 0.71875 0.4953125 0.096875 0.06015625
18 0.5171875 0.18203125 0.1 0.05
19 0.62265625 0.1765625 0.1015625 0.046875
19 0.61171875 0.13515625 0.1015625 0.053125
20 0.41875 0.72421875 0.0671875 0.046875
20 0.36484375 0.71640625 0.0703125 0.07265625
21 0.12265625 0.4375 0.08203125 0.0515625
21 0.25703125 0.50546875 0.08515625 0.0515625
22 0.16328125 0.47734375 0.11015625 0.146875
22 0.1625 0.60078125 0.14453125 0.1453125