0 0.12109375 0.4234375 0.1 0.265625
0 0.5734375 0.6203125 0.23828125 0.065625
1 0.3921875 0.7671875 0.16953125 0.18984375
1 0.4875 0.7140625 0.1921875 0.14921875
2 0.9015625 0.4765625 0.14140625 0.1859375
2 0.675 0.38828125 0.11015625 0.13359375
3 0.365625 0.43515625 0.13671875 0.153125
3 0.41328125 0.5125 0.17890625 0.07578125
4 0.6 0.6890625 0.1546875 0.0953125
4 0.1359375 0.60234375 0.0875 0.19375
8 0.6296875 0.42734375 0.08203125 0.184375
8 0.0828125 0.24609375 0.14296875 0.13203125
9 0.20234375 0.43984375 0.065625 0.16640625
9 0.509375 0.33203125 0.096875 0.1609375
10 0.46875 0.459375 0.13828125 0.08125
10 0.47421875 0.57265625 0.13359375 0.07578125
11 0.65390625 0.52578125 0.1234375 0.0875
11 0.621875 0.73515625 0.11875 0.0640625
5 0.76796875 0.4484375 0.05625 0.1609375
5 0.40546875 0.19765625 0.10390625 0.14765625
6 0.31171875 0.13984375 0.08046875 0.13203125
6 0.58046875 0.41796875 0.0984375 0.1453125
7 0.52890625 0.7796875 0.1203125 0.07578125
7 0.8296875 0.4765625 0.07109375 0.1359375
12 0.42890625 0.3390625 0.10234375 0.08125
12 0.46328125 0.6 0.08046875 0.1296875
13 0.51640625 0.50390625 0.07265625 0.11640625
13 0.37890625 0.6265625 0.0671875 0.11796875
14 0.65078125 0.34296875 0.07421875 0.1203125
14 0.51796875 0.4109375 0.0921875 0.05
15 0.58828125 0.5328125 0.07109375 0.096875
15 0.32734375 0.62421875 0.0921875 0.05390625
16 0.3484375 0.39609375 0.05234375 0.10234375
16 0.27890625 0.42734375 0.0671875 0.09921875
17 0.4953125 0.8640625 0.07890625 0.08125
17 0.1453125 0.4046875 0.0578125 0.09296875
18 0.56328125 0.56484375 0.04765625 0.08359375
18 0.48828125 0.684375 0.065625 0.046875
19 0.63671875 0.11015625 0.0625 0.0890625
19 0.2765625 0.28203125 0.07578125 0.06796875
20 0.275 0.50859375 0.05234375 0.071875
20 0.609375 0.41796875 0.0578125 0.05625
21 0.38359375 0.096875 0.07265625 0.065625
21 0.3953125 0.45 0.04765625 0.08125
22 0.67578125 0.75703125 0.10546875 0.13359375
22 0.47421875 0.57265625 0.13359375 0.07578125
23 0.49765625 0.6375 0.05078125 0.0734375