0 0.19765625 0.34140625 0.22890625 0.215625
0 0.63046875 0.26328125 0.16015625 0.2046875
1 0.24921875 0.846875 0.1515625 0.1578125
1 0.5984375 0.30390625 0.125 0.153125
2 0.1234375 0.659375 0.1859375 0.1015625
2 0.67421875 0.2796875 0.20390625 0.06953125
3 0.48125 0.746875 0.19375 0.1359375
3 0.43046875 0.08359375 0.2140625 0.06796875
4 0.4890625 0.32734375 0.1265625 0.15546875
4 0.23046875 0.11015625 0.115625 0.1265625
8 0.2546875 0.62734375 0.10703125 0.1734375
8 0.38515625 0.75859375 0.1015625 0.15703125
9 0.42890625 0.3765625 0.1515625 0.13671875
9 0.14765625 0.55390625 0.16328125 0.0875
10 0.39765625 0.43203125 0.071875 0.15390625
10 0.11640625 0.453125 0.10390625 0.15390625
11 0.8296875 0.45390625 0.10703125 0.12890625
11 0.79609375 0.3609375 0.165625 0.06640625
5 0.18125 0.684375 0.115625 0.12265625
5 0.31796875 0.74921875 0.1796875 0.04921875
6 0.4921875 0.5296875 0.0734375 0.14375
6 0.63828125 0.1 0.0734375 0.15
7 0.76796875 0.66875 0.165625 0.1109375
7 0.5671875 0.34609375 0.06640625 0.159375
12 0.52265625 0.6546875 0.07421875 0.0953125
12 0.6890625 0.44921875 0.0984375 0.125
13 0.40625 0.2640625 0.05078125 0.1203125
13 0.93984375 0.4234375 0.10546875 0.13203125
14 0.47890625 0.16015625 0.1421875 0.06640625
14 0.221875 0.36640625 0.0953125 0.103125
15 0.19375 0.4859375 0.0953125 0.05390625
15 0.47734375 0.65703125 0.096875 0.0953125
16 0.52109375 0.28671875 0.04375 0.11328125
16 0.64921875 0.3703125 0.071875 0.05859375
17 0.121875 0.33046875 0.08828125 0.07578125
17 0.7703125 0.30390625 0.1 0.05859375
18 0.61796875 0.625 0.10234375 0.0546875
18 0.10625 0.47265625 0.08828125 0.065625
19 0.3703125 0.9140625 0.0828125 0.07578125
19 0.715625 0.19921875 0.059375 0.08203125
20 0.7453125 0.459375 0.059375 0.0578125
20 0.56796875 0.45703125 0.0703125 0.0578125
21 0.221875 0.4390625 0.0859375 0.040625
21 0.6203125 0.41796875 0.06171875 0.06015625
22 0.2921875 0.33359375 0.1375 0.08203125
22 0.45 0.54453125 0.05625 0.15703125