0 0.5515625 0.46015625 0.084375 0.10859375
0 0.24765625 0.61875 0.15859375 0.16796875
1 0.65234375 0.26796875 0.14296875 0.13046875
1 0.4546875 0.44921875 0.103125 0.21875
2 0.68828125 0.42734375 0.15234375 0.075
2 0.684375 0.46875 0.03671875 0.20703125
3 0.634375 0.15859375 0.13125 0.08359375
3 0.653125 0.49296875 0.1546875 0.0453125
4 0.61484375 0.6796875 0.134375 0.09296875
4 0.59453125 0.28125 0.13359375 0.0765625
8 0.93828125 0.73359375 0.0859375 0.15625
8 0.68984375 0.11171875 0.11875 0.11328125
9 0.853125 0.353125 0.0515625 0.16015625
9 0.81484375 0.565625 0.08828125 0.14765625
10 0.91328125 0.27578125 0.05546875 0.0859375
10 0.65703125 0.4671875 0.0359375 0.14921875
11 0.2265625 0.56328125 0.096875 0.096875
11 0.66796875 0.21875 0.11015625 0.07265625
5 0.74375 0.34375 0.10625 0.06484375
5 0.59453125 0.28515625 0.06875 0.134375
6 0.25078125 0.76796875 0.10703125 0.065625
6 0.54765625 0.43828125 0.05234375 0.13671875
7 0.6609375 0.1125 0.08203125 0.10859375
7 0.4625 0.60859375 0.0390625 0.13984375
12 0.34453125 0.62890625 0.07578125 0.09140625
12 0.22265625 0.6984375 0.08515625 0.05546875
13 0.884375 0.215625 0.0875 0.08203125
13 0.14453125 0.63671875 0.07265625 0.09375
14 0.27265625 0.4734375 0.07578125 0.08203125
14 0.6328125 0.0609375 0.0703125 0.065625
15 0.45703125 0.2484375 0.0828125 0.06171875
15 0.4046875 0.6203125 0.0453125 0.10859375
16 0.55078125 0.17578125 0.0484375 0.09375
16 0.6859375 0.059375 0.0609375 0.09921875
17 0.41875 0.7375 0.06015625 0.0765625
17 0.04765625 0.7953125 0.0609375 0.05625
18 0.24375 0.45390625 0.0640625 0.05
18 0.53203125 0.253125 0.06015625 0.06015625
19 0.59765625 0.6375 0.0578125 0.05234375
19 0.7625 0.25703125 0.04140625 0.0875
20 0.28671875 0.7109375 0.03671875 0.06953125
20 0.30859375 0.78125 0.03359375 0.06171875
21 0.48125 0.52421875 0.03125 0.08046875
21 0.16171875 0.9640625 0.05859375 0.0453125
22 0.58046875 0.35546875 0.1125 0.065625
23 0.603125 0.10390625 0.0609375 0.0390625