0 0.48203125 0.14140625 0.1109375 0.2421875
0 0.70625 0.28828125 0.11015625 0.0859375
1 0.65390625 0.365625 0.0953125 0.0859375
1 0.5828125 0.7046875 0.05703125 0.1515625
2 0.24765625 0.4140625 0.19296875 0.071875
2 0.6078125 0.275 0.16796875 0.16875
3 0.18671875 0.5296875 0.1484375 0.09921875
3 0.853125 0.85078125 0.08359375 0.14921875
4 0.08671875 0.59453125 0.08359375 0.18359375
4 0.7203125 0.35078125 0.14375 0.04609375
8 0.54140625 0.10859375 0.121875 0.07734375
8 0.48828125 0.13125 0.14609375 0.0734375
9 0.49765625 0.2546875 0.084375 0.121875
9 0.43359375 0.43515625 0.084375 0.10859375
10 0.45078125 0.359375 0.11953125 0.04296875
10 0.5796875 0.20703125 0.09921875 0.09296875
11 0.5734375 0.45546875 0.07265625 0.1203125
11 0.28359375 0.4109375 0.05546875 0.13203125
5 0.834375 0.315625 0.0890625 0.1078125
5 0.5015625 0.1671875 0.06796875 0.13046875
6 0.25234375 0.3796875 0.06796875 0.16640625
6 0.828125 0.81484375 0.1125 0.06484375
7 0.7859375 0.31640625 0.0859375 0.1
7 0.46015625 0.590625 0.1234375 0.05
12 0.903125 0.42421875 0.0421875 0.1
12 0.2546875 0.278125 0.07734375 0.09140625
13 0.540625 0.38046875 0.08125 0.05625
13 0.55546875 0.28125 0.05546875 0.05625
14 0.665625 0.3171875 0.084375 0.04453125
14 0.33046875 0.515625 0.08828125 0.06328125
15 0.6421875 0.159375 0.078125 0.05625
15 0.83359375 0.88984375 0.05078125 0.0828125
16 0.92890625 0.9125 0.07734375 0.08046875
16 0.33125 0.5234375 0.078125 0.0875
17 0.5265625 0.44453125 0.03828125 0.084375
17 0.9109375 0.36875 0.0640625 0.0703125
18 0.596875 0.2265625 0.05703125 0.04609375
18 0.6875 0.23671875 0.0625 0.0390625
19 0.6015625 0.3203125 0.05546875 0.04140625
19 0.6046875 0.5984375 0.06875 0.04140625
20 0.25703125 0.540625 0.03515625 0.05859375
20 0.4953125 0.31875 0.0359375 0.05625
21 0.39921875 0.5296875 0.06171875 0.0390625
21 0.590625 0.36875 0.03828125 0.06484375
22 0.15234375 0.4046875 0.09453125 0.11640625
22 0.6328125 0.7015625 0.075 0.0734375