0 0.74765625 0.49765625 0.121875 0.20625
0 0.453125 0.41875 0.1890625 0.16015625
1 0.56484375 0.16328125 0.146875 0.2375
1 0.33671875 0.65859375 0.059375 0.26328125
2 0.78203125 0.72734375 0.1328125 0.21875
2 0.11484375 0.61484375 0.1328125 0.17578125
3 0.8953125 0.46484375 0.09375 0.1859375
3 0.87265625 0.2140625 0.1546875 0.1703125
4 0.3984375 0.86796875 0.1140625 0.14296875
4 0.38203125 0.7828125 0.171875 0.103125
8 0.203125 0.30234375 0.084375 0.18046875
8 0.12890625 0.69453125 0.1515625 0.1390625
9 0.45390625 0.13046875 0.1 0.14140625
9 0.75546875 0.534375 0.1203125 0.1390625
10 0.75234375 0.1984375 0.0796875 0.16328125
10 0.821875 0.26328125 0.059375 0.16484375
11 0.64609375 0.72578125 0.1 0.10859375
11 0.29453125 0.35390625 0.1375 0.06015625
5 0.70546875 0.3921875 0.128125 0.11015625
5 0.13203125 0.703125 0.0546875 0.16328125
6 0.43984375 0.36953125 0.075 0.15
6 0.36484375 0.24765625 0.109375 0.09609375
7 0.52421875 0.290625 0.128125 0.09609375
7 0.3859375 0.69765625 0.0921875 0.115625
12 0.55625 0.78203125 0.0515625 0.12890625
12 0.528125 0.425 0.1328125 0.07890625
13 0.340625 0.29765625 0.1171875 0.0859375
13 0.5140625 0.1515625 0.0703125 0.10703125
14 0.64375 0.87421875 0.0921875 0.11015625
14 0.28125 0.6375 0.0484375 0.115625
15 0.39375 0.60078125 0.1015625 0.06875
15 0.20390625 0.696875 0.0640625 0.10703125
16 0.26328125 0.503125 0.090625 0.07734375
16 0.8546875 0.12734375 0.065625 0.0828125
17 0.41640625 0.1265625 0.08125 0.0640625
17 0.6140625 0.815625 0.0828125 0.06875
18 0.7234375 0.0609375 0.0859375 0.05703125
18 0.2234375 0.41796875 0.0625 0.09296875
19 0.575 0.89140625 0.0515625 0.08984375
19 0.0875 0.5375 0.05 0.1015625
20 0.51796875 0.7453125 0.059375 0.0828125
20 0.65078125 0.140625 0.0625 0.05703125
21 0.55546875 0.68515625 0.08125 0.0515625
21 0.48515625 0.88515625 0.046875 0.08125
22 0.23828125 0.703125 0.0671875 0.16328125
23 0.24609375 0.54609375 0.0609375 0.0640625