0 0.6296875 0.74921875 0.23828125 0.21796875
0 0.7546875 0.65703125 0.16328125 0.12578125
1 0.38203125 0.7234375 0.265625 0.13125
1 0.49765625 0.659375 0.27109375 0.09609375
2 0.26796875 0.42578125 0.15078125 0.0984375
2 0.52265625 0.278125 0.1765625 0.1890625
3 0.36484375 0.2734375 0.1984375 0.1578125
3 0.46171875 0.17578125 0.08359375 0.21640625
4 0.6625 0.43125 0.1984375 0.15234375
4 0.2 0.61640625 0.09453125 0.19296875
8 0.5984375 0.871875 0.178125 0.14765625
8 0.31796875 0.52734375 0.1203125 0.178125
9 0.45 0.50625 0.13671875 0.165625
9 0.61796875 0.1125 0.17109375 0.1203125
10 0.64453125 0.30234375 0.165625 0.10703125
10 0.63125 0.72421875 0.14921875 0.1
11 0.85234375 0.52421875 0.1671875 0.11796875
11 0.29921875 0.5390625 0.11796875 0.14765625
5 0.5046875 0.7515625 0.13671875 0.14375
5 0.49375 0.52265625 0.1765625 0.10390625
6 0.27890625 0.1875 0.165625 0.1015625
6 0.2375 0.54765625 0.1 0.13125
7 0.7875 0.271875 0.07265625 0.1796875
7 0.13671875 0.45234375 0.14921875 0.13125
12 0.33125 0.321875 0.11640625 0.0875
12 0.2125 0.4984375 0.1015625 0.1015625
13 0.8296875 0.44296875 0.14765625 0.08203125
13 0.42734375 0.42890625 0.0875 0.1203125
14 0.38515625 0.8953125 0.1453125 0.078125
14 0.44921875 0.71875 0.14921875 0.0453125
15 0.8046875 0.8453125 0.1 0.109375
15 0.33515625 0.8 0.12890625 0.06171875
16 0.43984375 0.6 0.07265625 0.0984375
16 0.29609375 0.6546875 0.0578125 0.1234375
17 0.684375 0.578125 0.1 0.090625
17 0.14296875 0.62578125 0.078125 0.0984375
18 0.61171875 0.57109375 0.09296875 0.06171875
18 0.5390625 0.49921875 0.0890625 0.06328125
19 0.2984375 0.278125 0.090625 0.0765625
19 0.315625 0.83515625 0.09296875 0.05625
20 0.66015625 0.3546875 0.08359375 0.0578125
20 0.53828125 0.42421875 0.0578125 0.07421875
21 0.5390625 0.66484375 0.0671875 0.0890625
21 0.49609375 0.78359375 0.04765625 0.1015625
22 0.72109375 0.85078125 0.10390625 0.1671875
22 0.6296875 0.72421875 0.14765625 0.1
23 0.22734375 0.79609375 0.06171875 0.0765625