0 0.8140625 0.82109375 0.11953125 0.22578125
0 0.64609375 0.11328125 0.171875 0.10078125
1 0.91640625 0.55859375 0.15234375 0.20078125
1 0.65 0.8203125 0.23046875 0.1390625
2 0.19453125 0.48046875 0.08984375 0.19296875
2 0.60078125 0.83203125 0.09765625 0.14765625
3 0.353125 0.7671875 0.1109375 0.17265625
3 0.240625 0.6609375 0.06171875 0.17734375
4 0.415625 0.27421875 0.1421875 0.13359375
4 0.3359375 0.43828125 0.0765625 0.15390625
8 0.42421875 0.85234375 0.1453125 0.13203125
8 0.38046875 0.5640625 0.134375 0.1421875
9 0.71328125 0.51796875 0.1421875 0.10546875
9 0.6890625 0.40859375 0.15703125 0.0875
10 0.83671875 0.69921875 0.09296875 0.1390625
10 0.66796875 0.63359375 0.078125 0.08515625
11 0.28359375 0.15703125 0.13359375 0.10390625
11 0.74140625 0.57890625 0.1 0.115625
5 0.2578125 0.27109375 0.078125 0.140625
5 0.7359375 0.78671875 0.08828125 0.121875
6 0.3140625 0.353125 0.14375 0.046875
6 0.19765625 0.24609375 0.140625 0.10546875
7 0.3234375 0.21953125 0.1015625 0.1109375
7 0.6640625 0.33125 0.06171875 0.1375
12 0.19609375 0.765625 0.08671875 0.090625
12 0.1671875 0.66484375 0.1125 0.05234375
13 0.3609375 0.28828125 0.1015625 0.07890625
13 0.371875 0.4671875 0.04921875 0.10546875
14 0.1953125 0.30390625 0.09453125 0.06875
14 0.165625 0.35078125 0.09765625 0.07734375
15 0.65390625 0.1765625 0.08046875 0.08359375
15 0.69453125 0.859375 0.09296875 0.05234375
16 0.51171875 0.86171875 0.0625 0.0890625
16 0.125 0.61015625 0.09765625 0.05703125
17 0.1140625 0.54296875 0.08984375 0.05234375
17 0.4671875 0.87421875 0.04765625 0.08515625
18 0.384375 0.21484375 0.078125 0.05859375
18 0.5703125 0.65859375 0.078125 0.046875
19 0.71015625 0.47890625 0.05546875 0.0671875
19 0.71640625 0.66640625 0.0734375 0.05
20 0.61328125 0.68828125 0.04921875 0.06171875
20 0.63125 0.465625 0.0640625 0.04375
21 0.6546875 0.4921875 0.04375 0.0640625
21 0.29609375 0.74609375 0.04765625 0.065625
22 0.66015625 0.05078125 0.15234375 0.065625
23 0.7015625 0.9328125 0.05234375 0.05859375