0 0.45078125 0.3984375 0.1515625 0.24296875
0 0.52734375 0.85703125 0.18828125 0.13828125
1 0.7375 0.82734375 0.25625 0.1015625
1 0.35625 0.24375 0.1609375 0.15234375
2 0.5625 0.0984375 0.32421875 0.1015625
2 0.68046875 0.621875 0.14921875 0.1203125
3 0.190625 0.7875 0.2015625 0.15703125
3 0.3609375 0.196875 0.24453125 0.14453125
4 0.3828125 0.503125 0.1828125 0.190625
4 0.82421875 0.34453125 0.18828125 0.13828125
8 0.203125 0.38046875 0.1453125 0.13671875
8 0.89296875 0.40390625 0.1671875 0.16171875
9 0.15546875 0.44609375 0.175 0.19375
9 0.84140625 0.50625 0.184375 0.07109375
10 0.51328125 0.275 0.19609375 0.1
10 0.7171875 0.22578125 0.14140625 0.16640625
11 0.7921875 0.6984375 0.159375 0.15078125
11 0.4015625 0.91328125 0.1671875 0.103125
5 0.39140625 0.678125 0.14140625 0.0859375
5 0.38515625 0.25234375 0.071875 0.190625
6 0.26796875 0.6953125 0.1984375 0.1015625
6 0.64765625 0.2859375 0.10703125 0.175
7 0.83984375 0.5734375 0.1765625 0.1
7 0.33203125 0.415625 0.05859375 0.175
12 0.56640625 0.49453125 0.1109375 0.13671875
12 0.33046875 0.75703125 0.15546875 0.1234375
13 0.73203125 0.5859375 0.175 0.07109375
13 0.7765625 0.425 0.10859375 0.13828125
14 0.57265625 0.4171875 0.175 0.06484375
14 0.3671875 0.8859375 0.1671875 0.1203125
15 0.88125 0.41015625 0.06953125 0.115625
15 0.3359375 0.6359375 0.096875 0.090625
16 0.53515625 0.5890625 0.21171875 0.07109375
16 0.43359375 0.79921875 0.11875 0.096875
17 0.2515625 0.48984375 0.09921875 0.096875
17 0.6765625 0.40390625 0.09140625 0.1125
18 0.54296875 0.17890625 0.0796875 0.115625
18 0.6921875 0.75703125 0.13046875 0.05234375
19 0.47265625 0.328125 0.1375 0.06015625
19 0.8125 0.3625 0.11875 0.08125
20 0.35546875 0.5828125 0.11640625 0.04296875
20 0.29609375 0.33359375 0.0640625 0.06484375
21 0.72890625 0.271875 0.05625 0.08125
21 0.35703125 0.76328125 0.11640625 0.05546875
22 0.196875 0.64140625 0.15703125 0.1015625
22 0.7171875 0.22578125 0.14140625 0.16640625
23 0.128125 0.7546875 0.12421875 0.06953125