0 0.24375 0.68203125 0.26171875 0.1265625
0 0.66171875 0.20703125 0.1671875 0.1328125
1 0.30078125 0.228125 0.1296875 0.20859375
1 0.7421875 0.5953125 0.1890625 0.259375
2 0.67421875 0.565625 0.1953125 0.13125
2 0.35703125 0.91953125 0.24453125 0.0984375
3 0.52890625 0.4 0.2171875 0.05390625
3 0.5234375 0.18125 0.07578125 0.2203125
4 0.34453125 0.78203125 0.20390625 0.08828125
4 0.55078125 0.39453125 0.16328125 0.15
8 0.3875 0.6828125 0.15859375 0.16328125
8 0.6640625 0.8796875 0.1890625 0.1078125
9 0.4109375 0.10625 0.1234375 0.1359375
9 0.7109375 0.728125 0.19375 0.08203125
10 0.55078125 0.740625 0.13984375 0.1140625
10 0.765625 0.7671875 0.15859375 0.1171875
11 0.2640625 0.36171875 0.13671875 0.08359375
11 0.7671875 0.4453125 0.165625 0.06796875
5 0.39453125 0.85703125 0.1515625 0.096875
5 0.15546875 0.353125 0.08125 0.1484375
6 0.2015625 0.5296875 0.103125 0.15859375
6 0.60859375 0.45859375 0.16171875 0.06640625
7 0.41953125 0.4625 0.13125 0.07734375
7 0.296875 0.3953125 0.13828125 0.0984375
12 0.48984375 0.52109375 0.07578125 0.13125
12 0.77578125 0.290625 0.1046875 0.08984375
13 0.79140625 0.65703125 0.0859375 0.08203125
13 0.8359375 0.5640625 0.09296875 0.09296875
14 0.70390625 0.353125 0.09921875 0.1140625
14 0.73671875 0.38125 0.13125 0.06640625
15 0.35078125 0.42421875 0.09140625 0.0984375
15 0.70234375 0.65078125 0.103125 0.08046875
16 0.41484375 0.8109375 0.1109375 0.08359375
16 0.35 0.5109375 0.103125 0.06640625
17 0.875 0.3203125 0.07421875 0.1
17 0.78125 0.87890625 0.0890625 0.09296875
18 0.8 0.18828125 0.09921875 0.05390625
18 0.54453125 0.56875 0.09140625 0.06484375
19 0.2265625 0.75546875 0.06875 0.08984375
19 0.7140625 0.13125 0.0890625 0.06953125
20 0.43203125 0.51875 0.0671875 0.06015625
20 0.8 0.5828125 0.07890625 0.04921875
21 0.415625 0.64296875 0.0859375 0.05546875
21 0.646875 0.58984375 0.059375 0.07578125
22 0.6421875 0.85234375 0.12109375 0.16640625
23 0.76953125 0.49375 0.0625 0.05390625