0 0.47265625 0.1703125 0.20859375 0.17734375
0 0.46015625 0.58828125 0.275 0.21953125
1 0.6234375 0.18359375 0.184375 0.25703125
1 0.86796875 0.56484375 0.178125 0.13984375
2 0.459375 0.34765625 0.19375 0.1734375
2 0.40703125 0.77578125 0.12109375 0.17578125
3 0.509375 0.26171875 0.071875 0.24609375
3 0.76953125 0.73671875 0.05078125 0.2109375
4 0.72734375 0.58671875 0.06484375 0.209375
4 0.36953125 0.36875 0.075 0.209375
8 0.65078125 0.5484375 0.1 0.1328125
8 0.77578125 0.34921875 0.14921875 0.16328125
9 0.29375 0.50625 0.0890625 0.196875
9 0.2609375 0.3359375 0.175 0.1046875
10 0.6359375 0.36640625 0.165625 0.08671875
10 0.753125 0.609375 0.15703125 0.1046875
11 0.52421875 0.48125 0.14140625 0.1046875
11 0.78515625 0.47421875 0.12109375 0.1078125
5 0.525 0.87421875 0.0796875 0.13828125
5 0.60859375 0.88203125 0.0890625 0.16484375
6 0.6890625 0.75390625 0.096875 0.09609375
6 0.6078125 0.2375 0.09375 0.159375
7 0.79140625 0.38984375 0.0828125 0.159375
7 0.12734375 0.5421875 0.1109375 0.17734375
12 0.6328125 0.315625 0.0984375 0.11328125
12 0.63984375 0.87265625 0.1125 0.1203125
13 0.35546875 0.634375 0.12890625 0.0640625
13 0.90625 0.62421875 0.06328125 0.1203125
14 0.5921875 0.56484375 0.04609375 0.12265625
14 0.640625 0.49609375 0.04453125 0.13828125
15 0.821875 0.625 0.1046875 0.06171875
15 0.6015625 0.62734375 0.109375 0.053125
16 0.4453125 0.2390625 0.0953125 0.08515625
16 0.3890625 0.8359375 0.05546875 0.12578125
17 0.53359375 0.71875 0.09375 0.0765625
17 0.4875 0.63359375 0.090625 0.0765625
18 0.14453125 0.48046875 0.05078125 0.103125
18 0.3296875 0.8359375 0.05859375 0.08671875
19 0.37890625 0.49296875 0.084375 0.07421875
19 0.20234375 0.41015625 0.09375 0.06171875
20 0.4984375 0.55390625 0.05859375 0.06171875
20 0.61953125 0.70625 0.04921875 0.090625
21 0.734375 0.78125 0.06015625 0.0546875
21 0.48984375 0.42734375 0.05703125 0.07421875
22 0.47265625 0.44453125 0.12265625 0.16875
23 0.5390625 0.58046875 0.0703125 0.06953125