0 0.70703125 0.63828125 0.121875 0.1515625
0 0.740625 0.5796875 0.28828125 0.1125
1 0.5078125 0.84921875 0.1984375 0.11015625
1 0.1140625 0.69453125 0.07578125 0.21015625
2 0.5421875 0.74609375 0.1578125 0.09765625
2 0.4890625 0.61796875 0.1578125 0.05703125
3 0.59453125 0.4765625 0.2125 0.096875
3 0.82109375 0.57734375 0.08828125 0.12734375
4 0.528125 0.8046875 0.1890625 0.11015625
4 0.5609375 0.36953125 0.09921875 0.1390625
8 0.7109375 0.79609375 0.12890625 0.06171875
8 0.74375 0.09140625 0.14140625 0.13828125
9 0.2671875 0.878125 0.17734375 0.10546875
9 0.71484375 0.74140625 0.1875 0.06328125
10 0.771875 0.6546875 0.184375 0.03984375
10 0.6421875 0.93828125 0.17734375 0.05546875
11 0.37421875 0.859375 0.1046875 0.09765625
11 0.7359375 0.56015625 0.15234375 0.08125
5 0.62265625 0.90859375 0.0953125 0.0546875
5 0.4625 0.84609375 0.171875 0.05390625
6 0.515625 0.65234375 0.18203125 0.0484375
6 0.521875 0.88203125 0.134375 0.096875
7 0.81328125 0.515625 0.17890625 0.05390625
7 0.6546875 0.8125 0.15546875 0.0734375
12 0.39609375 0.7953125 0.159375 0.04765625
12 0.628125 0.4859375 0.0671875 0.090625
13 0.5578125 0.728125 0.06015625 0.08515625
13 0.71953125 0.69453125 0.065625 0.078125
14 0.534375 0.5390625 0.0921875 0.0484375
14 0.3015625 0.628125 0.0546875 0.09609375
15 0.27890625 0.83515625 0.0796875 0.0828125
15 0.4390625 0.671875 0.1203125 0.03984375
16 0.74921875 0.634375 0.11171875 0.03984375
16 0.240625 0.91015625 0.14140625 0.05703125
17 0.265625 0.66171875 0.078125 0.06875
17 0.575 0.60703125 0.109375 0.04921875
18 0.1953125 0.65390625 0.05859375 0.0640625
18 0.46171875 0.565625 0.05625 0.06328125
19 0.3625 0.5609375 0.10234375 0.05859375
19 0.290625 0.45703125 0.07421875 0.0671875
20 0.46015625 0.4640625 0.08125 0.04921875
20 0.6625 0.846875 0.07265625 0.0453125
21 0.7796875 0.5484375 0.07265625 0.04609375
21 0.54140625 0.871875 0.078125 0.03828125
22 0.509375 0.371875 0.1171875 0.08984375
23 0.36171875 0.6203125 0.06875 0.0453125