0 0.58828125 0.6375 0.17578125 0.1484375
0 0.11640625 0.31484375 0.1625 0.09296875
1 0.16640625 0.21328125 0.103125 0.1796875
1 0.55703125 0.4421875 0.25078125 0.04453125
2 0.51015625 0.89375 0.1265625 0.1484375
2 0.5703125 0.5921875 0.22109375 0.07421875
3 0.478125 0.284375 0.1796875 0.06484375
3 0.278125 0.25546875 0.19453125 0.05859375
4 0.41328125 0.39609375 0.1890625 0.06328125
4 0.653125 0.6203125 0.1890625 0.0484375
8 0.32109375 0.3046875 0.14140625 0.10625
8 0.53359375 0.74296875 0.19296875 0.06953125
9 0.19921875 0.18671875 0.1828125 0.05078125
9 0.52265625 0.3421875 0.0546875 0.11796875
10 0.78671875 0.5265625 0.1078125 0.10234375
10 0.59609375 0.425 0.06953125 0.10625
11 0.71875 0.43125 0.11796875 0.08125
11 0.48828125 0.15625 0.103125 0.084375
5 0.5625 0.50859375 0.11484375 0.08359375
5 0.35546875 0.58671875 0.1 0.0890625
6 0.72421875 0.46796875 0.1265625 0.075
6 0.54140625 0.334375 0.14609375 0.04140625
7 0.41171875 0.15078125 0.1359375 0.06328125
7 0.20078125 0.4984375 0.0734375 0.10859375
12 0.41328125 0.50703125 0.1 0.07265625
12 0.43203125 0.0890625 0.053125 0.084375
13 0.52421875 0.5390625 0.09140625 0.06953125
13 0.428125 0.06875 0.12109375 0.0625
14 0.87890625 0.4859375 0.11953125 0.05859375
14 0.42890625 0.24609375 0.09296875 0.065625
15 0.70625 0.18359375 0.08671875 0.06796875
15 0.31953125 0.21640625 0.09765625 0.04453125
16 0.68515625 0.25078125 0.07109375 0.0703125
16 0.73828125 0.16328125 0.08125 0.06953125
17 0.3609375 0.46953125 0.06484375 0.06796875
17 0.79375 0.2859375 0.06328125 0.0703125
18 0.1890625 0.3625 0.08671875 0.0421875
18 0.30859375 0.2828125 0.0796875 0.0390625
19 0.2734375 0.521875 0.075 0.0578125
19 0.55703125 0.19140625 0.08828125 0.0390625
20 0.75546875 0.3609375 0.0796875 0.0515625
20 0.32109375 0.45234375 0.0578125 0.0484375
21 0.62890625 0.221875 0.0578125 0.0578125
21 0.478125 0.2453125 0.06640625 0.05078125
22 0.78984375 0.67734375 0.1046875 0.1109375
23 0.63984375 0.27734375 0.0828125 0.04609375