0 0.53828125 0.6265625 0.15 0.18671875
0 0.29765625 0.5890625 0.165625 0.37578125
1 0.809375 0.5125 0.25703125 0.13515625
1 0.325 0.29375 0.21796875 0.14453125
2 0.51875 0.45078125 0.2671875 0.09921875
2 0.38515625 0.271875 0.1015625 0.246875
3 0.228125 0.225 0.1078125 0.17578125
3 0.6296875 0.11796875 0.246875 0.159375
4 0.71484375 0.4609375 0.246875 0.159375
4 0.315625 0.128125 0.1859375 0.09921875
8 0.46484375 0.6 0.0875 0.25078125
8 0.4734375 0.5921875 0.225 0.1078125
9 0.51875 0.8296875 0.09765625 0.21953125
9 0.25 0.853125 0.07734375 0.24921875
10 0.10625 0.7 0.07734375 0.19765625
10 0.27109375 0.84140625 0.17421875 0.075
11 0.17109375 0.79765625 0.07265625 0.203125
11 0.26875 0.425 0.1015625 0.13203125
5 0.72109375 0.303125 0.19609375 0.05703125
5 0.41640625 0.82421875 0.13671875 0.0953125
6 0.21484375 0.57109375 0.1421875 0.1390625
6 0.21015625 0.709375 0.14375 0.14453125
7 0.81328125 0.2390625 0.19453125 0.10078125
7 0.38359375 0.8015625 0.15234375 0.17734375
12 0.48515625 0.21328125 0.07734375 0.14140625
12 0.521875 0.6125 0.125 0.1265625
13 0.70078125 0.6390625 0.11484375 0.12109375
13 0.6109375 0.36640625 0.14375 0.0953125
14 0.14765625 0.584375 0.07265625 0.171875
14 0.51875 0.50546875 0.121875 0.0734375
15 0.8609375 0.40390625 0.10625 0.1265625
15 0.71953125 0.59140625 0.11796875 0.08828125
16 0.58046875 0.259375 0.10625 0.1046875
16 0.6296875 0.59375 0.0671875 0.1390625
17 0.34375 0.48046875 0.059375 0.12265625
17 0.81875 0.48359375 0.0796875 0.11328125
18 0.771875 0.4140625 0.0671875 0.10625
18 0.45625 0.13984375 0.07734375 0.07890625
19 0.3859375 0.2 0.09609375 0.084375
19 0.41015625 0.12890625 0.07109375 0.07109375
20 0.45390625 0.4875 0.0796875 0.08046875
20 0.290625 0.88515625 0.05078125 0.09375
21 0.24765625 0.24453125 0.0625 0.0640625
21 0.2 0.5859375 0.0453125 0.0953125
22 0.58671875 0.3078125 0.1875 0.15
23 0.38125 0.51640625 0.06953125 0.0515625