0 0.425 0.73359375 0.18359375 0.21484375
0 0.653125 0.10859375 0.190625 0.14921875
1 0.3390625 0.34609375 0.296875 0.1828125
1 0.23046875 0.6703125 0.20078125 0.22265625
2 0.5703125 0.33828125 0.13515625 0.14609375
2 0.7390625 0.2875 0.23203125 0.1234375
3 0.24609375 0.41328125 0.17890625 0.16484375
3 0.61328125 0.6953125 0.2171875 0.115625
4 0.11328125 0.63515625 0.17421875 0.153125
4 0.46171875 0.19921875 0.1015625 0.2078125
8 0.76171875 0.496875 0.1375 0.2203125
8 0.4453125 0.32578125 0.21015625 0.1515625
9 0.546875 0.6296875 0.20546875 0.12734375
9 0.53125 0.734375 0.13046875 0.153125
10 0.33125 0.7 0.2125 0.07265625
10 0.84140625 0.4 0.16171875 0.10859375
11 0.34765625 0.2984375 0.06796875 0.14765625
11 0.2078125 0.88125 0.18828125 0.0765625
5 0.27265625 0.334375 0.13046875 0.1421875
5 0.3921875 0.9125 0.15234375 0.14921875
6 0.3953125 0.5515625 0.128125 0.1609375
6 0.6015625 0.15078125 0.18828125 0.12890625
7 0.37421875 0.890625 0.22734375 0.11015625
7 0.63515625 0.5703125 0.2078125 0.10078125
12 0.20625 0.81328125 0.1765625 0.078125
12 0.415625 0.9375 0.1640625 0.065625
13 0.6921875 0.2953125 0.128125 0.1234375
13 0.8578125 0.43046875 0.1015625 0.13984375
14 0.77421875 0.2390625 0.06484375 0.14609375
14 0.2765625 0.83203125 0.14765625 0.0859375
15 0.5640625 0.228125 0.1421875 0.07109375
15 0.48203125 0.0671875 0.1421875 0.08203125
16 0.37109375 0.7671875 0.1328125 0.08046875
16 0.34921875 0.6203125 0.1421875 0.075
17 0.50234375 0.9203125 0.1109375 0.0875
17 0.771875 0.56015625 0.1328125 0.0875
18 0.6921875 0.49140625 0.06484375 0.10078125
18 0.66875 0.43828125 0.09140625 0.065625
19 0.62109375 0.5015625 0.08203125 0.09140625
19 0.165625 0.7421875 0.11796875 0.0671875
20 0.3765625 0.20390625 0.096875 0.05234375
20 0.865625 0.29140625 0.084375 0.06328125
21 0.67421875 0.21953125 0.096875 0.0578125
21 0.5375 0.13828125 0.06015625 0.0859375
22 0.5421875 0.578125 0.20078125 0.103125
23 0.675 0.36328125 0.09453125 0.065625