0 0.78515625 0.4140625 0.2046875 0.2171875
0 0.4796875 0.8453125 0.21328125 0.1359375
1 0.72890625 0.296875 0.29453125 0.11640625
1 0.31015625 0.3203125 0.13515625 0.171875
2 0.34296875 0.78515625 0.11015625 0.16171875
2 0.35625 0.928125 0.25390625 0.08125
3 0.70546875 0.8453125 0.103125 0.171875
3 0.61796875 0.77890625 0.14375 0.090625
4 0.17265625 0.5453125 0.1171875 0.19921875
4 0.24609375 0.47109375 0.22734375 0.0671875
8 0.284375 0.41875 0.21328125 0.0765625
8 0.5921875 0.6828125 0.11875 0.1734375
9 0.54296875 0.15078125 0.096875 0.1875
9 0.28515625 0.6265625 0.20703125 0.0609375
10 0.925 0.615625 0.0875 0.1578125
10 0.15703125 0.39140625 0.08984375 0.16796875
11 0.32109375 0.0890625 0.17109375 0.07890625
11 0.57890625 0.2265625 0.07421875 0.165625
5 0.34375 0.5765625 0.17109375 0.07265625
5 0.72109375 0.42109375 0.184375 0.09296875
6 0.359375 0.68359375 0.13046875 0.128125
6 0.1078125 0.26953125 0.09921875 0.12421875
7 0.19921875 0.74296875 0.10546875 0.11640625
7 0.246875 0.85625 0.13046875 0.08671875
12 0.6828125 0.684375 0.0765625 0.11015625
12 0.71015625 0.61328125 0.1484375 0.05546875
13 0.37734375 0.340625 0.16640625 0.0609375
13 0.653125 0.8046875 0.096875 0.09453125
14 0.32890625 0.20546875 0.1234375 0.090625
14 0.53671875 0.69140625 0.0671875 0.12421875
15 0.66875 0.475 0.1328125 0.0671875
15 0.80546875 0.690625 0.0875 0.05546875
16 0.63359375 0.57265625 0.09921875 0.1046875
16 0.2203125 0.27578125 0.08984375 0.0984375
17 0.43515625 0.6578125 0.11875 0.0609375
17 0.84609375 0.61171875 0.10078125 0.08671875
18 0.253125 0.71796875 0.096875 0.059375
18 0.29921875 0.50625 0.09921875 0.06484375
19 0.64375 0.21875 0.096875 0.075
19 0.49296875 0.25859375 0.10546875 0.05546875
20 0.6203125 0.16875 0.08125 0.07265625
20 0.48515625 0.3359375 0.08984375 0.05703125
21 0.46484375 0.87109375 0.0671875 0.06484375
21 0.471875 0.74453125 0.08515625 0.04921875
22 0.6046875 0.35390625 0.15703125 0.13203125
22 0.428125 0.4546875 0.10546875 0.10078125