0 0.5859375 0.8671875 0.13359375 0.19921875
0 0.17421875 0.4078125 0.10390625 0.17265625
1 0.32265625 0.5125 0.08828125 0.2015625
1 0.175 0.7609375 0.17734375 0.18125
2 0.88515625 0.14609375 0.1515625 0.08046875
2 0.54140625 0.371875 0.11328125 0.0890625
3 0.6578125 0.4765625 0.0859375 0.16640625
3 0.39765625 0.4359375 0.140625 0.0984375
4 0.2390625 0.47734375 0.0859375 0.13046875
4 0.28515625 0.69921875 0.146875 0.078125
8 0.68046875 0.73203125 0.0671875 0.16328125
8 0.28125 0.85703125 0.0921875 0.10234375
9 0.0828125 0.68125 0.059375 0.1625
9 0.71796875 0.12890625 0.14921875 0.0609375
10 0.27421875 0.5671875 0.11015625 0.096875
10 0.4875 0.69921875 0.12109375 0.06796875
11 0.2546875 0.3203125 0.10703125 0.08203125
11 0.1984375 0.70859375 0.0546875 0.14296875
5 0.5953125 0.60703125 0.07265625 0.11875
5 0.18359375 0.8203125 0.08671875 0.11484375
6 0.175 0.378125 0.1125 0.08671875
6 0.26015625 0.25703125 0.128125 0.05390625
7 0.15 0.8453125 0.06875 0.084375
7 0.28671875 0.634375 0.0859375 0.07890625
12 0.09921875 0.521875 0.0734375 0.0625
12 0.60390625 0.328125 0.0546875 0.09453125
13 0.71640625 0.68984375 0.0734375 0.1
13 0.34609375 0.453125 0.084375 0.06796875
14 0.41796875 0.425 0.0671875 0.0984375
14 0.734375 0.4390625 0.075 0.084375
15 0.36640625 0.7625 0.046875 0.0921875
15 0.8703125 0.09609375 0.08359375 0.05859375
16 0.1578125 0.3203125 0.08125 0.0578125
16 0.38046875 0.746875 0.08203125 0.0609375
17 0.94296875 0.13828125 0.07578125 0.0578125
17 0.5296875 0.325 0.075 0.0578125
18 0.75390625 0.46328125 0.053125 0.06796875
18 0.27109375 0.7953125 0.0609375 0.05625
19 0.3109375 0.7453125 0.06328125 0.0578125
19 0.8703125 0.0609375 0.05703125 0.06015625
20 0.334375 0.89921875 0.0609375 0.0484375
20 0.60078125 0.6609375 0.0453125 0.0625
21 0.471875 0.43515625 0.0375 0.06875
21 0.14921875 0.49921875 0.03359375 0.071875
22 0.16796875 0.56484375 0.12109375 0.10078125
22 0.675 0.63046875 0.10546875 0.06796875