0 0.1859375 0.45 0.15546875 0.19296875
0 0.51953125 0.19140625 0.24921875 0.1140625
1 0.5125 0.709375 0.234375 0.1234375
1 0.60390625 0.71328125 0.3203125 0.20078125
2 0.90078125 0.434375 0.1015625 0.1390625
2 0.7984375 0.38046875 0.0921875 0.2625
3 0.490625 0.25234375 0.12265625 0.19140625
3 0.47890625 0.5125 0.24296875 0.06484375
4 0.28046875 0.49453125 0.20859375 0.1453125
4 0.37578125 0.2765625 0.0546875 0.24921875
8 0.53359375 0.40390625 0.2171875 0.10546875
8 0.61484375 0.67109375 0.18125 0.1140625
9 0.57109375 0.86796875 0.1390625 0.153125
9 0.80234375 0.46875 0.09375 0.178125
10 0.41171875 0.24296875 0.16640625 0.07890625
10 0.325 0.1890625 0.12265625 0.1625
11 0.60859375 0.296875 0.09375 0.1640625
11 0.45625 0.515625 0.14921875 0.11875
5 0.7140625 0.109375 0.16953125 0.10078125
5 0.60390625 0.55625 0.1453125 0.1359375
6 0.72421875 0.42421875 0.0859375 0.171875
6 0.45703125 0.38046875 0.1015625 0.18359375
7 0.2015625 0.2671875 0.0828125 0.1671875
7 0.6875 0.53828125 0.07109375 0.165625
12 0.52734375 0.59140625 0.09375 0.115625
12 0.53125 0.14296875 0.07578125 0.146875
13 0.2015625 0.27421875 0.14375 0.05234375
13 0.3 0.3296875 0.12109375 0.08046875
14 0.24609375 0.44921875 0.1359375 0.07421875
14 0.21875 0.4203125 0.06484375 0.1515625
15 0.8640625 0.49296875 0.07109375 0.1171875
15 0.2640625 0.57734375 0.12265625 0.06171875
16 0.071875 0.315625 0.0921875 0.1234375
16 0.58984375 0.34453125 0.12109375 0.07890625
17 0.290625 0.67265625 0.13125 0.05390625
17 0.6203125 0.1234375 0.1015625 0.08828125
18 0.82421875 0.22578125 0.0828125 0.08828125
18 0.7375 0.540625 0.0546875 0.08515625
19 0.44765625 0.09921875 0.0921875 0.08828125
19 0.73984375 0.60078125 0.09375 0.06171875
20 0.6484375 0.57109375 0.07578125 0.07109375
20 0.6390625 0.29453125 0.07734375 0.04921875
21 0.23515625 0.22421875 0.06640625 0.06953125
21 0.46171875 0.58671875 0.05625 0.07421875
22 0.38515625 0.67109375 0.09375 0.1765625
23 0.671875 0.45390625 0.084375 0.07421875