0 0.57265625 0.16796875 0.215625 0.2703125
0 0.3359375 0.27265625 0.23046875 0.109375
1 0.1921875 0.23203125 0.15234375 0.16796875
1 0.1390625 0.47265625 0.13203125 0.18125
2 0.7484375 0.2921875 0.13828125 0.259375
2 0.51640625 0.10859375 0.24921875 0.10390625
3 0.4265625 0.40390625 0.1890625 0.17890625
3 0.7953125 0.75625 0.21875 0.1296875
4 0.79453125 0.475 0.23984375 0.10625
4 0.9 0.628125 0.1140625 0.1484375
8 0.71328125 0.8171875 0.13515625 0.14296875
8 0.14140625 0.3875 0.1140625 0.18984375
9 0.44921875 0.5328125 0.190625 0.10390625
9 0.87109375 0.2796875 0.0921875 0.20078125
10 0.6234375 0.725 0.0984375 0.140625
10 0.67109375 0.11640625 0.15234375 0.15546875
11 0.86875 0.80625 0.12578125 0.17578125
11 0.3484375 0.6609375 0.15703125 0.07109375
5 0.521875 0.63125 0.14609375 0.10078125
5 0.43515625 0.73828125 0.0828125 0.11328125
6 0.93125 0.38203125 0.109375 0.17578125
6 0.61171875 0.37109375 0.12890625 0.13125
7 0.7015625 0.65546875 0.12734375 0.1953125
7 0.78984375 0.6 0.16015625 0.0953125
12 0.23359375 0.4953125 0.1140625 0.0765625
12 0.35703125 0.440625 0.05390625 0.16484375
13 0.35546875 0.15 0.06640625 0.1609375
13 0.3546875 0.20625 0.0875 0.0984375
14 0.24609375 0.621875 0.13984375 0.0546875
14 0.35546875 0.59296875 0.0765625 0.1078125
15 0.55625 0.3703125 0.078125 0.12578125
15 0.1875 0.340625 0.1109375 0.0859375
16 0.63828125 0.19765625 0.1109375 0.09140625
16 0.7828125 0.90546875 0.06640625 0.10390625
17 0.24296875 0.434375 0.0953125 0.04921875
17 0.31640625 0.48828125 0.07109375 0.084375
18 0.40703125 0.209375 0.06796875 0.096875
18 0.4703125 0.371875 0.05859375 0.11875
19 0.17734375 0.15390625 0.090625 0.06953125
19 0.60703125 0.5484375 0.103125 0.0515625
20 0.3078125 0.42265625 0.04140625 0.0765625
20 0.671875 0.33125 0.05546875 0.0625
21 0.8578125 0.41875 0.090625 0.08046875
21 0.61484375 0.32734375 0.084375 0.0625
22 0.77578125 0.38125 0.109375 0.13359375
23 0.2671875 0.57421875 0.04921875 0.06953125