0 0.68828125 0.2921875 0.24375 0.18203125
0 0.74296875 0.8203125 0.08203125 0.284375
1 0.45625 0.465625 0.0703125 0.26328125
1 0.309375 0.21328125 0.25078125 0.128125
2 0.44296875 0.75078125 0.0734375 0.22265625
2 0.70078125 0.378125 0.1203125 0.2078125
3 0.31640625 0.35234375 0.19453125 0.11328125
3 0.60234375 0.11796875 0.19609375 0.0828125
4 0.44453125 0.1890625 0.14296875 0.1671875
4 0.8234375 0.6359375 0.09140625 0.22265625
8 0.546875 0.82890625 0.13515625 0.13828125
8 0.784375 0.63828125 0.1875 0.06484375
9 0.525 0.86171875 0.115625 0.1296875
9 0.35390625 0.20703125 0.1078125 0.18359375
10 0.79453125 0.4875 0.14609375 0.0828125
10 0.65859375 0.63359375 0.09921875 0.18046875
11 0.88046875 0.709375 0.05625 0.165625
11 0.28671875 0.6234375 0.15078125 0.05546875
5 0.6625 0.83125 0.1265625 0.13671875
5 0.84140625 0.76875 0.0640625 0.1671875
6 0.375 0.66171875 0.1078125 0.14140625
6 0.54296875 0.4546875 0.1234375 0.1265625
7 0.30859375 0.4515625 0.13671875 0.11015625
7 0.57421875 0.1671875 0.15703125 0.05859375
12 0.50859375 0.4 0.115625 0.06015625
12 0.21171875 0.665625 0.13359375 0.06171875
13 0.37578125 0.76171875 0.13359375 0.06796875
13 0.28984375 0.68203125 0.13515625 0.084375
14 0.79140625 0.68359375 0.115625 0.06171875
14 0.72578125 0.559375 0.0609375 0.11875
15 0.50078125 0.23359375 0.1125 0.078125
15 0.521875 0.5234375 0.09765625 0.0859375
16 0.58046875 0.37890625 0.1078125 0.05390625
16 0.5703125 0.72734375 0.0625 0.1203125
17 0.209375 0.3015625 0.09921875 0.05859375
17 0.47890625 0.3171875 0.05 0.10234375
18 0.78515625 0.540625 0.09140625 0.0515625
18 0.73046875 0.4046875 0.0734375 0.05390625
19 0.45859375 0.1140625 0.08671875 0.0734375
19 0.56875 0.3203125 0.0625 0.0859375
20 0.403125 0.36640625 0.0671875 0.06640625
20 0.62109375 0.3171875 0.0671875 0.05390625
21 0.396875 0.7125 0.059375 0.075
21 0.503125 0.4484375 0.07421875 0.05546875
22 0.31328125 0.5125 0.10625 0.15390625
23 0.7171875 0.23125 0.07578125 0.06015625