0 0.5234375 0.44140625 0.15234375 0.1796875
0 0.61328125 0.84453125 0.26796875 0.08359375
1 0.2625 0.4359375 0.14921875 0.3
1 0.25390625 0.74765625 0.14921875 0.0921875
2 0.759375 0.52421875 0.14609375 0.16328125
2 0.71796875 0.64453125 0.13046875 0.13515625
3 0.6671875 0.83203125 0.17109375 0.10859375
3 0.2671875 0.83828125 0.21875 0.0640625
4 0.56171875 0.265625 0.20859375 0.14765625
4 0.140625 0.4625 0.14921875 0.11171875
8 0.39375 0.21640625 0.19140625 0.1140625
8 0.77421875 0.29765625 0.203125 0.11171875
9 0.503125 0.88984375 0.18671875 0.0890625
9 0.5671875 0.68359375 0.13359375 0.10625
10 0.12265625 0.45859375 0.09296875 0.184375
10 0.4734375 0.759375 0.096875 0.15078125
11 0.82734375 0.48046875 0.12578125 0.140625
11 0.76015625 0.71171875 0.11015625 0.14765625
5 0.6109375 0.3328125 0.14375 0.115625
5 0.46171875 0.55859375 0.14765625 0.11875
6 0.2375 0.42421875 0.09453125 0.1421875
6 0.81328125 0.59609375 0.1015625 0.12578125
7 0.140625 0.4625 0.14921875 0.11171875
7 0.5703125 0.4203125 0.178125 0.08671875
12 0.409375 0.521875 0.1234375 0.103125
12 0.371875 0.7703125 0.1203125 0.09375
13 0.63046875 0.1390625 0.1015625 0.13671875
13 0.48125 0.4015625 0.05078125 0.13828125
14 0.03828125 0.553125 0.0765625 0.13359375
14 0.66328125 0.7375 0.12734375 0.0640625
15 0.6984375 0.35703125 0.09140625 0.103125
15 0.28046875 0.484375 0.09296875 0.11171875
16 0.1890625 0.64140625 0.0828125 0.12109375
16 0.65859375 0.45625 0.07265625 0.1140625
17 0.81171875 0.39453125 0.08828125 0.0921875
17 0.5984375 0.5046875 0.08125 0.103125
18 0.50703125 0.61484375 0.08828125 0.0640625
18 0.18828125 0.3328125 0.078125 0.090625
19 0.390625 0.12578125 0.1 0.07109375
19 0.18984375 0.51796875 0.084375 0.07265625
20 0.7640625 0.4421875 0.0640625 0.08203125
20 0.35625 0.6703125 0.08125 0.0546875
21 0.5375 0.7734375 0.08125 0.0546875
21 0.0421875 0.4609375 0.0578125 0.090625
22 0.4125 0.90859375 0.1609375 0.1015625
22 0.9 0.5171875 0.115625 0.10625