0 0.83203125 0.5828125 0.1640625 0.284375
0 0.49921875 0.80859375 0.35859375 0.13125
1 0.78671875 0.2640625 0.23203125 0.35234375
1 0.81953125 0.15234375 0.18125 0.153125
2 0.28671875 0.18046875 0.2921875 0.178125
2 0.81640625 0.546875 0.19921875 0.2046875
3 0.21953125 0.27890625 0.259375 0.1296875
3 0.60390625 0.2015625 0.31171875 0.096875
4 0.284375 0.5890625 0.18359375 0.203125
4 0.515625 0.5640625 0.13828125 0.21796875
8 0.74765625 0.3875 0.10703125 0.1671875
8 0.66015625 0.2140625 0.23203125 0.1078125
9 0.6625 0.840625 0.1953125 0.1671875
9 0.62890625 0.36171875 0.21640625 0.13671875
10 0.8546875 0.35234375 0.1265625 0.1765625
10 0.77265625 0.6390625 0.19296875 0.109375
11 0.37109375 0.2984375 0.21640625 0.09375
11 0.384375 0.26875 0.0625 0.20703125
5 0.5953125 0.1109375 0.11875 0.12734375
5 0.43359375 0.88203125 0.16171875 0.09921875
6 0.11015625 0.4265625 0.09921875 0.16171875
6 0.54453125 0.86171875 0.16171875 0.16875
7 0.5359375 0.64921875 0.11328125 0.1796875
7 0.5671875 0.8265625 0.10546875 0.1921875
12 0.1703125 0.44453125 0.09921875 0.14765625
12 0.61484375 0.63203125 0.0953125 0.12421875
13 0.73125 0.30703125 0.14453125 0.08125
13 0.6296875 0.45 0.08984375 0.1328125
14 0.5234375 0.353125 0.1109375 0.13828125
14 0.6453125 0.32890625 0.15625 0.0609375
15 0.271875 0.4546875 0.15390625 0.05
15 0.70390625 0.5703125 0.140625 0.071875
16 0.4640625 0.41640625 0.078125 0.1421875
16 0.42109375 0.49296875 0.08203125 0.1296875
17 0.47109375 0.82265625 0.09140625 0.0953125
17 0.38046875 0.57890625 0.0703125 0.11171875
18 0.41640625 0.734375 0.103125 0.0703125
18 0.7359375 0.53203125 0.11875 0.05
19 0.27109375 0.38671875 0.10546875 0.096875
19 0.64453125 0.725 0.1265625 0.06484375
20 0.609375 0.58984375 0.06796875 0.09375
20 0.6578125 0.44453125 0.06015625 0.0578125
21 0.54296875 0.42734375 0.09921875 0.059375
21 0.69140625 0.38046875 0.0875 0.0484375
22 0.49296875 0.66484375 0.18359375 0.14921875
23 0.30625 0.509375 0.07421875 0.08984375