0 0.696875 0.45546875 0.11953125 0.225
0 0.82734375 0.54296875 0.08359375 0.2671875
1 0.48046875 0.315625 0.19140625 0.20859375
1 0.21875 0.6734375 0.24453125 0.10234375
2 0.78046875 0.15859375 0.12109375 0.15078125
2 0.13671875 0.47265625 0.08046875 0.2265625
3 0.915625 0.17578125 0.1015625 0.19453125
3 0.52109375 0.55390625 0.153125 0.1015625
4 0.8234375 0.19140625 0.159375 0.14921875
4 0.671875 0.671875 0.08046875 0.16640625
8 0.68984375 0.84140625 0.19453125 0.05703125
8 0.40546875 0.6578125 0.19609375 0.10703125
9 0.12265625 0.5140625 0.1640625 0.10390625
9 0.23671875 0.4359375 0.13515625 0.146875
10 0.646875 0.31015625 0.146875 0.0953125
10 0.278125 0.4359375 0.146875 0.1015625
11 0.60859375 0.6265625 0.13203125 0.096875
11 0.72890625 0.5828125 0.1171875 0.096875
5 0.41640625 0.75546875 0.159375 0.09375
5 0.48125 0.9234375 0.1671875 0.053125
6 0.53359375 0.6421875 0.14296875 0.10546875
6 0.54140625 0.54765625 0.1609375 0.07734375
7 0.84765625 0.32890625 0.07265625 0.14921875
7 0.4328125 0.88203125 0.17421875 0.0484375
12 0.64609375 0.215625 0.12890625 0.07265625
12 0.40546875 0.2796875 0.12578125 0.05703125
13 0.2859375 0.5578125 0.12109375 0.07421875
13 0.77578125 0.4484375 0.0546875 0.1265625
14 0.44453125 0.41015625 0.0640625 0.12265625
14 0.51015625 0.37421875 0.08984375 0.11015625
15 0.303125 0.76796875 0.0546875 0.10390625
15 0.6875 0.11640625 0.09375 0.10234375
16 0.603125 0.240625 0.1015625 0.07109375
16 0.45546875 0.81171875 0.1125 0.046875
17 0.58515625 0.09453125 0.08203125 0.0796875
17 0.32421875 0.3296875 0.0953125 0.05703125
18 0.44921875 0.61953125 0.08359375 0.07265625
18 0.83125 0.51328125 0.07734375 0.0484375
19 0.36796875 0.55625 0.053125 0.07578125
19 0.47734375 0.2296875 0.06640625 0.07890625
20 0.68203125 0.440625 0.07265625 0.05
20 0.49921875 0.14375 0.0515625 0.06640625
21 0.20078125 0.43046875 0.07265625 0.0546875
21 0.74765625 0.365625 0.07265625 0.06953125
22 0.37265625 0.39609375 0.1109375 0.10859375
22 0.609375 0.2359375 0.05625 0.16640625
23 0.34765625 0.64375 0.07421875 0.07578125