0 0.25859375 0.18359375 0.2109375 0.20078125
0 0.13828125 0.31328125 0.10390625 0.215625
1 0.80234375 0.340625 0.32265625 0.103125
1 0.2640625 0.28828125 0.09921875 0.26328125
2 0.671875 0.73984375 0.14609375 0.13984375
2 0.1375 0.6453125 0.13984375 0.2203125
3 0.771875 0.78671875 0.2078125 0.20859375
3 0.259375 0.70859375 0.2125 0.15234375
4 0.15390625 0.70859375 0.14609375 0.18984375
4 0.44765625 0.121875 0.09609375 0.19765625
8 0.4671875 0.8578125 0.12734375 0.14765625
8 0.49609375 0.18046875 0.1609375 0.14296875
9 0.46171875 0.10859375 0.1921875 0.09609375
9 0.5625 0.43984375 0.2046875 0.09296875
10 0.8734375 0.6453125 0.09296875 0.2203125
10 0.74765625 0.43046875 0.1515625 0.175
11 0.1984375 0.63359375 0.1734375 0.09140625
11 0.6625 0.54296875 0.178125 0.13203125
5 0.89609375 0.49140625 0.07890625 0.18046875
5 0.759375 0.4859375 0.09453125 0.14296875
6 0.77109375 0.228125 0.13671875 0.14296875
6 0.2109375 0.190625 0.14140625 0.12578125
7 0.6140625 0.146875 0.09140625 0.15625
7 0.71484375 0.215625 0.1890625 0.11875
12 0.5546875 0.42734375 0.13203125 0.096875
12 0.428125 0.51171875 0.06015625 0.18671875
13 0.48203125 0.6390625 0.13828125 0.1046875
13 0.8625 0.28046875 0.13046875 0.13203125
14 0.553125 0.153125 0.11640625 0.06875
14 0.80703125 0.48984375 0.13046875 0.065625
15 0.57265625 0.84296875 0.08671875 0.12578125
15 0.34765625 0.5171875 0.06953125 0.13203125
16 0.2296875 0.15 0.07578125 0.1171875
16 0.521875 0.27109375 0.09609375 0.065625
17 0.32890625 0.80859375 0.10390625 0.08203125
17 0.44921875 0.92265625 0.07421875 0.08515625
18 0.6609375 0.6109375 0.08984375 0.07890625
18 0.3453125 0.42265625 0.09921875 0.07890625
19 0.38515625 0.609375 0.07734375 0.096875
19 0.4984375 0.3265625 0.09921875 0.07578125
20 0.74921875 0.37734375 0.08203125 0.046875
20 0.36796875 0.753125 0.06796875 0.07734375
21 0.384375 0.69765625 0.07265625 0.06953125
21 0.44609375 0.55 0.05234375 0.08515625
22 0.2828125 0.86953125 0.14921875 0.103125
22 0.50859375 0.75625 0.14765625 0.08046875