0 0.24609375 0.31953125 0.171875 0.1328125
0 0.39609375 0.42109375 0.20703125 0.0859375
1 0.7765625 0.7265625 0.19140625 0.14609375
1 0.5171875 0.4921875 0.0734375 0.18359375
2 0.234375 0.628125 0.0703125 0.14453125
2 0.28984375 0.62109375 0.053125 0.153125
3 0.6640625 0.88671875 0.18125 0.06953125
3 0.396875 0.1515625 0.0578125 0.15703125
4 0.375 0.33125 0.08984375 0.13203125
4 0.33359375 0.26640625 0.1734375 0.06953125
8 0.7828125 0.50625 0.09296875 0.109375
8 0.6015625 0.646875 0.1703125 0.053125
9 0.3921875 0.8234375 0.14765625 0.06328125
9 0.2109375 0.63203125 0.1296875 0.08359375
10 0.61171875 0.3578125 0.0578125 0.11171875
10 0.82109375 0.7484375 0.09296875 0.109375
11 0.73515625 0.60625 0.09765625 0.10234375
11 0.27890625 0.78046875 0.1125 0.08359375
5 0.80859375 0.58125 0.14609375 0.0625
5 0.503125 0.840625 0.1296875 0.08515625
6 0.62421875 0.46484375 0.115625 0.08125
6 0.35390625 0.209375 0.053125 0.10703125
7 0.39375 0.46484375 0.1234375 0.0484375
7 0.46796875 0.7375 0.08046875 0.1015625
12 0.23203125 0.30078125 0.071875 0.08125
12 0.390625 0.70546875 0.1140625 0.03984375
13 0.54375 0.434375 0.115625 0.0515625
13 0.61328125 0.64375 0.07890625 0.08359375
14 0.34140625 0.7375 0.09921875 0.0609375
14 0.60078125 0.5765625 0.08984375 0.06484375
15 0.35078125 0.6703125 0.08984375 0.04921875
15 0.68984375 0.475 0.0640625 0.08046875
16 0.44140625 0.3921875 0.0703125 0.07265625
16 0.40703125 0.61640625 0.09296875 0.0578125
17 0.6203125 0.93515625 0.08984375 0.05390625
17 0.45078125 0.2921875 0.08203125 0.06328125
18 0.61171875 0.5234375 0.0703125 0.053125
18 0.659375 0.546875 0.07578125 0.05546875
19 0.55 0.3375 0.065625 0.06953125
19 0.6640625 0.6859375 0.07734375 0.0484375
20 0.640625 0.4125 0.0734375 0.0421875
20 0.6859375 0.91171875 0.07734375 0.0421875
21 0.5453125 0.50625 0.05625 0.04921875
21 0.3953125 0.79453125 0.06875 0.04140625
22 0.571875 0.690625 0.13828125 0.071875
22 0.35859375 0.51484375 0.1203125 0.0875