0 0.23203125 0.5703125 0.115625 0.1515625
0 0.77265625 0.5875 0.1203125 0.1859375
1 0.62421875 0.75859375 0.09375 0.21640625
1 0.0546875 0.66953125 0.0546875 0.18828125
2 0.81796875 0.58203125 0.0609375 0.19921875
2 0.12421875 0.43046875 0.08671875 0.1625
3 0.77421875 0.36796875 0.13203125 0.0671875
3 0.1890625 0.15703125 0.13203125 0.1
4 0.49375 0.47890625 0.06484375 0.146875
4 0.1265625 0.4609375 0.11015625 0.06953125
8 0.403125 0.7921875 0.0984375 0.078125
8 0.8671875 0.50625 0.03984375 0.153125
9 0.55234375 0.496875 0.07578125 0.103125
9 0.64453125 0.75703125 0.0578125 0.15546875
10 0.7171875 0.80703125 0.09609375 0.06484375
10 0.35234375 0.66640625 0.04140625 0.14296875
11 0.80078125 0.36015625 0.059375 0.12109375
11 0.53828125 0.56796875 0.09765625 0.04375
5 0.37421875 0.88515625 0.0375 0.1296875
5 0.7765625 0.67109375 0.05859375 0.11875
6 0.2828125 0.446875 0.09375 0.07578125
6 0.525 0.809375 0.04921875 0.11171875
7 0.55859375 0.45625 0.05703125 0.090625
7 0.69140625 0.753125 0.07109375 0.08203125
12 0.63984375 0.4109375 0.06484375 0.09453125
12 0.3203125 0.665625 0.07265625 0.05234375
13 0.61953125 0.47265625 0.07265625 0.0609375
13 0.35546875 0.51953125 0.0734375 0.06015625
14 0.51171875 0.64765625 0.0421875 0.0953125
14 0.946875 0.46875 0.06796875 0.05859375
15 0.503125 0.3734375 0.05390625 0.06640625
15 0.83515625 0.4484375 0.046875 0.08203125
16 0.4546875 0.69453125 0.04921875 0.08203125
16 0.4234375 0.52734375 0.0359375 0.0859375
17 0.6390625 0.0734375 0.034375 0.08359375
17 0.5640625 0.35546875 0.04609375 0.0796875
18 0.7578125 0.51484375 0.0328125 0.06015625
18 0.22890625 0.55546875 0.05234375 0.04765625
19 0.2765625 0.23984375 0.03984375 0.07109375
19 0.73984375 0.5390625 0.04453125 0.0625
20 0.39375 0.85703125 0.0296875 0.05859375
20 0.41640625 0.89765625 0.0390625 0.0578125
21 0.2953125 0.753125 0.03046875 0.07109375
21 0.46875 0.52265625 0.03671875 0.05859375
22 0.85859375 0.578125 0.0953125 0.071875
22 0.765625 0.4296875 0.09375 0.05390625