0 0.875 0.50234375 0.1390625 0.2140625
0 0.5375 0.60234375 0.17734375 0.12421875
1 0.6546875 0.5921875 0.06875 0.2109375
1 0.1125 0.77734375 0.17734375 0.10546875
2 0.31171875 0.3125 0.16953125 0.14140625
2 0.25234375 0.47421875 0.09140625 0.171875
3 0.3640625 0.58046875 0.14375 0.1078125
3 0.490625 0.29296875 0.1640625 0.1
4 0.88515625 0.5859375 0.13984375 0.1265625
4 0.75859375 0.5109375 0.040625 0.1671875
8 0.59921875 0.31484375 0.084375 0.15390625
8 0.64609375 0.596875 0.12578125 0.125
9 0.4484375 0.76015625 0.1484375 0.06796875
9 0.2765625 0.728125 0.11171875 0.10546875
10 0.634375 0.440625 0.11875 0.0828125
10 0.8265625 0.271875 0.11640625 0.10546875
11 0.7953125 0.6 0.0578125 0.12265625
11 0.54765625 0.58203125 0.1234375 0.040625
5 0.68671875 0.19609375 0.10078125 0.10546875
5 0.6765625 0.8421875 0.1171875 0.0609375
6 0.68984375 0.1 0.12109375 0.08671875
6 0.1859375 0.675 0.07734375 0.1015625
7 0.23046875 0.6453125 0.12109375 0.0703125
7 0.16015625 0.73359375 0.109375 0.10390625
12 0.66328125 0.2953125 0.103125 0.04375
12 0.34296875 0.53515625 0.05078125 0.1015625
13 0.18203125 0.4953125 0.0578125 0.1
13 0.5703125 0.68046875 0.06328125 0.08671875
14 0.5828125 0.19296875 0.08671875 0.0765625
14 0.75625 0.5265625 0.084375 0.0671875
15 0.546875 0.94140625 0.09140625 0.0703125
15 0.71640625 0.5765625 0.0453125 0.08515625
16 0.48515625 0.33125 0.065625 0.09296875
16 0.63515625 0.16484375 0.05546875 0.08671875
17 0.73046875 0.68203125 0.06171875 0.08046875
17 0.821875 0.35078125 0.078125 0.04453125
18 0.21484375 0.59140625 0.040625 0.071875
18 0.16875 0.58828125 0.0640625 0.0609375
19 0.22421875 0.49375 0.04140625 0.0703125
19 0.58359375 0.14609375 0.05546875 0.07421875
20 0.73828125 0.2515625 0.04609375 0.06171875
20 0.91953125 0.48515625 0.05234375 0.05859375
21 0.4140625 0.31484375 0.07265625 0.03984375
21 0.6390625 0.04375 0.06875 0.046875
22 0.8125 0.45703125 0.0875 0.071875
23 0.85234375 0.24609375 0.0703125 0.04609375