0 0.784375 0.528125 0.15078125 0.225
0 0.7484375 0.6421875 0.121875 0.13359375
1 0.63984375 0.734375 0.1984375 0.1
1 0.1296875 0.29609375 0.14296875 0.19296875
2 0.73203125 0.53203125 0.1359375 0.11328125
2 0.346875 0.4578125 0.0953125 0.21484375
3 0.64453125 0.20703125 0.1125 0.20546875
3 0.678125 0.62734375 0.19453125 0.06640625
4 0.63046875 0.446875 0.15703125 0.12578125
4 0.61796875 0.34375 0.16640625 0.08671875
8 0.26953125 0.38671875 0.08046875 0.1765625
8 0.5109375 0.8703125 0.084375 0.2015625
9 0.44453125 0.40859375 0.0765625 0.16484375
9 0.65625 0.5078125 0.15625 0.09140625
10 0.76015625 0.25625 0.1015625 0.1625
10 0.24375 0.3953125 0.13203125 0.08125
11 0.64609375 0.659375 0.0625 0.159375
11 0.403125 0.51953125 0.12734375 0.06484375
5 0.88515625 0.5 0.09296875 0.1625
5 0.60234375 0.59609375 0.128125 0.09140625
6 0.33671875 0.2859375 0.0703125 0.15234375
6 0.3796875 0.15234375 0.08203125 0.125
7 0.53671875 0.603125 0.059375 0.14765625
7 0.6453125 0.33203125 0.11875 0.121875
12 0.346875 0.43125 0.0765625 0.14921875
12 0.12265625 0.3625 0.07421875 0.11015625
13 0.84296875 0.4921875 0.06640625 0.12890625
13 0.6453125 0.66015625 0.11875 0.0625
14 0.65078125 0.4640625 0.10859375 0.08984375
14 0.46796875 0.3890625 0.1203125 0.06484375
15 0.7625 0.3234375 0.0703125 0.10703125
15 0.14453125 0.36328125 0.09296875 0.059375
16 0.4484375 0.5796875 0.07421875 0.1015625
16 0.18125 0.2953125 0.10546875 0.04765625
17 0.2125 0.109375 0.08828125 0.0765625
17 0.5265625 0.146875 0.0765625 0.08515625
18 0.46953125 0.321875 0.0421875 0.08671875
18 0.425 0.26640625 0.040625 0.08671875
19 0.21953125 0.1625 0.084375 0.0546875
19 0.5703125 0.84609375 0.0578125 0.08984375
20 0.73203125 0.3640625 0.05390625 0.078125
20 0.5265625 0.76015625 0.0578125 0.059375
21 0.5140625 0.6640625 0.04921875 0.09296875
21 0.5078125 0.21015625 0.07109375 0.06953125
22 0.13125 0.103125 0.06484375 0.14765625
22 0.65078125 0.81640625 0.1109375 0.1546875