0 0.69921875 0.59609375 0.2828125 0.0984375
0 0.5296875 0.73203125 0.24140625 0.18515625
1 0.72109375 0.5046875 0.21875 0.0796875
1 0.2984375 0.696875 0.2078125 0.125
2 0.12578125 0.7765625 0.18359375 0.15859375
2 0.4375 0.64140625 0.11875 0.2234375
3 0.33515625 0.39140625 0.1265625 0.15546875
3 0.459375 0.753125 0.2265625 0.078125
4 0.625 0.50859375 0.18984375 0.1125
4 0.9109375 0.64140625 0.08828125 0.215625
8 0.59375 0.6609375 0.1234375 0.08828125
8 0.82578125 0.8828125 0.11484375 0.115625
9 0.490625 0.6828125 0.17890625 0.0765625
9 0.28828125 0.71875 0.14609375 0.08359375
10 0.2953125 0.23515625 0.05234375 0.1296875
10 0.7796875 0.56171875 0.15625 0.0921875
11 0.42734375 0.53203125 0.071875 0.1640625
11 0.05078125 0.57578125 0.09921875 0.13984375
5 0.45390625 0.2890625 0.15546875 0.12265625
5 0.19375 0.1390625 0.11171875 0.0703125
6 0.72890625 0.91328125 0.08984375 0.13515625
6 0.6140625 0.4421875 0.16171875 0.06171875
7 0.53359375 0.53828125 0.12578125 0.0984375
7 0.14609375 0.70078125 0.08125 0.1109375
12 0.31171875 0.63359375 0.08671875 0.1125
12 0.3390625 0.64765625 0.0921875 0.096875
13 0.565625 0.475 0.11015625 0.059375
13 0.81015625 0.7203125 0.1171875 0.06171875
14 0.80078125 0.67265625 0.12265625 0.04375
14 0.57890625 0.35390625 0.09921875 0.109375
15 0.69296875 0.69296875 0.071875 0.06953125
15 0.83203125 0.8078125 0.1015625 0.059375
16 0.51171875 0.359375 0.08671875 0.06328125
16 0.17734375 0.73359375 0.11796875 0.0453125
17 0.5875 0.91640625 0.06015625 0.1
17 0.7609375 0.48984375 0.0390625 0.1125
18 0.66015625 0.846875 0.05234375 0.1046875
18 0.846875 0.7625 0.08125 0.04921875
19 0.6765625 0.4 0.07890625 0.071875
19 0.540625 0.40625 0.084375 0.040625
20 0.65546875 0.58359375 0.07421875 0.06015625
20 0.4171875 0.5703125 0.03359375 0.08046875
21 0.37578125 0.56484375 0.04609375 0.08046875
21 0.72109375 0.5609375 0.06796875 0.0859375
22 0.071875 0.7140625 0.10625 0.12265625
22 0.87421875 0.615625 0.10703125 0.090625