0 0.60078125 0.5625 0.171875 0.3
0 0.51015625 0.5625 0.3078125 0.2546875
1 0.09140625 0.615625 0.1265625 0.19375
1 0.1921875 0.3890625 0.1984375 0.2375
2 0.36640625 0.7484375 0.2375 0.23203125
2 0.6765625 0.5921875 0.12265625 0.14375
3 0.68515625 0.1265625 0.16484375 0.13515625
3 0.76953125 0.4796875 0.1859375 0.1078125
4 0.3859375 0.39921875 0.20546875 0.16796875
4 0.86640625 0.1171875 0.22109375 0.15078125
8 0.1984375 0.86953125 0.196875 0.18203125
8 0.2390625 0.26171875 0.17578125 0.13203125
9 0.53828125 0.3953125 0.15625 0.11796875
9 0.8578125 0.48515625 0.1015625 0.21484375
10 0.2765625 0.64140625 0.19140625 0.10390625
10 0.63671875 0.32421875 0.128125 0.15625
11 0.16875 0.4984375 0.09140625 0.171875
11 0.3046875 0.46640625 0.15625 0.1765625
5 0.20390625 0.77734375 0.15078125 0.171875
5 0.25390625 0.73828125 0.1703125 0.10078125
6 0.4203125 0.91015625 0.228125 0.065625
6 0.546875 0.80078125 0.1859375 0.1109375
7 0.7484375 0.18515625 0.20390625 0.09375
7 0.84921875 0.27578125 0.19296875 0.10078125
12 0.15 0.41328125 0.16328125 0.140625
12 0.38828125 0.49765625 0.16484375 0.05234375
13 0.38671875 0.80703125 0.13671875 0.13359375
13 0.6015625 0.7609375 0.0859375 0.1765625
14 0.54375 0.6328125 0.1421875 0.13515625
14 0.66875 0.4265625 0.12109375 0.159375
15 0.41640625 0.178125 0.15078125 0.09375
15 0.77734375 0.49296875 0.06484375 0.14765625
16 0.4296875 0.71953125 0.128125 0.06953125
16 0.33203125 0.35 0.08046875 0.13828125
17 0.35 0.56875 0.07734375 0.10078125
17 0.571875 0.81640625 0.125 0.0796875
18 0.82109375 0.34765625 0.0875 0.06796875
18 0.565625 0.16484375 0.0875 0.0828125
19 0.528125 0.20703125 0.096875 0.0984375
19 0.6359375 0.5984375 0.09453125 0.08828125
20 0.55234375 0.30703125 0.06875 0.0796875
20 0.6265625 0.75546875 0.0546875 0.0796875
21 0.784375 0.14140625 0.08984375 0.078125
21 0.45234375 0.31171875 0.0578125 0.09375
22 0.37265625 0.50703125 0.13359375 0.15078125
23 0.88828125 0.58828125 0.071875 0.08828125