0 0.6765625 0.4296875 0.29140625 0.1046875
0 0.77890625 0.5953125 0.1078125 0.2234375
1 0.48203125 0.5609375 0.26953125 0.1359375
1 0.65625 0.26953125 0.26953125 0.0859375
2 0.678125 0.80078125 0.2265625 0.134375
2 0.40234375 0.38515625 0.2390625 0.08359375
3 0.63671875 0.8765625 0.21953125 0.0953125
3 0.7609375 0.628125 0.2046875 0.11875
4 0.7515625 0.86796875 0.19453125 0.1
4 0.39765625 0.346875 0.06796875 0.18828125
8 0.265625 0.0953125 0.13515625 0.16328125
8 0.11953125 0.16015625 0.17421875 0.1078125
9 0.85859375 0.653125 0.12421875 0.07734375
9 0.5609375 0.40625 0.16171875 0.11875
10 0.525 0.16953125 0.165625 0.0890625
10 0.07890625 0.3390625 0.10078125 0.14453125
11 0.5796875 0.76796875 0.06328125 0.1375
11 0.1328125 0.2359375 0.07578125 0.1328125
5 0.35859375 0.56953125 0.16328125 0.084375
5 0.34453125 0.35703125 0.07734375 0.13984375
6 0.71171875 0.94453125 0.18203125 0.05859375
6 0.78203125 0.2234375 0.16171875 0.16015625
7 0.20703125 0.4359375 0.14765625 0.0921875
7 0.7578125 0.521875 0.12734375 0.134375
12 0.21328125 0.4953125 0.08828125 0.109375
12 0.6921875 0.72578125 0.12578125 0.06796875
13 0.48359375 0.32421875 0.11171875 0.096875
13 0.63203125 0.2890625 0.109375 0.07890625
14 0.19140625 0.5734375 0.1171875 0.07734375
14 0.225 0.71015625 0.06484375 0.1046875
15 0.62421875 0.59296875 0.1046875 0.08359375
15 0.21484375 0.63125 0.08125 0.07265625
16 0.45625 0.80078125 0.09921875 0.09375
16 0.51015625 0.71484375 0.059375 0.1078125
17 0.66640625 0.6234375 0.06328125 0.090625
17 0.90859375 0.8375 0.1078125 0.05703125
18 0.35078125 0.64609375 0.08984375 0.04453125
18 0.11953125 0.246875 0.0953125 0.04296875
19 0.47109375 0.36484375 0.05 0.07109375
19 0.55859375 0.58046875 0.09140625 0.04453125
20 0.50078125 0.7828125 0.084375 0.04296875
20 0.5296875 0.25703125 0.0703125 0.04921875
21 0.63125 0.7625 0.046875 0.07109375
21 0.65859375 0.1921875 0.06484375 0.07890625
22 0.33203125 0.68359375 0.17421875 0.06015625
23 0.86484375 0.5109375 0.08984375 0.07265625