0 0.4625 0.88359375 0.17421875 0.1484375
0 0.4203125 0.4359375 0.165625 0.16796875
1 0.88828125 0.48671875 0.16875 0.1984375
1 0.8359375 0.55625 0.13671875 0.1609375
2 0.659375 0.4609375 0.26484375 0.17265625
2 0.171875 0.3015625 0.11796875 0.1890625
3 0.87265625 0.384375 0.1140625 0.2640625
3 0.7203125 0.39375 0.1328125 0.24453125
4 0.34765625 0.47890625 0.128125 0.146875
4 0.778125 0.5734375 0.11953125 0.146875
8 0.6109375 0.56171875 0.1125 0.15625
8 0.6578125 0.28828125 0.09765625 0.17265625
9 0.17265625 0.525 0.1875 0.10625
9 0.8484375 0.721875 0.184375 0.09140625
10 0.5296875 0.4796875 0.1140625 0.16796875
10 0.3359375 0.12578125 0.08515625 0.153125
11 0.2015625 0.5734375 0.15703125 0.08828125
11 0.62734375 0.8046875 0.090625 0.084375
5 0.70546875 0.8859375 0.16875 0.078125
5 0.13359375 0.2765625 0.14140625 0.09140625
6 0.3828125 0.8046875 0.10390625 0.1109375
6 0.4796875 0.4609375 0.0921875 0.159375
7 0.278125 0.26171875 0.11953125 0.13203125
7 0.7171875 0.7765625 0.15859375 0.06171875
12 0.52890625 0.909375 0.14296875 0.05078125
12 0.14140625 0.1640625 0.06171875 0.16484375
13 0.53046875 0.32421875 0.13671875 0.09140625
13 0.58359375 0.51953125 0.13671875 0.08125
14 0.36015625 0.42265625 0.11640625 0.09609375
14 0.3296875 0.38125 0.13671875 0.09453125
15 0.64765625 0.3828125 0.08046875 0.10390625
15 0.609375 0.81796875 0.10546875 0.09765625
16 0.440625 0.77734375 0.075 0.1125
16 0.78046875 0.578125 0.06328125 0.1140625
17 0.4640625 0.22265625 0.10546875 0.05390625
17 0.4375 0.0703125 0.06640625 0.1078125
18 0.1515625 0.6515625 0.08515625 0.08125
18 0.8234375 0.6875 0.1109375 0.0453125
19 0.46171875 0.59375 0.10078125 0.05703125
19 0.20546875 0.10703125 0.0734375 0.09609375
20 0.41015625 0.209375 0.09375 0.06328125
20 0.19140625 0.54140625 0.075 0.06015625
21 0.275 0.53515625 0.06796875 0.0765625
21 0.1953125 0.478125 0.10390625 0.05390625
22 0.1734375 0.853125 0.21015625 0.10078125
22 0.50625 0.19765625 0.09375 0.1515625