0 0.871875 0.46015625 0.19453125 0.1484375
0 0.246875 0.53984375 0.08515625 0.225
1 0.56640625 0.81953125 0.0765625 0.20390625
1 0.8375 0.60078125 0.08671875 0.20625
2 0.7109375 0.35234375 0.1859375 0.1125
2 0.6234375 0.49609375 0.18125 0.10390625
3 0.48203125 0.43671875 0.1765625 0.08984375
3 0.325 0.63046875 0.075 0.17265625
4 0.1953125 0.39921875 0.1390625 0.14375
4 0.6171875 0.49453125 0.171875 0.1
8 0.40390625 0.39453125 0.15 0.065625
8 0.81484375 0.12734375 0.0796875 0.15546875
9 0.1484375 0.5828125 0.16328125 0.065625
9 0.44921875 0.86796875 0.16640625 0.078125
10 0.46875 0.9359375 0.15390625 0.0765625
10 0.259375 0.69453125 0.06015625 0.13515625
11 0.16171875 0.49765625 0.1140625 0.10390625
11 0.4125 0.82265625 0.15546875 0.0671875
5 0.715625 0.45390625 0.140625 0.0609375
5 0.48984375 0.796875 0.134375 0.0671875
6 0.12734375 0.68984375 0.146875 0.0828125
6 0.90859375 0.6421875 0.09453125 0.0796875
7 0.14375 0.61640625 0.146875 0.04453125
7 0.5078125 0.7828125 0.06171875 0.12109375
12 0.73984375 0.49453125 0.09765625 0.08828125
12 0.58359375 0.56015625 0.05546875 0.10703125
13 0.20078125 0.68046875 0.078125 0.0953125
13 0.7390625 0.225 0.12578125 0.06875
14 0.303125 0.83125 0.05390625 0.10703125
14 0.2296875 0.8328125 0.08359375 0.10703125
15 0.45859375 0.71953125 0.0765625 0.08515625
15 0.7421875 0.415625 0.1015625 0.04296875
16 0.78515625 0.68515625 0.05390625 0.1
16 0.82734375 0.48046875 0.1 0.05546875
17 0.71484375 0.2640625 0.08359375 0.07578125
17 0.5 0.38828125 0.08828125 0.046875
18 0.521875 0.56015625 0.0671875 0.07109375
18 0.50390625 0.50234375 0.08671875 0.04140625
19 0.66875 0.65859375 0.08984375 0.05546875
19 0.4296875 0.51171875 0.078125 0.05859375
20 0.696875 0.5796875 0.0796875 0.0484375
20 0.31875 0.5015625 0.065625 0.04296875
21 0.27421875 0.6203125 0.071875 0.04453125
21 0.36875 0.4953125 0.0765625 0.04453125
22 0.6015625 0.3953125 0.1140625 0.10703125
23 0.328125 0.453125 0.06875 0.0625