0 0.6859375 0.49765625 0.15703125 0.17109375
0 0.25078125 0.63359375 0.26640625 0.09375
1 0.66015625 0.27578125 0.19765625 0.0953125
1 0.38203125 0.7140625 0.32578125 0.06796875
2 0.778125 0.56484375 0.1453125 0.13515625
2 0.25625 0.82421875 0.10390625 0.14921875
3 0.5796875 0.2796875 0.1390625 0.14296875
3 0.68203125 0.69140625 0.2 0.09140625
4 0.50390625 0.3234375 0.14140625 0.075
4 0.378125 0.76015625 0.14921875 0.1078125
8 0.42265625 0.58828125 0.13125 0.078125
8 0.48046875 0.91171875 0.20390625 0.059375
9 0.7265625 0.6421875 0.11953125 0.10703125
9 0.55625 0.62109375 0.1390625 0.1046875
10 0.73125 0.10546875 0.09765625 0.1234375
10 0.8 0.2265625 0.08203125 0.1203125
11 0.47265625 0.23671875 0.078125 0.11328125
11 0.49296875 0.846875 0.08046875 0.0953125
5 0.2890625 0.85625 0.15078125 0.075
5 0.85234375 0.6875 0.1546875 0.0671875
6 0.3375 0.746875 0.153125 0.05859375
6 0.59375 0.78203125 0.1921875 0.0328125
7 0.43203125 0.8703125 0.15859375 0.06484375
7 0.8609375 0.71640625 0.06640625 0.1015625
12 0.7578125 0.7484375 0.16640625 0.028125
12 0.83515625 0.803125 0.0546875 0.084375
13 0.35234375 0.81328125 0.13125 0.0515625
13 0.55390625 0.8609375 0.084375 0.07890625
14 0.6453125 0.6515625 0.0703125 0.08828125
14 0.51640625 0.90625 0.1234375 0.07265625
15 0.2625 0.728125 0.11796875 0.05546875
15 0.20390625 0.83203125 0.0859375 0.06953125
16 0.35703125 0.709375 0.0859375 0.06796875
16 0.60625 0.70546875 0.1375 0.0359375
17 0.62734375 0.76015625 0.1140625 0.03203125
17 0.41953125 0.84140625 0.09375 0.04375
18 0.715625 0.79296875 0.09765625 0.040625
18 0.69609375 0.725 0.06640625 0.0515625
19 0.8796875 0.790625 0.07265625 0.05234375
19 0.11953125 0.7640625 0.08203125 0.04296875
20 0.58046875 0.6828125 0.0546875 0.046875
20 0.8109375 0.71796875 0.07265625 0.04296875
21 0.64921875 0.72578125 0.07421875 0.04296875
21 0.79765625 0.78359375 0.0546875 0.04765625
22 0.28125 0.59140625 0.16640625 0.09296875
23 0.6109375 0.621875 0.053125 0.04921875