0 0.5953125 0.24296875 0.1125 0.33515625
0 0.15546875 0.43046875 0.22265625 0.2203125
1 0.77890625 0.32890625 0.21640625 0.2859375
1 0.51328125 0.3203125 0.1875 0.303125
2 0.6015625 0.50390625 0.23203125 0.17578125
2 0.58203125 0.6453125 0.17421875 0.25390625
3 0.83125 0.5796875 0.19609375 0.20078125
3 0.81796875 0.24453125 0.10390625 0.24921875
4 0.41796875 0.19296875 0.18359375 0.1421875
4 0.346875 0.35078125 0.225 0.08046875
8 0.89921875 0.36171875 0.09921875 0.21484375
8 0.6625 0.6390625 0.1765625 0.16875
9 0.43046875 0.825 0.18125 0.1640625
9 0.2515625 0.375 0.1453125 0.15859375
10 0.559375 0.60546875 0.13046875 0.1734375
10 0.4171875 0.3921875 0.0703125 0.203125
11 0.73828125 0.71796875 0.17421875 0.11953125
11 0.19765625 0.57421875 0.13046875 0.1515625
5 0.74375 0.45390625 0.16328125 0.14453125
5 0.7171875 0.14453125 0.1546875 0.1421875
6 0.46171875 0.58046875 0.0796875 0.203125
6 0.11015625 0.3921875 0.0796875 0.1734375
7 0.2328125 0.76875 0.165625 0.1390625
7 0.22265625 0.6671875 0.1546875 0.09296875
12 0.3578125 0.66484375 0.1015625 0.12734375
12 0.16328125 0.54140625 0.09296875 0.1390625
13 0.34140625 0.44140625 0.1125 0.1
13 0.33203125 0.54765625 0.090625 0.078125
14 0.31875 0.63828125 0.134375 0.06328125
14 0.29375 0.7625 0.11015625 0.1125
15 0.4921875 0.5265625 0.08359375 0.1296875
15 0.409375 0.63359375 0.06875 0.121875
16 0.5421875 0.54765625 0.05546875 0.13671875
16 0.6453125 0.72890625 0.06875 0.1125
17 0.8125 0.49765625 0.0703125 0.11484375
17 0.5 0.26015625 0.1125 0.08046875
18 0.28125 0.28203125 0.09921875 0.08046875
18 0.43515625 0.77890625 0.08359375 0.1
19 0.78046875 0.57109375 0.07734375 0.0859375
19 0.34453125 0.38359375 0.08359375 0.0828125
20 0.1984375 0.30078125 0.0796875 0.06328125
20 0.665625 0.3984375 0.07265625 0.06875
21 0.66640625 0.26640625 0.0703125 0.09296875
21 0.31875 0.50625 0.07734375 0.078125
22 0.58515625 0.80546875 0.171875 0.1
22 0.1890625 0.4484375 0.0859375 0.18359375