0 0.78203125 0.34140625 0.15859375 0.12421875
0 0.7234375 0.60859375 0.18984375 0.10078125
1 0.6953125 0.47109375 0.0890625 0.2109375
1 0.4625 0.5671875 0.04765625 0.209375
2 0.54453125 0.878125 0.1234375 0.1203125
2 0.4984375 0.65859375 0.0828125 0.175
3 0.15234375 0.79921875 0.0625 0.16484375
3 0.68046875 0.6390625 0.09609375 0.115625
4 0.38515625 0.20546875 0.10234375 0.12421875
4 0.50625 0.2921875 0.05234375 0.16171875
8 0.7703125 0.8953125 0.12734375 0.10859375
8 0.278125 0.25625 0.06640625 0.14921875
9 0.19140625 0.3421875 0.05234375 0.14453125
9 0.2375 0.878125 0.1296875 0.04765625
10 0.2609375 0.80234375 0.0703125 0.12421875
10 0.909375 0.59921875 0.0484375 0.13125
11 0.728125 0.196875 0.0765625 0.12890625
11 0.25703125 0.36484375 0.04609375 0.12890625
5 0.7953125 0.67734375 0.10625 0.05625
5 0.1171875 0.58671875 0.05390625 0.12734375
6 0.22109375 0.8125 0.0625 0.1171875
6 0.3703125 0.296875 0.04765625 0.12265625
7 0.671875 0.88671875 0.1140625 0.05078125
7 0.36796875 0.10703125 0.10390625 0.06640625
12 0.7828125 0.4625 0.08515625 0.071875
12 0.17265625 0.4984375 0.08984375 0.06328125
13 0.46171875 0.0859375 0.04609375 0.10546875
13 0.83046875 0.81796875 0.0515625 0.10390625
14 0.32265625 0.53359375 0.0578125 0.0953125
14 0.61171875 0.64921875 0.05625 0.0921875
15 0.275 0.71171875 0.07265625 0.07109375
15 0.30859375 0.6390625 0.07734375 0.06328125
16 0.27109375 0.51484375 0.075 0.0734375
16 0.69296875 0.784375 0.08359375 0.05234375
17 0.5578125 0.3796875 0.0703125 0.06640625
17 0.87421875 0.77265625 0.07890625 0.0390625
18 0.4046875 0.56875 0.06640625 0.0625
18 0.78828125 0.64765625 0.04140625 0.06953125
19 0.76484375 0.71796875 0.06015625 0.0578125
19 0.64609375 0.25859375 0.0421875 0.078125
20 0.7640625 0.81171875 0.04140625 0.059375
20 0.3265625 0.38671875 0.04765625 0.06484375
21 0.16171875 0.55234375 0.04140625 0.06640625
21 0.7578125 0.54765625 0.05390625 0.0546875
22 0.0921875 0.834375 0.1125 0.0765625
23 0.71640625 0.2765625 0.0578125 0.05078125