0 0.50703125 0.8671875 0.2484375 0.11640625
0 0.59296875 0.134375 0.2421875 0.121875
1 0.63203125 0.24765625 0.13359375 0.13125
1 0.4828125 0.34375 0.09609375 0.225
2 0.40859375 0.54921875 0.14375 0.125
2 0.41640625 0.23984375 0.1796875 0.08203125
3 0.346875 0.46328125 0.11015625 0.15
3 0.09921875 0.32890625 0.10078125 0.16015625
4 0.1640625 0.49140625 0.13359375 0.14140625
4 0.3734375 0.69140625 0.159375 0.0765625
8 0.4671875 0.4484375 0.15625 0.1203125
8 0.2765625 0.3953125 0.06015625 0.1734375
9 0.81328125 0.40390625 0.11796875 0.121875
9 0.33203125 0.603125 0.1625 0.0703125
10 0.46953125 0.18046875 0.11328125 0.08125
10 0.22265625 0.30390625 0.14375 0.06328125
11 0.73203125 0.8015625 0.07734375 0.10859375
11 0.73671875 0.49140625 0.053125 0.15625
5 0.79375 0.3828125 0.14765625 0.08671875
5 0.85390625 0.8984375 0.13515625 0.09375
6 0.58671875 0.32421875 0.10078125 0.13125
6 0.44140625 0.25625 0.09921875 0.15
7 0.34609375 0.3 0.109375 0.1265625
7 0.20078125 0.4453125 0.109375 0.1296875
12 0.63671875 0.78359375 0.07734375 0.11171875
12 0.71796875 0.69765625 0.07890625 0.10703125
13 0.57109375 0.74375 0.08046875 0.10703125
13 0.68515625 0.253125 0.12734375 0.0765625
14 0.5328125 0.3734375 0.08203125 0.09140625
14 0.2625 0.234375 0.0890625 0.11328125
15 0.5703125 0.4859375 0.06171875 0.09296875
15 0.9265625 0.903125 0.06875 0.10859375
16 0.7625 0.24765625 0.06484375 0.10703125
16 0.67265625 0.428125 0.06015625 0.10859375
17 0.5109375 0.58046875 0.08359375 0.0515625
17 0.60078125 0.6515625 0.09453125 0.05859375
18 0.41796875 0.5546875 0.05859375 0.0765625
18 0.51328125 0.78046875 0.05703125 0.078125
19 0.36328125 0.6640625 0.08046875 0.0484375
19 0.54453125 0.5484375 0.07578125 0.053125
20 0.6390625 0.5015625 0.06171875 0.06484375
20 0.22265625 0.41015625 0.06328125 0.05625
21 0.36796875 0.81015625 0.0671875 0.05859375
21 0.48828125 0.87734375 0.053125 0.075
22 0.13828125 0.534375 0.09609375 0.08984375
22 0.396875 0.76484375 0.12734375 0.08515625