0 0.6234375 0.49921875 0.146875 0.16484375
0 0.53984375 0.82265625 0.24453125 0.10703125
1 0.74921875 0.2796875 0.240625 0.0984375
1 0.2765625 0.88203125 0.1390625 0.190625
2 0.5859375 0.08046875 0.20546875 0.0859375
2 0.43359375 0.65546875 0.10234375 0.12578125
3 0.40859375 0.2453125 0.1390625 0.1109375
3 0.5 0.78828125 0.18359375 0.08515625
4 0.4515625 0.32734375 0.1375 0.11484375
4 0.4484375 0.465625 0.1234375 0.11796875
8 0.25234375 0.275 0.1875 0.046875
8 0.38984375 0.13203125 0.17734375 0.0828125
9 0.19140625 0.34140625 0.11875 0.10859375
9 0.4140625 0.20234375 0.11171875 0.1046875
10 0.6828125 0.08125 0.0921875 0.10078125
10 0.48125 0.87265625 0.15703125 0.0609375
11 0.1625 0.421875 0.1171875 0.09609375
11 0.50859375 0.3078125 0.09375 0.084375
5 0.8046875 0.57265625 0.06015625 0.103125
5 0.60703125 0.7984375 0.0703125 0.0921875
6 0.48046875 0.59921875 0.15234375 0.07734375
6 0.31796875 0.2328125 0.10703125 0.09296875
7 0.9 0.15078125 0.12734375 0.0796875
7 0.78203125 0.4203125 0.14921875 0.05703125
12 0.3 0.4234375 0.06171875 0.08203125
12 0.746875 0.7 0.05859375 0.0828125
13 0.2921875 0.8515625 0.11875 0.05234375
13 0.47734375 0.225 0.11171875 0.0484375
14 0.484375 0.44765625 0.07890625 0.07578125
14 0.19921875 0.64140625 0.09375 0.07265625
15 0.4140625 0.5546875 0.12578125 0.046875
15 0.35703125 0.60859375 0.05546875 0.071875
16 0.5078125 0.19921875 0.115625 0.046875
16 0.43828125 0.1484375 0.1 0.0484375
17 0.28984375 0.67421875 0.0984375 0.05
17 0.11484375 0.6890625 0.0984375 0.05
18 0.74140625 0.16484375 0.071875 0.05234375
18 0.6625 0.2125 0.08359375 0.04453125
19 0.659375 0.15546875 0.08203125 0.0453125
19 0.73671875 0.55703125 0.08203125 0.04453125
20 0.40234375 0.29921875 0.08203125 0.0375
20 0.57421875 0.2375 0.071875 0.03828125
21 0.75390625 0.4640625 0.0765625 0.0421875
21 0.259375 0.428125 0.0734375 0.0359375
22 0.27109375 0.565625 0.1640625 0.05546875
22 0.59765625 0.1984375 0.0953125 0.1