0 0.175 0.25625 0.10625 0.08125
0 0.44453125 0.56875 0.14609375 0.23203125
1 0.2296875 0.22421875 0.2 0.09609375
1 0.7375 0.9109375 0.12421875 0.14765625
2 0.19921875 0.50390625 0.11640625 0.09453125
2 0.6640625 0.66875 0.0859375 0.09921875
3 0.11953125 0.32890625 0.11875 0.1078125
3 0.49609375 0.5609375 0.0703125 0.1109375
4 0.36328125 0.3609375 0.075 0.0953125
4 0.21640625 0.14453125 0.128125 0.0859375
8 0.13046875 0.215625 0.071875 0.1171875
8 0.703125 0.84453125 0.15703125 0.071875
9 0.66328125 0.834375 0.078125 0.06953125
9 0.30234375 0.36953125 0.09375 0.1203125
10 0.3 0.4421875 0.11953125 0.05703125
10 0.1828125 0.47734375 0.08125 0.12265625
11 0.41015625 0.65625 0.09140625 0.11484375
11 0.3046875 0.2203125 0.04453125 0.14609375
5 0.5015625 0.434375 0.071875 0.09140625
5 0.2609375 0.134375 0.0703125 0.1046875
6 0.47578125 0.63515625 0.05859375 0.14296875
6 0.48359375 0.6796875 0.05546875 0.1171875
7 0.334375 0.4859375 0.06875 0.0671875
7 0.2953125 0.05390625 0.1234375 0.06015625
12 0.67421875 0.7625 0.06640625 0.0578125
12 0.11875 0.50546875 0.0484375 0.10546875
13 0.29375 0.36171875 0.08203125 0.08203125
13 0.7359375 0.67109375 0.09453125 0.04765625
14 0.2546875 0.57578125 0.059375 0.07265625
14 0.12578125 0.3640625 0.08203125 0.06640625
15 0.19609375 0.53828125 0.059375 0.0765625
15 0.05625 0.453125 0.03984375 0.11328125
16 0.959375 0.49296875 0.0671875 0.08125
16 0.259375 0.38671875 0.06875 0.059375
17 0.2703125 0.03984375 0.07578125 0.03203125
17 0.0984375 0.48203125 0.053125 0.090625
18 0.0234375 0.40390625 0.0375 0.090625
18 0.425 0.46875 0.0328125 0.08203125
19 0.0578125 0.30078125 0.0328125 0.09140625
19 0.45859375 0.46953125 0.04921875 0.07265625
20 0.39140625 0.5625 0.02890625 0.0609375
20 0.24609375 0.62890625 0.03515625 0.0609375
21 0.73515625 0.95078125 0.04140625 0.0734375
21 0.09140625 0.415625 0.059375 0.0515625
22 0.375 0.65625 0.08359375 0.1109375
22 0.66796875 0.696875 0.05 0.09765625