0 0.41875 0.19296875 0.33046875 0.23828125
0 0.66953125 0.76875 0.21796875 0.23125
1 0.49765625 0.14765625 0.19765625 0.19453125
1 0.390625 0.69140625 0.3046875 0.13828125
2 0.15234375 0.44453125 0.2296875 0.2140625
2 0.37109375 0.71015625 0.2078125 0.2515625
3 0.20390625 0.7234375 0.19921875 0.20859375
3 0.62109375 0.7640625 0.1171875 0.2859375
4 0.478125 0.825 0.12421875 0.2296875
4 0.7046875 0.64765625 0.128125 0.32265625
8 0.3984375 0.265625 0.2046875 0.12421875
8 0.43125 0.246875 0.2078125 0.096875
9 0.14296875 0.58203125 0.20078125 0.09140625
9 0.821875 0.70703125 0.14453125 0.2796875
10 0.33984375 0.359375 0.17890625 0.12265625
10 0.5625 0.34921875 0.08515625 0.215625
11 0.5890625 0.359375 0.08203125 0.19453125
11 0.3 0.6921875 0.16015625 0.16015625
5 0.72578125 0.38359375 0.12578125 0.13984375
5 0.890625 0.6015625 0.08515625 0.22421875
6 0.315625 0.1046875 0.1140625 0.12578125
6 0.665625 0.39765625 0.10390625 0.17421875
7 0.25625 0.6546875 0.209375 0.15
7 0.65390625 0.740625 0.1296875 0.21171875
12 0.76015625 0.52265625 0.14296875 0.0828125
12 0.5171875 0.63515625 0.128125 0.13984375
13 0.878125 0.6234375 0.17890625 0.0640625
13 0.64140625 0.7984375 0.134375 0.1
14 0.43515625 0.57265625 0.1515625 0.0796875
14 0.709375 0.88203125 0.06328125 0.1671875
15 0.3890625 0.83125 0.0796875 0.11015625
15 0.8359375 0.76875 0.059375 0.14140625
16 0.46953125 0.47578125 0.1515625 0.05859375
16 0.47890625 0.646875 0.146875 0.103125
17 0.58359375 0.5109375 0.10703125 0.1015625
17 0.3296875 0.77421875 0.08359375 0.1171875
18 0.46328125 0.35703125 0.078125 0.08984375
18 0.46171875 0.43203125 0.12265625 0.0671875
19 0.68515625 0.37421875 0.10234375 0.05859375
19 0.3328125 0.4640625 0.09375 0.0796875
20 0.68046875 0.49921875 0.090625 0.05
20 0.62109375 0.42265625 0.08359375 0.03828125
21 0.74296875 0.571875 0.0921875 0.053125
21 0.340625 0.184375 0.10234375 0.0484375
22 0.79921875 0.65859375 0.2078125 0.1203125
23 0.74921875 0.4390625 0.06171875 0.07421875