0 0.24765625 0.3890625 0.14140625 0.125
0 0.31796875 0.25625 0.14609375 0.2453125
1 0.5390625 0.6625 0.121875 0.12265625
1 0.66796875 0.43515625 0.09296875 0.14921875
2 0.6234375 0.44609375 0.10078125 0.14453125
2 0.15546875 0.28125 0.09375 0.15859375
3 0.20390625 0.559375 0.13671875 0.1234375
3 0.27265625 0.7640625 0.04765625 0.1671875
4 0.821875 0.33984375 0.16171875 0.06953125
4 0.634375 0.5359375 0.1546875 0.0625
8 0.3609375 0.68046875 0.05078125 0.15859375
8 0.57265625 0.2359375 0.159375 0.11328125
9 0.921875 0.203125 0.09921875 0.1421875
9 0.7734375 0.3921875 0.078125 0.0875
10 0.30703125 0.5953125 0.10703125 0.1109375
10 0.22265625 0.69296875 0.03828125 0.14765625
11 0.36953125 0.18125 0.10625 0.10703125
11 0.403125 0.6875 0.08359375 0.06484375
5 0.52734375 0.41953125 0.10390625 0.07421875
5 0.54296875 0.36328125 0.09140625 0.06015625
6 0.10625 0.38125 0.0609375 0.1265625
6 0.48203125 0.4671875 0.109375 0.07421875
7 0.0953125 0.87109375 0.0484375 0.140625
7 0.59375 0.22421875 0.1296875 0.05625
12 0.2828125 0.05859375 0.09453125 0.0671875
12 0.175 0.0953125 0.05859375 0.109375
13 0.35 0.60390625 0.09609375 0.0515625
13 0.43046875 0.646875 0.07265625 0.1046875
14 0.640625 0.1703125 0.06796875 0.084375
14 0.39296875 0.4375 0.08671875 0.05546875
15 0.3578125 0.80078125 0.07890625 0.0609375
15 0.13046875 0.29453125 0.0640625 0.0765625
16 0.46484375 0.68984375 0.0484375 0.08203125
16 0.54375 0.27578125 0.07421875 0.0609375
17 0.20390625 0.178125 0.08046875 0.0453125
17 0.58046875 0.1265625 0.04296875 0.0828125
18 0.43359375 0.55546875 0.0484375 0.06484375
18 0.42265625 0.58125 0.0453125 0.05859375
19 0.25625 0.17109375 0.040625 0.06640625
19 0.4359375 0.36953125 0.065625 0.03984375
20 0.29453125 0.190625 0.03515625 0.05625
20 0.61796875 0.11796875 0.0359375 0.0578125
21 0.5328125 0.47421875 0.0484375 0.03984375
21 0.303125 0.30703125 0.0359375 0.05859375
22 0.665625 0.22421875 0.0859375 0.0921875
23 0.396875 0.409375 0.0453125 0.03984375