0 0.6234375 0.13203125 0.15703125 0.159375
0 0.75390625 0.2984375 0.17265625 0.18359375
1 0.8984375 0.58984375 0.15234375 0.27890625
1 0.69296875 0.22734375 0.2015625 0.2046875
2 0.81640625 0.56953125 0.06171875 0.303125
2 0.35078125 0.5765625 0.11328125 0.18515625
3 0.24296875 0.66640625 0.17265625 0.1609375
3 0.4140625 0.615625 0.121875 0.24296875
4 0.71484375 0.19140625 0.15546875 0.178125
4 0.63828125 0.77734375 0.08125 0.1921875
8 0.7 0.7609375 0.0953125 0.15234375
8 0.44921875 0.4015625 0.12890625 0.20625
9 0.29140625 0.4203125 0.084375 0.15390625
9 0.31875 0.29140625 0.178125 0.10390625
10 0.64921875 0.896875 0.16640625 0.08125
10 0.4359375 0.70859375 0.13046875 0.12109375
11 0.86484375 0.2484375 0.07734375 0.15390625
11 0.48125 0.3875 0.15546875 0.08125
5 0.06796875 0.4625 0.1109375 0.13828125
5 0.45 0.10625 0.1359375 0.10234375
6 0.83046875 0.84609375 0.15703125 0.096875
6 0.5171875 0.68515625 0.09921875 0.19609375
7 0.66796875 0.4109375 0.16796875 0.07265625
7 0.4328125 0.31640625 0.11796875 0.15078125
12 0.76015625 0.4515625 0.09765625 0.1125
12 0.76015625 0.125 0.1375 0.13515625
13 0.77421875 0.7375 0.0703125 0.1578125
13 0.4296875 0.72578125 0.078125 0.13203125
14 0.47109375 0.50078125 0.1109375 0.07265625
14 0.346875 0.33125 0.07109375 0.159375
15 0.63203125 0.57421875 0.07421875 0.1234375
15 0.7203125 0.578125 0.1078125 0.08828125
16 0.42890625 0.19375 0.10625 0.096875
16 0.675 0.5015625 0.12578125 0.0921875
17 0.4890625 0.57109375 0.0953125 0.07109375
17 0.49765625 0.44921875 0.07734375 0.0828125
18 0.8890625 0.66953125 0.0640625 0.10234375
18 0.52265625 0.190625 0.05625 0.11796875
19 0.5703125 0.9125 0.0921875 0.0640625
19 0.68203125 0.4296875 0.06171875 0.1109375
20 0.3640625 0.45234375 0.0671875 0.05234375
20 0.5234375 0.33046875 0.05078125 0.0984375
21 0.67421875 0.35859375 0.07421875 0.05546875
21 0.70078125 0.52421875 0.07109375 0.046875
22 0.48671875 0.82890625 0.15546875 0.08828125
23 0.63828125 0.290625 0.078125 0.05390625