0 0.58359375 0.5875 0.28515625 0.18359375
0 0.2578125 0.6578125 0.2109375 0.15
1 0.8484375 0.52890625 0.246875 0.0984375
1 0.465625 0.2515625 0.2390625 0.1703125
2 0.565625 0.8375 0.14921875 0.1671875
2 0.81953125 0.59609375 0.12265625 0.209375
3 0.6234375 0.378125 0.1890625 0.1515625
3 0.41171875 0.88828125 0.2109375 0.146875
4 0.28828125 0.484375 0.23203125 0.08046875
4 0.63515625 0.834375 0.20859375 0.09375
8 0.625 0.46484375 0.10625 0.19140625
8 0.67421875 0.74140625 0.1078125 0.165625
9 0.55078125 0.10859375 0.16953125 0.14296875
9 0.30859375 0.4125 0.17265625 0.08359375
10 0.59140625 0.18828125 0.078125 0.1546875
10 0.92109375 0.4453125 0.09765625 0.153125
11 0.49921875 0.428125 0.0828125 0.1578125
11 0.29296875 0.59453125 0.1375 0.1125
5 0.29296875 0.7421875 0.12421875 0.13515625
5 0.59453125 0.90234375 0.15078125 0.1078125
6 0.23515625 0.56328125 0.16953125 0.0578125
6 0.8875 0.63359375 0.1125 0.165625
7 0.57109375 0.51953125 0.12421875 0.13671875
7 0.54609375 0.6953125 0.1640625 0.0546875
12 0.3109375 0.334375 0.1046875 0.12734375
12 0.74140625 0.7359375 0.053125 0.12265625
13 0.52109375 0.64140625 0.14609375 0.06953125
13 0.53828125 0.609375 0.1375 0.09140625
14 0.728125 0.55703125 0.09609375 0.11953125
14 0.35625 0.36640625 0.11953125 0.07890625
15 0.375 0.7375 0.12578125 0.0609375
15 0.47734375 0.3578125 0.08984375 0.10625
16 0.79375 0.7390625 0.08125 0.1125
16 0.38046875 0.6359375 0.08125 0.103125
17 0.41484375 0.496875 0.059375 0.1078125
17 0.08671875 0.765625 0.1109375 0.053125
18 0.70859375 0.60625 0.06796875 0.08515625
18 0.2984375 0.78984375 0.059375 0.09140625
19 0.74140625 0.4796875 0.08984375 0.0640625
19 0.6578125 0.4390625 0.075 0.08203125
20 0.55234375 0.41875 0.07265625 0.0546875
20 0.515625 0.73671875 0.0796875 0.0625
21 0.80546875 0.51484375 0.075 0.053125
21 0.60703125 0.29609375 0.06640625 0.07421875
22 0.33828125 0.546875 0.159375 0.1078125
22 0.4 0.83203125 0.15625 0.13984375