0 0.71953125 0.7 0.19765625 0.14921875
0 0.8453125 0.46328125 0.11484375 0.315625
1 0.5 0.35078125 0.2046875 0.2171875
1 0.64140625 0.2734375 0.103125 0.2234375
2 0.440625 0.609375 0.10390625 0.1328125
2 0.62890625 0.2796875 0.2 0.1703125
3 0.61875 0.71640625 0.15703125 0.20703125
3 0.52265625 0.4015625 0.040625 0.2828125
4 0.56328125 0.4828125 0.18125 0.10078125
4 0.28515625 0.52734375 0.1609375 0.0796875
8 0.5296875 0.85078125 0.15546875 0.14765625
8 0.546875 0.13203125 0.1734375 0.12890625
9 0.684375 0.546875 0.140625 0.21328125
9 0.54375 0.20078125 0.07578125 0.22109375
10 0.5578125 0.546875 0.15 0.078125
10 0.5109375 0.80859375 0.1203125 0.18671875
11 0.41796875 0.2890625 0.13828125 0.13125
11 0.69765625 0.30234375 0.12890625 0.1375
5 0.7640625 0.3546875 0.07734375 0.19296875
5 0.39140625 0.41015625 0.121875 0.171875
6 0.40234375 0.8875 0.07734375 0.2046875
6 0.63359375 0.253125 0.1390625 0.1125
7 0.771875 0.5890625 0.14453125 0.084375
7 0.33046875 0.503125 0.06640625 0.203125
12 0.76328125 0.59296875 0.103125 0.16171875
12 0.29609375 0.45390625 0.1 0.07578125
13 0.07265625 0.53828125 0.071875 0.1453125
13 0.721875 0.44140625 0.05546875 0.1703125
14 0.6078125 0.853125 0.11875 0.059375
14 0.76484375 0.44140625 0.0515625 0.16171875
15 0.590625 0.93203125 0.090625 0.08203125
15 0.86328125 0.40390625 0.0890625 0.10625
16 0.5515625 0.7109375 0.07734375 0.1390625
16 0.684375 0.365625 0.09765625 0.0921875
17 0.39140625 0.74296875 0.05703125 0.12109375
17 0.8734375 0.34765625 0.09609375 0.084375
18 0.4390625 0.52421875 0.071875 0.0734375
18 0.45390625 0.46171875 0.0828125 0.06796875
19 0.5578125 0.08203125 0.06796875 0.11484375
19 0.38125 0.38828125 0.07578125 0.10078125
20 0.68125 0.7171875 0.06328125 0.0859375
20 0.5859375 0.5953125 0.06484375 0.071875
21 0.45234375 0.38828125 0.04453125 0.09609375
21 0.446875 0.7671875 0.04453125 0.1046875
22 0.946875 0.48671875 0.10390625 0.21953125
22 0.28203125 0.61953125 0.07734375 0.1171875