0 0.70078125 0.79375 0.159375 0.33671875
0 0.525 0.6359375 0.203125 0.19765625
1 0.64921875 0.47421875 0.19765625 0.20390625
1 0.6265625 0.5 0.296875 0.1328125
2 0.2078125 0.57890625 0.1140625 0.26328125
2 0.4265625 0.359375 0.21171875 0.12890625
3 0.43359375 0.18828125 0.1828125 0.20625
3 0.33125 0.7171875 0.19921875 0.2140625
4 0.13671875 0.559375 0.1796875 0.1640625
4 0.43984375 0.36015625 0.225 0.1265625
8 0.3046875 0.54921875 0.115625 0.259375
8 0.8765625 0.56796875 0.09453125 0.253125
9 0.6484375 0.76953125 0.17421875 0.125
9 0.590625 0.13046875 0.115625 0.21015625
10 0.14140625 0.721875 0.15546875 0.15234375
10 0.2890625 0.29765625 0.1359375 0.18828125
11 0.646875 0.33671875 0.1453125 0.1421875
11 0.425 0.384375 0.11015625 0.21796875
5 0.56953125 0.84375 0.15390625 0.103125
5 0.4015625 0.82578125 0.078125 0.20234375
6 0.603125 0.32265625 0.1453125 0.134375
6 0.48359375 0.6296875 0.11953125 0.1859375
7 0.275 0.65078125 0.09453125 0.17265625
7 0.0953125 0.565625 0.1 0.20390625
12 0.14921875 0.4375 0.0671875 0.17421875
12 0.6296875 0.46640625 0.146875 0.09296875
13 0.79375 0.44921875 0.06484375 0.15078125
13 0.5671875 0.3421875 0.1265625 0.13828125
14 0.7234375 0.31484375 0.0703125 0.15078125
14 0.60625 0.2578125 0.12890625 0.103125
15 0.6828125 0.6671875 0.10859375 0.10703125
15 0.80234375 0.675 0.07265625 0.134375
16 0.13984375 0.60234375 0.0796875 0.1265625
16 0.50078125 0.4375 0.11796875 0.06328125
17 0.28828125 0.37734375 0.0546875 0.12109375
17 0.2546875 0.64140625 0.1 0.06328125
18 0.490625 0.72109375 0.090625 0.07109375
18 0.42109375 0.71875 0.07421875 0.075
19 0.48203125 0.79140625 0.08671875 0.08125
19 0.75703125 0.4578125 0.06484375 0.09921875
20 0.6859375 0.83203125 0.08125 0.059375
20 0.68984375 0.59609375 0.07578125 0.0828125
21 0.625 0.58203125 0.0546875 0.09140625
21 0.39375 0.34765625 0.0703125 0.0890625
22 0.6890625 0.19765625 0.125 0.11484375
22 0.39296875 0.815625 0.18125 0.11875