0 0.65859375 0.30625 0.1953125 0.115625
0 0.7546875 0.271875 0.1015625 0.1453125
1 0.71328125 0.19453125 0.13984375 0.17109375
1 0.22734375 0.8546875 0.265625 0.09921875
2 0.78203125 0.72578125 0.15859375 0.19765625
2 0.5234375 0.6578125 0.090625 0.1796875
3 0.44296875 0.52265625 0.07890625 0.20546875
3 0.58984375 0.8984375 0.16015625 0.13359375
4 0.721875 0.646875 0.11328125 0.20546875
4 0.6203125 0.60078125 0.11640625 0.184375
8 0.81640625 0.49609375 0.07109375 0.21015625
8 0.64765625 0.35234375 0.14921875 0.12265625
9 0.49296875 0.49296875 0.1625 0.08984375
9 0.46171875 0.29375 0.1625 0.1140625
10 0.52890625 0.56328125 0.14921875 0.09453125
10 0.81015625 0.109375 0.16796875 0.06875
11 0.634375 0.421875 0.1203125 0.12734375
11 0.7984375 0.22109375 0.08828125 0.103125
5 0.06953125 0.60390625 0.0828125 0.19453125
5 0.671875 0.6015625 0.103125 0.1203125
6 0.8265625 0.2921875 0.09609375 0.16796875
6 0.90703125 0.3578125 0.1078125 0.15703125
7 0.8640625 0.39921875 0.09375 0.1421875
7 0.7640625 0.81875 0.1265625 0.12578125
12 0.634375 0.67578125 0.090625 0.09921875
12 0.878125 0.25078125 0.1 0.10625
13 0.653125 0.271875 0.071875 0.08828125
13 0.6921875 0.70390625 0.05234375 0.1484375
14 0.565625 0.46328125 0.12421875 0.06328125
14 0.76953125 0.35625 0.1078125 0.0703125
15 0.690625 0.15703125 0.0984375 0.071875
15 0.6453125 0.42734375 0.05703125 0.09609375
16 0.83359375 0.19375 0.103125 0.065625
16 0.8953125 0.3875 0.0546875 0.1125
17 0.57734375 0.22421875 0.07109375 0.09140625
17 0.72734375 0.084375 0.07109375 0.0703125
18 0.671875 0.06875 0.05078125 0.08671875
18 0.45390625 0.38046875 0.06171875 0.08671875
19 0.53671875 0.64140625 0.06640625 0.075
19 0.4703125 0.66015625 0.05859375 0.09453125
20 0.7078125 0.4453125 0.06171875 0.05078125
20 0.8015625 0.1375 0.05703125 0.05234375
21 0.6171875 0.55859375 0.065625 0.04609375
21 0.66640625 0.63203125 0.03203125 0.08515625
22 0.65625 0.175 0.10546875 0.1421875
23 0.85234375 0.53203125 0.07578125 0.06328125