0 0.3328125 0.49921875 0.10546875 0.1296875
0 0.478125 0.415625 0.0671875 0.22421875
1 0.38359375 0.83046875 0.209375 0.14921875
1 0.7984375 0.45078125 0.171875 0.1625
2 0.753125 0.403125 0.10703125 0.14921875
2 0.659375 0.87421875 0.11875 0.203125
3 0.27734375 0.28125 0.15234375 0.12578125
3 0.64140625 0.1046875 0.17734375 0.11015625
4 0.23203125 0.72265625 0.09375 0.12578125
4 0.84609375 0.665625 0.1640625 0.11875
8 0.42265625 0.15390625 0.13671875 0.12421875
8 0.084375 0.4265625 0.06328125 0.16484375
9 0.753125 0.3171875 0.12734375 0.14375
9 0.4171875 0.42265625 0.06015625 0.15625
10 0.46015625 0.54375 0.10859375 0.1171875
10 0.72421875 0.56328125 0.14921875 0.0609375
11 0.15234375 0.39296875 0.08828125 0.1171875
11 0.20078125 0.80390625 0.1640625 0.05390625
5 0.2109375 0.48984375 0.10234375 0.1171875
5 0.79921875 0.74453125 0.05546875 0.13515625
6 0.63203125 0.45078125 0.12890625 0.08359375
6 0.46484375 0.65078125 0.140625 0.06875
7 0.5859375 0.33671875 0.0921875 0.11953125
7 0.23984375 0.5984375 0.10390625 0.1140625
12 0.66328125 0.3421875 0.06875 0.10546875
12 0.4109375 0.82578125 0.10859375 0.0859375
13 0.5390625 0.85234375 0.05390625 0.10859375
13 0.396875 0.70625 0.11015625 0.0453125
14 0.18359375 0.64140625 0.090625 0.06796875
14 0.33515625 0.55859375 0.0515625 0.1015625
15 0.5359375 0.4234375 0.06015625 0.09296875
15 0.459375 0.1921875 0.06015625 0.09609375
16 0.815625 0.215625 0.07890625 0.0984375
16 0.13671875 0.34140625 0.046875 0.0984375
17 0.7703125 0.8875 0.05390625 0.09296875
17 0.36015625 0.275 0.0921875 0.0453125
18 0.3078125 0.69765625 0.07890625 0.0546875
18 0.19140625 0.46171875 0.06015625 0.08359375
19 0.28515625 0.5984375 0.06015625 0.06875
19 0.259375 0.353125 0.0734375 0.0578125
20 0.48046875 0.68671875 0.0484375 0.059375
20 0.61015625 0.27734375 0.05 0.06328125
21 0.80390625 0.3140625 0.06328125 0.0609375
21 0.37734375 0.34765625 0.071875 0.046875
22 0.346875 0.76171875 0.1421875 0.0703125
22 0.89921875 0.48046875 0.06015625 0.159375