0 0.4484375 0.8671875 0.15390625 0.17421875
0 0.6 0.25 0.1578125 0.15859375
1 0.371875 0.63359375 0.1859375 0.21796875
1 0.596875 0.24765625 0.23984375 0.0890625
2 0.13203125 0.47578125 0.1875 0.09296875
2 0.303125 0.5140625 0.1359375 0.178125
3 0.1953125 0.26875 0.1234375 0.1765625
3 0.86015625 0.578125 0.1515625 0.1
4 0.34453125 0.88359375 0.14140625 0.17109375
4 0.6796875 0.61171875 0.2015625 0.090625
8 0.5328125 0.1140625 0.15546875 0.11640625
8 0.61796875 0.14375 0.20546875 0.10703125
9 0.60390625 0.76796875 0.1734375 0.12265625
9 0.82109375 0.4359375 0.23359375 0.0984375
10 0.4859375 0.4921875 0.16171875 0.09375
10 0.7828125 0.4171875 0.10390625 0.12421875
11 0.49140625 0.56640625 0.08359375 0.1265625
11 0.19765625 0.515625 0.15546875 0.10234375
5 0.69140625 0.428125 0.19375 0.109375
5 0.84140625 0.44609375 0.1015625 0.153125
6 0.63046875 0.6890625 0.1234375 0.13828125
6 0.75859375 0.50859375 0.13203125 0.07109375
7 0.70234375 0.7171875 0.09609375 0.1421875
7 0.69765625 0.55390625 0.09375 0.115625
12 0.51875 0.6890625 0.1640625 0.0421875
12 0.328125 0.240625 0.14140625 0.084375
13 0.2796875 0.1375 0.1640625 0.0953125
13 0.50078125 0.2265625 0.1359375 0.084375
14 0.5390625 0.571875 0.0640625 0.1109375
14 0.43828125 0.12890625 0.12578125 0.084375
15 0.359375 0.33984375 0.13203125 0.09296875
15 0.684375 0.403125 0.06796875 0.09140625
16 0.2203125 0.5390625 0.11015625 0.07734375
16 0.684375 0.55 0.1515625 0.0578125
17 0.2890625 0.34453125 0.0875 0.0671875
17 0.46015625 0.76796875 0.0859375 0.08203125
18 0.66953125 0.3125 0.12578125 0.06171875
18 0.2953125 0.3015625 0.1234375 0.03984375
19 0.3921875 0.22890625 0.09765625 0.06953125
19 0.175 0.37265625 0.078125 0.07109375
20 0.3875 0.26640625 0.07578125 0.06171875
20 0.46875 0.178125 0.071875 0.040625
21 0.265625 0.209375 0.0796875 0.06484375
21 0.3734375 0.17109375 0.10390625 0.05859375
22 0.5203125 0.35703125 0.14140625 0.11640625
22 0.61015625 0.8078125 0.10546875 0.11171875