0 0.54375 0.30625 0.134375 0.19609375
0 0.4546875 0.4578125 0.11328125 0.25546875
1 0.38125 0.24765625 0.12890625 0.27578125
1 0.17109375 0.3359375 0.13046875 0.17734375
2 0.2609375 0.428125 0.19453125 0.0640625
2 0.28203125 0.4203125 0.08984375 0.2421875
3 0.85390625 0.42890625 0.1046875 0.225
3 0.4296875 0.65703125 0.12265625 0.11015625
4 0.71484375 0.39609375 0.13515625 0.0984375
4 0.85078125 0.57890625 0.08671875 0.18984375
8 0.6546875 0.2515625 0.10859375 0.18125
8 0.328125 0.578125 0.08359375 0.1875
9 0.25703125 0.784375 0.153125 0.1203125
9 0.1953125 0.62890625 0.1125 0.17734375
10 0.8078125 0.26796875 0.1390625 0.11640625
10 0.490625 0.15078125 0.04375 0.1828125
11 0.2921875 0.66171875 0.10078125 0.13515625
11 0.434375 0.41484375 0.075 0.165625
5 0.3109375 0.11328125 0.06796875 0.1796875
5 0.44765625 0.578125 0.0734375 0.15078125
6 0.62265625 0.353125 0.06171875 0.146875
6 0.36328125 0.78203125 0.11875 0.12890625
7 0.46953125 0.3203125 0.053125 0.1671875
7 0.8890625 0.4578125 0.11328125 0.1203125
12 0.521875 0.3640625 0.04921875 0.13515625
12 0.5046875 0.4296875 0.109375 0.06796875
13 0.3625 0.5609375 0.04765625 0.140625
13 0.46484375 0.17734375 0.1375 0.05078125
14 0.3015625 0.29140625 0.05390625 0.13515625
14 0.29453125 0.746875 0.07578125 0.10625
15 0.88359375 0.5859375 0.07578125 0.09609375
15 0.5703125 0.4109375 0.0453125 0.11171875
16 0.1 0.79765625 0.08671875 0.10625
16 0.55390625 0.13828125 0.0953125 0.07265625
17 0.375 0.4078125 0.0796875 0.06796875
17 0.49375 0.7640625 0.08515625 0.05234375
18 0.3359375 0.29375 0.0453125 0.08984375
18 0.365625 0.2015625 0.05703125 0.084375
19 0.39140625 0.178125 0.03984375 0.09296875
19 0.625 0.4078125 0.04609375 0.08125
20 0.23203125 0.15 0.0515625 0.0859375
20 0.25703125 0.51015625 0.04765625 0.0625
21 0.2375 0.675 0.04921875 0.078125
21 0.8140625 0.68515625 0.0640625 0.07109375
22 0.76953125 0.40078125 0.115625 0.10859375
22 0.59375 0.92578125 0.15234375 0.0640625