0 0.6453125 0.36171875 0.13671875 0.228125
0 0.7796875 0.82578125 0.10078125 0.22265625
1 0.5671875 0.7 0.1765625 0.16796875
1 0.46640625 0.40546875 0.13671875 0.1421875
2 0.703125 0.45 0.1265625 0.1765625
2 0.8546875 0.6390625 0.0921875 0.15859375
3 0.4796875 0.634375 0.14921875 0.11640625
3 0.64296875 0.746875 0.134375 0.1546875
4 0.62265625 0.5296875 0.11328125 0.1421875
4 0.128125 0.1609375 0.0578125 0.2046875
8 0.45546875 0.57109375 0.11640625 0.13671875
8 0.72578125 0.5234375 0.07890625 0.15859375
9 0.88984375 0.56328125 0.09453125 0.1546875
9 0.775 0.61953125 0.06640625 0.1625
10 0.65546875 0.540625 0.0859375 0.11640625
10 0.60546875 0.80859375 0.13046875 0.05703125
11 0.82265625 0.5390625 0.0640625 0.12734375
11 0.65546875 0.5015625 0.0828125 0.13359375
5 0.37734375 0.5859375 0.12109375 0.0765625
5 0.7984375 0.38828125 0.140625 0.06171875
6 0.81640625 0.47578125 0.090625 0.10625
6 0.578125 0.5203125 0.0859375 0.11484375
7 0.5640625 0.371875 0.08828125 0.1171875
7 0.39296875 0.46484375 0.03984375 0.13671875
12 0.478125 0.48828125 0.10625 0.04765625
12 0.6578125 0.6875 0.07421875 0.084375
13 0.53203125 0.65078125 0.09609375 0.06953125
13 0.47734375 0.70390625 0.11015625 0.04609375
14 0.434375 0.53125 0.096875 0.0546875
14 0.32578125 0.1859375 0.10703125 0.0765625
15 0.42578125 0.4265625 0.0546875 0.09453125
15 0.59453125 0.33828125 0.0578125 0.09140625
16 0.7125 0.6640625 0.040625 0.0953125
16 0.69453125 0.39765625 0.05859375 0.09296875
17 0.64453125 0.6 0.07265625 0.0515625
17 0.5578125 0.4609375 0.040625 0.0890625
18 0.78046875 0.4359375 0.071875 0.0515625
18 0.74765625 0.6765625 0.046875 0.07890625
19 0.70546875 0.85390625 0.06796875 0.07109375
19 0.615625 0.71796875 0.07421875 0.053125
20 0.5375 0.76484375 0.04375 0.0625
20 0.50078125 0.56796875 0.0609375 0.0546875
21 0.59296875 0.759375 0.06875 0.0515625
21 0.7046875 0.76328125 0.04453125 0.06015625
22 0.75703125 0.81875 0.1171875 0.08046875
22 0.3421875 0.49921875 0.08203125 0.10546875