0 0.1859375 0.55546875 0.2640625 0.14140625
0 0.27109375 0.196875 0.1625 0.13359375
1 0.57578125 0.1515625 0.2546875 0.0984375
1 0.51640625 0.6921875 0.30234375 0.1671875
2 0.41171875 0.88984375 0.17890625 0.1375
2 0.27421875 0.53125 0.24375 0.09453125
3 0.23515625 0.459375 0.1046875 0.21875
3 0.80234375 0.72109375 0.21171875 0.0765625
4 0.2453125 0.74609375 0.08828125 0.20078125
4 0.35234375 0.4578125 0.17734375 0.1046875
8 0.1390625 0.44375 0.159375 0.1125
8 0.4703125 0.13359375 0.1484375 0.13359375
9 0.1734375 0.61328125 0.13359375 0.190625
9 0.67109375 0.56796875 0.1734375 0.08828125
10 0.903125 0.59921875 0.05234375 0.175
10 0.68984375 0.3453125 0.08828125 0.084375
11 0.56953125 0.253125 0.13359375 0.1203125
11 0.89609375 0.540625 0.128125 0.1359375
5 0.75703125 0.28046875 0.1359375 0.0765625
5 0.815625 0.3546875 0.13046875 0.1453125
6 0.76875 0.171875 0.06171875 0.175
6 0.51328125 0.16640625 0.05390625 0.15546875
7 0.753125 0.4265625 0.08125 0.14375
7 0.6953125 0.38125 0.09921875 0.09609375
12 0.89296875 0.63671875 0.1265625 0.10078125
12 0.753125 0.50859375 0.1171875 0.0765625
13 0.921875 0.43125 0.12265625 0.10234375
13 0.6859375 0.66640625 0.0703125 0.13203125
14 0.54375 0.31796875 0.1140625 0.10078125
14 0.42421875 0.23515625 0.08515625 0.1359375
15 0.64296875 0.67421875 0.0703125 0.1203125
15 0.73125 0.56484375 0.1171875 0.090625
16 0.32265625 0.23203125 0.08828125 0.10234375
16 0.4921875 0.4046875 0.090625 0.1046875
17 0.3890625 0.64453125 0.0828125 0.1046875
17 0.6875 0.8625 0.05078125 0.11796875
18 0.5390625 0.7421875 0.0796875 0.0984375
18 0.85625 0.4921875 0.08125 0.06328125
19 0.68359375 0.2125 0.09375 0.05546875
19 0.40625 0.8015625 0.078125 0.059375
20 0.66875 0.49140625 0.05390625 0.084375
20 0.72421875 0.53359375 0.0671875 0.0515625
21 0.31953125 0.46640625 0.059375 0.09453125
21 0.25625 0.40625 0.059375 0.06875
22 0.57890625 0.38125 0.13046875 0.1046875
22 0.15 0.7734375 0.13046875 0.15390625