0 0.14140625 0.628125 0.1390625 0.209375
0 0.84296875 0.53125 0.25078125 0.084375
1 0.80390625 0.2109375 0.1 0.23046875
1 0.775 0.1484375 0.2296875 0.19453125
2 0.7234375 0.67265625 0.21015625 0.1484375
2 0.69921875 0.58203125 0.28203125 0.0828125
3 0.76484375 0.85546875 0.1328125 0.13671875
3 0.68125 0.409375 0.2078125 0.1734375
4 0.7046875 0.70625 0.22421875 0.08984375
4 0.296875 0.3390625 0.20625 0.12265625
8 0.38125 0.8828125 0.175 0.18125
8 0.11015625 0.36640625 0.128125 0.2171875
9 0.621875 0.78984375 0.18359375 0.140625
9 0.51484375 0.06875 0.11328125 0.1265625
10 0.4421875 0.76796875 0.15703125 0.1328125
10 0.6984375 0.440625 0.17578125 0.11015625
11 0.74140625 0.1171875 0.07890625 0.16328125
11 0.21640625 0.34609375 0.0953125 0.1765625
5 0.52890625 0.52265625 0.07890625 0.11953125
5 0.3859375 0.42265625 0.159375 0.14609375
6 0.3125 0.21171875 0.10859375 0.1578125
6 0.4 0.146875 0.12265625 0.08828125
7 0.26953125 0.71484375 0.15078125 0.12734375
7 0.47421875 0.4125 0.15703125 0.125
12 0.5640625 0.4375 0.14921875 0.0484375
12 0.28671875 0.55625 0.08671875 0.1
13 0.10703125 0.60625 0.1359375 0.075
13 0.4 0.87734375 0.140625 0.0578125
14 0.68125 0.26875 0.14140625 0.08671875
14 0.75859375 0.41171875 0.14140625 0.084375
15 0.30546875 0.46640625 0.10859375 0.06171875
15 0.52265625 0.06875 0.15859375 0.0515625
16 0.21171875 0.7578125 0.134375 0.05546875
16 0.36875 0.25234375 0.0984375 0.1015625
17 0.55859375 0.90625 0.0703125 0.08515625
17 0.9046875 0.3609375 0.04765625 0.11171875
18 0.17890625 0.43359375 0.0953125 0.06953125
18 0.58046875 0.6796875 0.05078125 0.0984375
19 0.2765625 0.50703125 0.05234375 0.08828125
19 0.578125 0.93359375 0.0703125 0.06484375
20 0.475 0.84296875 0.04921875 0.0671875
20 0.29296875 0.2953125 0.05546875 0.0828125
21 0.58203125 0.146875 0.07734375 0.07265625
21 0.33828125 0.8328125 0.0671875 0.06875
22 0.89375 0.6734375 0.065625 0.17890625
23 0.36484375 0.7609375 0.05234375 0.05390625