0 0.28125 0.240625 0.13203125 0.11953125
0 0.29609375 0.3671875 0.12890625 0.128125
1 0.85390625 0.36796875 0.2125 0.20625
1 0.7625 0.11953125 0.140625 0.13515625
2 0.2140625 0.2375 0.1 0.184375
2 0.16015625 0.32890625 0.10234375 0.1234375
3 0.82109375 0.23359375 0.1140625 0.103125
3 0.9328125 0.1828125 0.0703125 0.18671875
4 0.2796875 0.44453125 0.1625 0.07265625
4 0.5765625 0.3640625 0.096875 0.11171875
8 0.49296875 0.31328125 0.140625 0.09453125
8 0.703125 0.0765625 0.0921875 0.15234375
9 0.39453125 0.29765625 0.08515625 0.1375
9 0.36796875 0.14609375 0.146875 0.10703125
10 0.259375 0.4796875 0.1140625 0.09921875
10 0.9140625 0.16796875 0.11015625 0.1375
11 0.49609375 0.29921875 0.0953125 0.11484375
11 0.70625 0.228125 0.11875 0.07265625
5 0.48515625 0.08359375 0.13515625 0.10546875
5 0.37578125 0.11328125 0.115625 0.09140625
6 0.4109375 0.1875 0.1375 0.075
6 0.08203125 0.22421875 0.09375 0.10703125
7 0.6296875 0.10625 0.065625 0.12109375
7 0.59609375 0.38203125 0.1625 0.05703125
12 0.64140625 0.303125 0.0984375 0.0625
12 0.2484375 0.3671875 0.11875 0.0703125
13 0.421875 0.365625 0.11015625 0.03203125
13 0.76796875 0.284375 0.0921875 0.07265625
14 0.515625 0.21796875 0.121875 0.03671875
14 0.8140625 0.3875 0.10859375 0.0875
15 0.5296875 0.14921875 0.10703125 0.04296875
15 0.46328125 0.3796875 0.08203125 0.07734375
16 0.71875 0.14375 0.09375 0.0765625
16 0.7328125 0.41953125 0.046875 0.103125
17 0.56171875 0.0859375 0.09375 0.0390625
17 0.87578125 0.21328125 0.0421875 0.07734375
18 0.69375 0.29140625 0.05546875 0.0734375
18 0.5015625 0.1109375 0.05 0.0609375
19 0.5546875 0.25234375 0.075 0.05
19 0.80625 0.246875 0.05 0.06875
20 0.275 0.171875 0.071875 0.04296875
20 0.9171875 0.3578125 0.06015625 0.07109375
21 0.7203125 0.33984375 0.06328125 0.053125
21 0.36953125 0.25078125 0.04140625 0.06875
22 0.065625 0.3375 0.0953125 0.128125
23 0.75546875 0.1609375 0.0703125 0.034375