0 0.50390625 0.5671875 0.1171875 0.25078125
0 0.91875 0.65234375 0.07578125 0.31328125
1 0.88046875 0.440625 0.1078125 0.2203125
1 0.10859375 0.34375 0.10703125 0.27890625
2 0.83671875 0.26015625 0.12109375 0.1734375
2 0.728125 0.2953125 0.21953125 0.0859375
3 0.16953125 0.62890625 0.12578125 0.2234375
3 0.35703125 0.48515625 0.06484375 0.26796875
4 0.65859375 0.43671875 0.05859375 0.25078125
4 0.1453125 0.35859375 0.09609375 0.2703125
8 0.3546875 0.14375 0.16640625 0.084375
8 0.3078125 0.35 0.08671875 0.234375
9 0.80390625 0.10234375 0.08984375 0.16484375
9 0.7 0.35859375 0.06328125 0.24140625
10 0.69140625 0.60390625 0.14296875 0.09140625
10 0.871875 0.76015625 0.05546875 0.21796875
11 0.2796875 0.54375 0.10546875 0.171875
11 0.50625 0.5015625 0.09140625 0.1953125
5 0.59375 0.559375 0.08515625 0.18046875
5 0.81796875 0.57890625 0.078125 0.2125
6 0.7953125 0.71171875 0.11015625 0.18984375
6 0.09140625 0.30703125 0.11953125 0.1375
7 0.6625 0.74296875 0.14296875 0.109375
7 0.22109375 0.42578125 0.046875 0.19296875
12 0.22578125 0.28515625 0.05546875 0.159375
12 0.1640625 0.3140625 0.0765625 0.159375
13 0.5453125 0.34765625 0.07109375 0.15546875
13 0.3828125 0.5375 0.03984375 0.14140625
14 0.3609375 0.6875 0.0453125 0.1734375
14 0.6734375 0.43984375 0.03203125 0.15390625
15 0.55546875 0.2140625 0.046875 0.1484375
15 0.5265625 0.540625 0.053125 0.146875
16 0.69921875 0.6703125 0.1078125 0.09140625
16 0.40546875 0.48203125 0.0359375 0.15234375
17 0.29375 0.8765625 0.08359375 0.071875
17 0.7140625 0.23359375 0.04453125 0.11640625
18 0.58359375 0.5328125 0.046875 0.1109375
18 0.28515625 0.40546875 0.065625 0.10234375
19 0.0515625 0.4921875 0.0671875 0.10390625
19 0.4015625 0.47265625 0.07421875 0.071875
20 0.1875 0.66796875 0.05390625 0.0625
20 0.5125 0.3625 0.03515625 0.11953125
21 0.29921875 0.63359375 0.07578125 0.08203125
21 0.2609375 0.35546875 0.04921875 0.0734375
22 0.75390625 0.21484375 0.0625 0.13203125
23 0.66015625 0.0984375 0.0609375 0.05390625