0 0.2515625 0.41875 0.171875 0.19375
0 0.09609375 0.57421875 0.10859375 0.15234375
1 0.32109375 0.1421875 0.22734375 0.0796875
1 0.6125 0.66484375 0.2 0.20625
2 0.4984375 0.38359375 0.12734375 0.17109375
2 0.709375 0.6484375 0.12890625 0.1765625
3 0.3015625 0.8609375 0.071875 0.1953125
3 0.44921875 0.58125 0.07421875 0.2109375
4 0.30546875 0.7671875 0.15625 0.10546875
4 0.65546875 0.6546875 0.1 0.175
8 0.31796875 0.5015625 0.13984375 0.159375
8 0.50390625 0.65546875 0.1359375 0.1453125
9 0.2078125 0.6875 0.1515625 0.078125
9 0.46015625 0.51328125 0.13046875 0.14375
10 0.1078125 0.4359375 0.1390625 0.08671875
10 0.60546875 0.290625 0.13984375 0.05546875
11 0.53203125 0.22578125 0.1140625 0.10546875
11 0.27421875 0.83984375 0.13046875 0.078125
5 0.67421875 0.821875 0.121875 0.11796875
5 0.359375 0.878125 0.07734375 0.146875
6 0.50703125 0.11953125 0.1046875 0.13125
6 0.45703125 0.60234375 0.115625 0.11796875
7 0.48828125 0.3046875 0.13046875 0.07578125
7 0.68046875 0.34765625 0.12421875 0.0828125
12 0.36015625 0.41171875 0.08046875 0.11796875
12 0.23515625 0.55390625 0.09609375 0.1
13 0.32578125 0.440625 0.08984375 0.08125
13 0.940625 0.2234375 0.10703125 0.06953125
14 0.31796875 0.734375 0.09453125 0.10546875
14 0.534375 0.63046875 0.0984375 0.08828125
15 0.40703125 0.2265625 0.084375 0.0796875
15 0.3953125 0.31953125 0.084375 0.08125
16 0.64921875 0.47890625 0.09140625 0.08984375
16 0.25859375 0.3296875 0.0984375 0.0609375
17 0.41796875 0.8921875 0.0546875 0.0984375
17 0.6125 0.671875 0.0515625 0.10234375
18 0.53203125 0.5484375 0.07421875 0.06953125
18 0.5890625 0.47578125 0.04609375 0.08984375
19 0.66484375 0.76875 0.07578125 0.0671875
19 0.278125 0.3359375 0.05546875 0.08984375
20 0.621875 0.76328125 0.05546875 0.065625
20 0.375 0.64375 0.06015625 0.0625
21 0.4515625 0.425 0.0640625 0.0609375
21 0.5125 0.26640625 0.0640625 0.065625
22 0.1734375 0.50703125 0.05 0.16953125
23 0.24140625 0.61875 0.06171875 0.078125