0 0.5 0.45625 0.21484375 0.15859375
0 0.7703125 0.5359375 0.0984375 0.3171875
1 0.34765625 0.29453125 0.10390625 0.28359375
1 0.88125 0.74375 0.10390625 0.265625
2 0.4828125 0.3390625 0.175 0.11875
2 0.61875 0.41484375 0.14921875 0.17890625
3 0.871875 0.6078125 0.1625 0.11328125
3 0.75546875 0.72890625 0.12421875 0.2046875
4 0.828125 0.753125 0.1515625 0.08515625
4 0.59140625 0.63515625 0.140625 0.12734375
8 0.49296875 0.20859375 0.1515625 0.15859375
8 0.1671875 0.6203125 0.15625 0.14453125
9 0.7921875 0.82421875 0.13984375 0.11328125
9 0.65859375 0.646875 0.078125 0.2140625
10 0.71171875 0.14296875 0.08515625 0.17421875
10 0.565625 0.284375 0.1296875 0.10546875
11 0.3484375 0.659375 0.1 0.153125
11 0.40703125 0.41640625 0.06953125 0.1625
5 0.56953125 0.58828125 0.11875 0.08125
5 0.4109375 0.67578125 0.06953125 0.184375
6 0.44296875 0.578125 0.0578125 0.16875
6 0.49140625 0.85390625 0.1109375 0.1328125
7 0.66484375 0.703125 0.09296875 0.153125
7 0.703125 0.33359375 0.06328125 0.18671875
12 0.46953125 0.62265625 0.04765625 0.14296875
12 0.31171875 0.44609375 0.0765625 0.15078125
13 0.6015625 0.71953125 0.05078125 0.125
13 0.5140625 0.51171875 0.0546875 0.146875
14 0.5625 0.7828125 0.09609375 0.09296875
14 0.41875 0.4046875 0.10703125 0.07578125
15 0.75703125 0.2859375 0.08046875 0.13515625
15 0.61171875 0.53359375 0.090625 0.07578125
16 0.8125 0.7421875 0.04375 0.13125
16 0.3890625 0.228125 0.09453125 0.103125
17 0.684375 0.48046875 0.04765625 0.11875
17 0.61171875 0.8390625 0.0796875 0.07578125
18 0.64296875 0.471875 0.0578125 0.09140625
18 0.75390625 0.40546875 0.04921875 0.1171875
19 0.6578125 0.26015625 0.04375 0.1109375
19 0.56328125 0.7203125 0.065625 0.0671875
20 0.61796875 0.15859375 0.0640625 0.07109375
20 0.7015625 0.6515625 0.05234375 0.08125
21 0.721875 0.5921875 0.0640625 0.06953125
21 0.51640625 0.646875 0.06171875 0.059375
22 0.58046875 0.22734375 0.13515625 0.09296875
23 0.5140625 0.7125 0.06328125 0.0671875