0 0.19453125 0.63359375 0.22109375 0.22265625
0 0.10859375 0.41484375 0.13671875 0.234375
1 0.23125 0.55 0.14765625 0.25546875
1 0.684375 0.253125 0.22109375 0.184375
2 0.653125 0.703125 0.20546875 0.1859375
2 0.84296875 0.34765625 0.13984375 0.15390625
3 0.30859375 0.8890625 0.23203125 0.13828125
3 0.83984375 0.47734375 0.14609375 0.22109375
4 0.3953125 0.31640625 0.21171875 0.1078125
4 0.2140625 0.48046875 0.11015625 0.14375
8 0.88359375 0.540625 0.11796875 0.2015625
8 0.725 0.4375 0.08125 0.234375
9 0.81640625 0.67109375 0.13984375 0.20546875
9 0.63046875 0.23515625 0.10390625 0.12109375
10 0.16015625 0.74921875 0.15546875 0.1671875
10 0.1203125 0.61484375 0.13203125 0.12109375
11 0.4890625 0.18203125 0.11640625 0.15390625
11 0.33515625 0.271875 0.09453125 0.12890625
5 0.434375 0.28671875 0.0796875 0.18984375
5 0.36953125 0.5109375 0.0765625 0.18828125
6 0.5078125 0.83984375 0.16640625 0.0828125
6 0.4828125 0.63046875 0.0578125 0.2171875
7 0.7359375 0.7984375 0.16171875 0.06875
7 0.69609375 0.59765625 0.13828125 0.13984375
12 0.33359375 0.63515625 0.11640625 0.12265625
12 0.5328125 0.5421875 0.09765625 0.125
13 0.3671875 0.17578125 0.13046875 0.07890625
13 0.48671875 0.60625 0.14296875 0.06875
14 0.56171875 0.303125 0.08359375 0.15
14 0.38046875 0.41484375 0.10390625 0.1265625
15 0.234375 0.24296875 0.0828125 0.13984375
15 0.5890625 0.4796875 0.05 0.134375
16 0.43515625 0.715625 0.08125 0.12265625
16 0.21484375 0.4421875 0.05 0.14375
17 0.47734375 0.77890625 0.10234375 0.08046875
17 0.796875 0.746875 0.10703125 0.06875
18 0.42109375 0.40078125 0.06875 0.09609375
18 0.303125 0.13984375 0.09921875 0.065625
19 0.434375 0.13359375 0.09453125 0.0828125
19 0.20234375 0.63515625 0.046875 0.1265625
20 0.51953125 0.44921875 0.06875 0.06171875
20 0.63125 0.49921875 0.0625 0.084375
21 0.76015625 0.6921875 0.08125 0.05546875
21 0.4359375 0.64765625 0.0609375 0.07109375
22 0.22109375 0.31640625 0.16171875 0.15703125
23 0.528125 0.66875 0.0484375 0.08984375