0 0.203125 0.36484375 0.17578125 0.1953125
0 0.66171875 0.1625 0.1671875 0.14609375
1 0.81171875 0.67578125 0.1890625 0.1984375
1 0.69609375 0.49921875 0.1546875 0.24140625
2 0.88671875 0.46953125 0.21328125 0.09453125
3 0.25546875 0.6 0.21484375 0.11640625
3 0.82421875 0.51328125 0.1671875 0.134375
4 0.59140625 0.70859375 0.128125 0.1125
4 0.7234375 0.2015625 0.1359375 0.1625
8 0.7703125 0.29296875 0.21015625 0.07421875
8 0.275 0.4453125 0.21171875 0.09296875
9 0.64375 0.5453125 0.1671875 0.13671875
9 0.63515625 0.76171875 0.20703125 0.0828125
10 0.4671875 0.28046875 0.1 0.14453125
10 0.13984375 0.72109375 0.128125 0.08671875
11 0.33125 0.69453125 0.11328125 0.128125
11 0.5828125 0.1296875 0.17109375 0.1140625
5 0.44609375 0.6890625 0.17578125 0.084375
5 0.14140625 0.884375 0.08515625 0.13671875
6 0.390625 0.35625 0.0921875 0.090625
6 0.21015625 0.45625 0.1578125 0.10859375
7 0.4390625 0.14296875 0.08046875 0.128125
12 0.54375 0.3046875 0.1578125 0.0484375
12 0.06796875 0.840625 0.07734375 0.11875
13 0.8328125 0.39609375 0.1546875 0.0484375
13 0.40703125 0.490625 0.059375 0.1265625
14 0.1640625 0.8140625 0.05546875 0.11875
14 0.6640625 0.45625 0.11640625 0.0859375
15 0.60390625 0.4078125 0.134375 0.04609375
15 0.70625 0.23359375 0.08203125 0.10390625
16 0.66171875 0.059375 0.13125 0.0625
16 0.65 0.13515625 0.071875 0.0578125
17 0.796875 0.57734375 0.08046875 0.078125
17 0.48046875 0.1921875 0.07421875 0.090625
18 0.77890625 0.0484375 0.11328125 0.0640625
18 0.69453125 0.4234375 0.0625 0.071875
19 0.61953125 0.4828125 0.07421875 0.07578125
19 0.24296875 0.52265625 0.10859375 0.0484375
20 0.78515625 0.30078125 0.07578125 0.03828125
20 0.58515625 0.33984375 0.0671875 0.04765625
21 0.43515625 0.340625 0.065625 0.0703125
21 0.49921875 0.70859375 0.06875 0.05859375
22 0.45 0.70234375 0.0953125 0.15703125
23 0.77421875 0.33515625 0.090625 0.040625