0 0.78203125 0.6234375 0.14921875 0.17265625
0 0.58203125 0.73046875 0.1546875 0.09140625
1 0.4 0.671875 0.09453125 0.13359375
1 0.39921875 0.50625 0.1265625 0.096875
2 0.10390625 0.36484375 0.14765625 0.15390625
2 0.36640625 0.8421875 0.08125 0.103125
3 0.4734375 0.5765625 0.0734375 0.1484375
3 0.7015625 0.49375 0.14921875 0.0609375
4 0.7203125 0.47109375 0.1546875 0.0546875
4 0.634375 0.684375 0.14609375 0.11015625
8 0.753125 0.7359375 0.15625 0.07421875
8 0.271875 0.48203125 0.134375 0.05703125
9 0.23515625 0.7625 0.10546875 0.08671875
9 0.1375 0.478125 0.03828125 0.14453125
10 0.19453125 0.58984375 0.13125 0.05390625
10 0.95078125 0.353125 0.06640625 0.0734375
11 0.2984375 0.65390625 0.109375 0.0734375
11 0.384375 0.6953125 0.06640625 0.1109375
5 0.584375 0.584375 0.05234375 0.11875
5 0.5640625 0.05625 0.05625 0.08828125
6 0.20625 0.95234375 0.10078125 0.05703125
6 0.76484375 0.5359375 0.09453125 0.05390625
7 0.121875 0.53984375 0.109375 0.05625
7 0.61015625 0.59609375 0.1109375 0.0609375
12 0.33515625 0.7609375 0.078125 0.0609375
12 0.484375 0.68671875 0.0859375 0.05078125
13 0.2234375 0.77265625 0.06640625 0.0765625
13 0.07109375 0.478125 0.0359375 0.09765625
14 0.303125 0.59765625 0.053125 0.0765625
14 0.89921875 0.50859375 0.0671875 0.0875
15 0.26484375 0.41328125 0.07890625 0.0515625
15 0.3171875 0.4203125 0.046875 0.06328125
16 0.471875 0.47265625 0.0875 0.03984375
16 0.24921875 0.52578125 0.07421875 0.0609375
17 0.2609375 0.37890625 0.034375 0.0703125
17 0.1265625 0.58125 0.07421875 0.03828125
18 0.57421875 0.67421875 0.0625 0.03125
18 0.61484375 0.51640625 0.053125 0.04296875
19 0.51796875 0.6609375 0.0546875 0.0515625
19 0.1984375 0.65703125 0.05234375 0.04921875
20 0.41328125 0.5796875 0.04921875 0.04296875
20 0.56796875 0.646875 0.046875 0.03984375
21 0.32890625 0.54453125 0.06171875 0.03828125
21 0.275 0.7140625 0.03125 0.0609375
22 0.2234375 0.65 0.04375 0.115625
23 0.63046875 0.615625 0.0578125 0.03046875