0 0.409375 0.534375 0.19375 0.196875
0 0.1296875 0.521875 0.1703125 0.14609375
1 0.71875 0.60703125 0.07421875 0.19375
1 0.52734375 0.85546875 0.1484375 0.190625
2 0.32109375 0.38125 0.10078125 0.1625
2 0.371875 0.2078125 0.1484375 0.13046875
3 0.54453125 0.36953125 0.15 0.05390625
3 0.40546875 0.30078125 0.15859375 0.0734375
4 0.215625 0.35078125 0.084375 0.15859375
4 0.16640625 0.725 0.12265625 0.15390625
8 0.45546875 0.78671875 0.10234375 0.14765625
8 0.46875 0.53984375 0.1171875 0.08125
9 0.77109375 0.60078125 0.07578125 0.14140625
9 0.54140625 0.50078125 0.09296875 0.11328125
10 0.2015625 0.23125 0.12734375 0.096875
10 0.7015625 0.8171875 0.0640625 0.12578125
11 0.29296875 0.59140625 0.0859375 0.11328125
11 0.35 0.87578125 0.10546875 0.0890625
5 0.715625 0.3359375 0.12109375 0.071875
5 0.69296875 0.49140625 0.10078125 0.0859375
6 0.4046875 0.81875 0.07109375 0.11953125
6 0.64296875 0.5078125 0.0890625 0.0875
7 0.590625 0.45078125 0.10546875 0.06875
7 0.8609375 0.45703125 0.07734375 0.11484375
12 0.90546875 0.4953125 0.0921875 0.075
12 0.8375 0.62890625 0.06953125 0.103125
13 0.7734375 0.71171875 0.0890625 0.096875
13 0.44296875 0.4421875 0.0828125 0.0734375
14 0.35390625 0.71640625 0.0859375 0.075
14 0.4 0.5875 0.04765625 0.096875
15 0.51640625 0.7515625 0.0875 0.06015625
15 0.40078125 0.5109375 0.07578125 0.078125
16 0.2703125 0.32890625 0.0875 0.06796875
16 0.61484375 0.54140625 0.059375 0.078125
17 0.81875 0.3796875 0.07578125 0.06484375
17 0.3875 0.67578125 0.0578125 0.06171875
18 0.64921875 0.7640625 0.0625 0.071875
18 0.40234375 0.0703125 0.08125 0.05859375
19 0.29375 0.90078125 0.0578125 0.078125
19 0.3359375 0.1734375 0.07890625 0.05234375
20 0.53203125 0.31171875 0.04765625 0.06796875
20 0.45859375 0.6265625 0.0515625 0.05859375
21 0.63125 0.5859375 0.0625 0.05390625
21 0.78828125 0.4609375 0.05625 0.06484375
22 0.5515625 0.678125 0.12578125 0.06875
23 0.759375 0.36796875 0.0515625 0.06015625