0 0.5703125 0.71015625 0.27578125 0.1484375
0 0.48828125 0.41953125 0.2171875 0.2734375
1 0.2265625 0.5296875 0.15625 0.175
1 0.24609375 0.4203125 0.15859375 0.21953125
2 0.7953125 0.15546875 0.19609375 0.184375
2 0.80234375 0.61953125 0.1234375 0.1875
3 0.45 0.28984375 0.16875 0.178125
3 0.41640625 0.803125 0.26484375 0.1078125
4 0.69921875 0.4984375 0.2421875 0.08515625
4 0.38828125 0.5078125 0.14609375 0.23046875
8 0.6265625 0.7921875 0.2421875 0.07421875
8 0.3890625 0.36796875 0.09375 0.2046875
9 0.5921875 0.346875 0.17734375 0.128125
9 0.48671875 0.79765625 0.17109375 0.196875
10 0.409375 0.9 0.19609375 0.0703125
10 0.44921875 0.4234375 0.1125 0.16328125
11 0.5875 0.58671875 0.1734375 0.10234375
11 0.3390625 0.596875 0.0984375 0.15234375
5 0.50078125 0.4703125 0.15 0.11171875
5 0.29765625 0.84140625 0.1859375 0.0578125
6 0.2328125 0.6796875 0.19453125 0.0796875
6 0.590625 0.68828125 0.18828125 0.05390625
7 0.1171875 0.54921875 0.0921875 0.17265625
7 0.3671875 0.57890625 0.1671875 0.09140625
12 0.7109375 0.55546875 0.1484375 0.0671875
12 0.2765625 0.79375 0.1359375 0.07421875
13 0.38828125 0.80234375 0.1 0.11328125
13 0.590625 0.7421875 0.1296875 0.06484375
14 0.2015625 0.61796875 0.1359375 0.10625
14 0.80390625 0.3078125 0.12109375 0.10234375
15 0.82265625 0.2015625 0.125 0.0765625
15 0.678125 0.20703125 0.1 0.0765625
16 0.7140625 0.31484375 0.0921875 0.0765625
16 0.6265625 0.43046875 0.1171875 0.0578125
17 0.7703125 0.40859375 0.0796875 0.115625
17 0.63359375 0.85859375 0.1234375 0.0671875
18 0.7078125 0.6046875 0.0625 0.0875
18 0.2421875 0.5484375 0.0875 0.0703125
19 0.115625 0.69921875 0.09375 0.08515625
19 0.609375 0.31796875 0.05859375 0.09296875
20 0.41953125 0.690625 0.075 0.06171875
20 0.821875 0.0875 0.06875 0.059375
21 0.3546875 0.70078125 0.08359375 0.059375
21 0.2921875 0.43515625 0.0625 0.08203125
22 0.69453125 0.3046875 0.1359375 0.115625
23 0.5953125 0.60859375 0.075 0.06875