0 0.33515625 0.4046875 0.3515625 0.33359375
0 0.22421875 0.75703125 0.23125 0.22265625
1 0.26171875 0.76875 0.146875 0.27265625
1 0.68671875 0.23984375 0.1640625 0.12578125
2 0.66171875 0.61796875 0.209375 0.165625
2 0.63984375 0.4734375 0.21484375 0.165625
3 0.57734375 0.85703125 0.22421875 0.121875
3 0.51328125 0.12578125 0.2890625 0.121875
4 0.146875 0.2359375 0.29375 0.2625
4 0.46171875 0.6765625 0.3734375 0.190625
8 0.415625 0.41015625 0.23828125 0.11640625
8 0.3625 0.9125 0.24375 0.10703125
9 0.85625 0.43984375 0.146875 0.278125
9 0.590625 0.66796875 0.26953125 0.165625
10 0.86015625 0.3234375 0.21171875 0.209375
10 0.4515625 0.109375 0.3109375 0.13125
11 0.35078125 0.8140625 0.27265625 0.08203125
11 0.50234375 0.2515625 0.12734375 0.18671875
5 0.21953125 0.5078125 0.13515625 0.13125
5 0.1171875 0.28984375 0.0984375 0.190625
6 0.2578125 0.5609375 0.2265625 0.1203125
6 0.34375 0.315625 0.1375 0.18828125
7 0.30390625 0.25625 0.15390625 0.165625
7 0.45625 0.2515625 0.22421875 0.190625
12 0.74921875 0.865625 0.1734375 0.15390625
12 0.5953125 0.559375 0.20703125 0.1125
13 0.7046875 0.36875 0.21484375 0.1125
13 0.7890625 0.29296875 0.1515625 0.16015625
14 0.86484375 0.678125 0.178125 0.1640625
14 0.36953125 0.734375 0.24375 0.1203125
15 0.66015625 0.28828125 0.1734375 0.096875
15 0.690625 0.66953125 0.21484375 0.09296875
16 0.82265625 0.76015625 0.23828125 0.09140625
16 0.325 0.70078125 0.13515625 0.15234375
17 0.3015625 0.475 0.13984375 0.078125
17 0.47265625 0.715625 0.13984375 0.096875
18 0.64921875 0.42109375 0.10859375 0.10703125
18 0.5109375 0.83046875 0.10625 0.08359375
19 0.421875 0.7359375 0.1109375 0.10078125
19 0.425 0.6171875 0.1328125 0.06484375
20 0.53359375 0.8 0.06484375 0.08359375
20 0.2953125 0.5234375 0.06953125 0.06875
21 0.35078125 0.66953125 0.084375 0.06640625
21 0.453125 0.2078125 0.0625 0.0796875
22 0.53828125 0.4703125 0.30625 0.09140625
23 0.584375 0.346875 0.0796875 0.08359375