0 0.88671875 0.4390625 0.1859375 0.13359375
0 0.35 0.225 0.13515625 0.1984375
1 0.76796875 0.33359375 0.2265625 0.109375
1 0.3953125 0.54375 0.13671875 0.2046875
2 0.7875 0.57265625 0.1515625 0.16328125
2 0.328125 0.54765625 0.22265625 0.0609375
3 0.30546875 0.58359375 0.1078125 0.178125
3 0.2125 0.26875 0.15859375 0.15390625
4 0.7015625 0.80546875 0.184375 0.12734375
4 0.41796875 0.796875 0.196875 0.07265625
8 0.63515625 0.3546875 0.07265625 0.16328125
8 0.46796875 0.2484375 0.096875 0.15703125
9 0.228125 0.334375 0.12421875 0.1375
9 0.20703125 0.159375 0.09296875 0.1703125
10 0.44609375 0.11640625 0.15546875 0.04765625
10 0.23359375 0.16953125 0.171875 0.06484375
11 0.2765625 0.82890625 0.096875 0.1375
11 0.7984375 0.7140625 0.140625 0.10234375
5 0.60234375 0.7265625 0.11640625 0.1203125
5 0.4890625 0.1875 0.128125 0.1375
6 0.32578125 0.44921875 0.13359375 0.10234375
6 0.659375 0.815625 0.15546875 0.06796875
7 0.24140625 0.6765625 0.1515625 0.0578125
7 0.4984375 0.3796875 0.15 0.07421875
12 0.64140625 0.4921875 0.0859375 0.10546875
12 0.4890625 0.65234375 0.12421875 0.07109375
13 0.28125 0.73515625 0.1203125 0.06953125
13 0.57109375 0.103125 0.1203125 0.0875
14 0.1890625 0.4265625 0.1296875 0.07265625
14 0.3578125 0.9375 0.13515625 0.053125
15 0.5609375 0.23515625 0.1109375 0.06796875
15 0.75703125 0.671875 0.12421875 0.0515625
16 0.58046875 0.44453125 0.0765625 0.09921875
16 0.803125 0.4953125 0.065625 0.0875
17 0.56484375 0.54609375 0.075 0.09765625
17 0.54140625 0.70390625 0.078125 0.0859375
18 0.7890625 0.35234375 0.078125 0.0796875
18 0.575 0.34375 0.0875 0.059375
19 0.70078125 0.5109375 0.08359375 0.05625
19 0.7609375 0.50234375 0.0546875 0.0796875
20 0.55 0.61484375 0.075 0.053125
20 0.22421875 0.6296875 0.0765625 0.059375
21 0.421875 0.75546875 0.0875 0.053125
21 0.359375 0.65703125 0.0546875 0.08125
22 0.28359375 0.3703125 0.11484375 0.109375
22 0.4890625 0.171875 0.15 0.0828125