0 0.32734375 0.31484375 0.0921875 0.2359375
0 0.18203125 0.48125 0.1546875 0.16328125
1 0.26640625 0.6515625 0.09609375 0.175
1 0.77265625 0.4015625 0.15234375 0.14453125
2 0.521875 0.16875 0.14375 0.07734375
2 0.17265625 0.42109375 0.10703125 0.175
3 0.19375 0.59296875 0.09921875 0.128125
3 0.10703125 0.66328125 0.13984375 0.0875
4 0.71640625 0.4765625 0.13984375 0.0609375
4 0.7515625 0.3328125 0.10703125 0.14140625
8 0.4421875 0.478125 0.0515625 0.1484375
8 0.3 0.12421875 0.08984375 0.14609375
9 0.54375 0.28515625 0.0921875 0.1265625
9 0.15078125 0.67890625 0.0578125 0.15625
10 0.92421875 0.60546875 0.07109375 0.14453125
10 0.77578125 0.42421875 0.11953125 0.07265625
11 0.54609375 0.45078125 0.10703125 0.0609375
11 0.303125 0.17578125 0.0625 0.12421875
5 0.19765625 0.953125 0.1109375 0.07578125
5 0.5359375 0.31328125 0.08125 0.1140625
6 0.15234375 0.353125 0.09375 0.11640625
6 0.56875 0.215625 0.10546875 0.05234375
7 0.4265625 0.40625 0.05 0.1265625
7 0.3609375 0.4359375 0.0515625 0.125
12 0.2515625 0.53046875 0.06484375 0.09296875
12 0.19453125 0.6578125 0.03828125 0.10078125
13 0.6171875 0.1359375 0.08984375 0.07421875
13 0.32578125 0.4953125 0.0671875 0.08125
14 0.38203125 0.54296875 0.0734375 0.07734375
14 0.253125 0.259375 0.0640625 0.09296875
15 0.6390625 0.3765625 0.0640625 0.0890625
15 0.54765625 0.50859375 0.04296875 0.07578125
16 0.33984375 0.940625 0.0875 0.05703125
16 0.16953125 0.4265625 0.0734375 0.065625
17 0.11015625 0.47109375 0.053125 0.08125
17 0.46796875 0.35234375 0.04140625 0.08046875
18 0.6078125 0.25234375 0.0515625 0.07265625
18 0.6046875 0.32578125 0.0453125 0.07421875
19 0.290625 0.07265625 0.040625 0.07890625
19 0.3953125 0.403125 0.0453125 0.06875
20 0.2296875 0.31640625 0.05859375 0.04375
20 0.56484375 0.12734375 0.05625 0.0453125
21 0.4890625 0.55 0.04921875 0.05390625
21 0.46953125 0.50703125 0.0453125 0.05859375
22 0.2515625 0.44140625 0.0671875 0.11953125
23 0.0640625 0.56484375 0.0390625 0.07109375