0 0.60859375 0.22734375 0.2421875 0.140625
0 0.69765625 0.14140625 0.23046875 0.14765625
1 0.66796875 0.77734375 0.20234375 0.15
1 0.684375 0.6890625 0.2796875 0.20625
2 0.48515625 0.41875 0.2890625 0.1625
2 0.50390625 0.26953125 0.2515625 0.13671875
3 0.83359375 0.19765625 0.090625 0.2828125
3 0.41875 0.86953125 0.171875 0.13671875
4 0.68046875 0.46875 0.09453125 0.2625
4 0.75625 0.56328125 0.11328125 0.315625
8 0.18203125 0.5546875 0.11875 0.175
8 0.271875 0.51484375 0.10234375 0.27734375
9 0.26484375 0.7734375 0.0984375 0.2515625
9 0.8 0.5484375 0.2078125 0.1078125
10 0.8734375 0.4546875 0.17734375 0.12421875
10 0.52578125 0.54140625 0.23046875 0.1
11 0.71015625 0.1671875 0.1453125 0.1109375
11 0.5796875 0.61875 0.153125 0.13125
5 0.296875 0.271875 0.09453125 0.18984375
5 0.56328125 0.67890625 0.1515625 0.1828125
6 0.184375 0.28125 0.1078125 0.19375
6 0.27109375 0.68828125 0.2328125 0.08359375
7 0.453125 0.14140625 0.2171875 0.078125
7 0.7625 0.496875 0.12265625 0.20234375
12 0.14765625 0.2609375 0.109375 0.1640625
12 0.59140625 0.4390625 0.090625 0.1296875
13 0.365625 0.80859375 0.10390625 0.171875
13 0.4296875 0.096875 0.19453125 0.08046875
14 0.33359375 0.221875 0.0546875 0.18046875
14 0.60390625 0.246875 0.13828125 0.11484375
15 0.49140625 0.321875 0.0828125 0.10390625
15 0.26484375 0.19140625 0.07578125 0.13125
16 0.18046875 0.44453125 0.15703125 0.05625
16 0.490625 0.2953125 0.14140625 0.0984375
17 0.140625 0.1265625 0.06640625 0.14765625
17 0.425 0.70859375 0.14765625 0.053125
18 0.7703125 0.27109375 0.09296875 0.1
18 0.37421875 0.55078125 0.0984375 0.0984375
19 0.3828125 0.21796875 0.07734375 0.10390625
19 0.86171875 0.62421875 0.08671875 0.10234375
20 0.52421875 0.8375 0.09609375 0.065625
20 0.5234375 0.49140625 0.0640625 0.10390625
21 0.43984375 0.771875 0.0703125 0.09140625
21 0.3234375 0.3921875 0.10625 0.05859375
22 0.41171875 0.62578125 0.1703125 0.11640625
22 0.4515625 0.77109375 0.19296875 0.0890625