0 0.1984375 0.6 0.10546875 0.278125
0 0.71015625 0.80546875 0.15234375 0.11171875
1 0.43984375 0.74140625 0.2640625 0.1984375
1 0.65625 0.2140625 0.25234375 0.1
2 0.421875 0.553125 0.07890625 0.21171875
2 0.56328125 0.7375 0.1640625 0.2
3 0.93125 0.45 0.10390625 0.2421875
3 0.68828125 0.50859375 0.1453125 0.196875
4 0.15234375 0.40703125 0.2171875 0.0609375
4 0.29453125 0.66640625 0.146875 0.1828125
8 0.44921875 0.91328125 0.2125 0.08828125
8 0.0578125 0.6171875 0.08828125 0.2375
9 0.54453125 0.53125 0.1859375 0.08984375
9 0.7578125 0.41171875 0.09375 0.0984375
10 0.87109375 0.33203125 0.17421875 0.0984375
10 0.1921875 0.74375 0.1375 0.15234375
11 0.72890625 0.72734375 0.12734375 0.12890625
11 0.32578125 0.68046875 0.1 0.16796875
5 0.88203125 0.23984375 0.11171875 0.13046875
5 0.80546875 0.640625 0.08828125 0.16953125
6 0.4796875 0.41953125 0.1140625 0.103125
6 0.33671875 0.65625 0.12890625 0.11171875
7 0.76875 0.13203125 0.165625 0.07421875
7 0.6734375 0.11953125 0.165625 0.103125
12 0.2859375 0.37578125 0.140625 0.0625
12 0.528125 0.50078125 0.05 0.13046875
13 0.84140625 0.19375 0.13046875 0.07265625
13 0.8234375 0.48046875 0.08203125 0.14375
14 0.5609375 0.78046875 0.115625 0.096875
14 0.428125 0.85625 0.12734375 0.05390625
15 0.62109375 0.28046875 0.05859375 0.1171875
15 0.58828125 0.5703125 0.11015625 0.05234375
16 0.35 0.5609375 0.0984375 0.1015625
16 0.15 0.7859375 0.11171875 0.0765625
17 0.7046875 0.4625 0.07890625 0.09453125
17 0.46484375 0.2171875 0.10390625 0.07421875
18 0.6625 0.56328125 0.0703125 0.08671875
18 0.56015625 0.8640625 0.08671875 0.0609375
19 0.8625 0.65234375 0.08671875 0.08125
19 0.35234375 0.8875 0.08828125 0.059375
20 0.64921875 0.640625 0.053125 0.08125
20 0.31171875 0.49765625 0.07890625 0.059375
21 0.4171875 0.28046875 0.08203125 0.059375
21 0.515625 0.23984375 0.05859375 0.0765625
22 0.16171875 0.5078125 0.1953125 0.08984375
22 0.45078125 0.784375 0.11875 0.09140625