0 0.68515625 0.15859375 0.29765625 0.09921875
0 0.60703125 0.41875 0.178125 0.1953125
1 0.475 0.303125 0.1078125 0.346875
1 0.67890625 0.421875 0.1625 0.1765625
2 0.4421875 0.52421875 0.1171875 0.23046875
2 0.39375 0.29765625 0.2484375 0.0953125
3 0.2109375 0.64296875 0.2 0.09921875
3 0.70703125 0.57109375 0.134375 0.22734375
4 0.72734375 0.3265625 0.184375 0.11640625
4 0.3203125 0.58359375 0.0953125 0.22890625
8 0.21015625 0.63671875 0.0765625 0.2421875
8 0.24765625 0.378125 0.0890625 0.22734375
9 0.58515625 0.69140625 0.10625 0.19296875
9 0.18046875 0.4859375 0.1640625 0.1046875
10 0.346875 0.4453125 0.1484375 0.0953125
10 0.68125 0.8328125 0.0859375 0.19921875
11 0.42421875 0.25078125 0.146875 0.103125
11 0.3140625 0.209375 0.1578125 0.0765625
5 0.7921875 0.5546875 0.0875 0.196875
5 0.7421875 0.6765625 0.0546875 0.17109375
6 0.41953125 0.484375 0.075 0.18359375
6 0.3578125 0.3265625 0.1140625 0.16171875
7 0.13515625 0.390625 0.1015625 0.11640625
7 0.584375 0.509375 0.0515625 0.1859375
12 0.3296875 0.1671875 0.1328125 0.075
12 0.6453125 0.39296875 0.0921875 0.12578125
13 0.159375 0.54609375 0.065625 0.1578125
13 0.8265625 0.20625 0.115625 0.09375
14 0.3703125 0.37109375 0.1265625 0.09765625
14 0.20234375 0.28125 0.1390625 0.07109375
15 0.19296875 0.19140625 0.1015625 0.1046875
15 0.61328125 0.215625 0.103125 0.07890625
16 0.84609375 0.5296875 0.0640625 0.13671875
16 0.196875 0.31171875 0.046875 0.1390625
17 0.51796875 0.553125 0.090625 0.075
17 0.8921875 0.4375 0.05625 0.1203125
18 0.71953125 0.58046875 0.065625 0.08828125
18 0.28125 0.58125 0.0765625 0.0671875
19 0.50390625 0.69765625 0.09375 0.06015625
19 0.284375 0.7859375 0.0921875 0.06015625
20 0.45390625 0.659375 0.05 0.0921875
20 0.48125 0.4 0.0609375 0.0484375
21 0.8640625 0.2484375 0.084375 0.06171875
21 0.33359375 0.35703125 0.071875 0.06171875
22 0.56875 0.253125 0.1421875 0.1578125
22 0.79453125 0.6671875 0.0671875 0.20078125