0 0.73046875 0.5625 0.20546875 0.3140625
0 0.2359375 0.7953125 0.1984375 0.1921875
1 0.72890625 0.2875 0.290625 0.1234375
1 0.7015625 0.778125 0.13671875 0.1421875
2 0.7609375 0.4390625 0.2375 0.1546875
2 0.271875 0.87578125 0.28203125 0.12734375
3 0.259375 0.3453125 0.13671875 0.13828125
3 0.68359375 0.225 0.26796875 0.11953125
4 0.65078125 0.71015625 0.1421875 0.178125
4 0.32734375 0.725 0.23203125 0.15703125
8 0.7921875 0.515625 0.1203125 0.22421875
8 0.490625 0.81484375 0.11171875 0.13203125
9 0.2171875 0.73515625 0.1859375 0.165625
9 0.32734375 0.725 0.23203125 0.15703125
10 0.1765625 0.57109375 0.06171875 0.246875
10 0.39296875 0.36015625 0.0796875 0.17578125
11 0.5453125 0.76875 0.15390625 0.15234375
11 0.6046875 0.6046875 0.11328125 0.1671875
5 0.2921875 0.4203125 0.18046875 0.1171875
5 0.7578125 0.65390625 0.1578125 0.11953125
6 0.73046875 0.834375 0.16640625 0.1546875
6 0.35390625 0.503125 0.19296875 0.0859375
7 0.55078125 0.26640625 0.146875 0.1859375
7 0.1578125 0.6171875 0.184375 0.08359375
12 0.3703125 0.45703125 0.14921875 0.0734375
12 0.38828125 0.66015625 0.05 0.190625
13 0.4421875 0.84765625 0.12578125 0.14609375
13 0.6296875 0.50859375 0.134375 0.07109375
14 0.5328125 0.87734375 0.08671875 0.1734375
14 0.440625 0.6765625 0.08671875 0.15703125
15 0.31171875 0.740625 0.08515625 0.1296875
15 0.80234375 0.26015625 0.08359375 0.13984375
16 0.684375 0.3375 0.13125 0.07734375
16 0.62890625 0.31171875 0.12578125 0.1046875
17 0.5171875 0.6546875 0.1078125 0.0875
17 0.5015625 0.56484375 0.08828125 0.11328125
18 0.68671875 0.38359375 0.08359375 0.0859375
18 0.23828125 0.5484375 0.10078125 0.0671875
19 0.3234375 0.5984375 0.0796875 0.1171875
19 0.60390625 0.56484375 0.07265625 0.09609375
20 0.44296875 0.9171875 0.0640625 0.09453125
20 0.34609375 0.8609375 0.053125 0.08984375
21 0.63359375 0.6046875 0.08359375 0.0921875
21 0.5515625 0.52578125 0.053125 0.10703125
22 0.19921875 0.22109375 0.13984375 0.11484375
23 0.44296875 0.34921875 0.08515625 0.0671875