0 0.55546875 0.19921875 0.19140625 0.228125
0 0.5203125 0.42734375 0.1453125 0.16484375
1 0.37578125 0.57109375 0.28125 0.1484375
1 0.60078125 0.6453125 0.09765625 0.30078125
2 0.853125 0.56640625 0.1171875 0.25078125
2 0.39765625 0.759375 0.09765625 0.16875
3 0.37421875 0.22890625 0.16796875 0.12421875
3 0.3265625 0.3515625 0.21796875 0.1390625
4 0.49375 0.5296875 0.184375 0.228125
4 0.44453125 0.7078125 0.1453125 0.209375
8 0.69453125 0.30703125 0.225 0.1203125
8 0.7515625 0.70234375 0.0796875 0.209375
9 0.625 0.35 0.1875 0.15390625
9 0.546875 0.66796875 0.19453125 0.06640625
10 0.15234375 0.36484375 0.19453125 0.07578125
10 0.33125 0.81484375 0.07109375 0.2
11 0.434375 0.3609375 0.15078125 0.14296875
11 0.6921875 0.7265625 0.0671875 0.1578125
5 0.25546875 0.640625 0.16484375 0.08359375
5 0.6734375 0.37421875 0.1578125 0.11328125
6 0.39140625 0.6578125 0.1625 0.109375
6 0.67734375 0.63984375 0.13984375 0.1078125
7 0.31953125 0.3078125 0.12890625 0.15546875
7 0.73359375 0.73828125 0.225 0.06640625
12 0.8515625 0.4046875 0.1484375 0.05546875
12 0.7453125 0.5828125 0.12734375 0.0515625
13 0.234375 0.72265625 0.06875 0.14296875
13 0.42421875 0.84609375 0.121875 0.1
14 0.81171875 0.60546875 0.06875 0.1171875
14 0.74921875 0.525 0.1078125 0.1078125
15 0.81953125 0.50625 0.10625 0.0890625
15 0.353125 0.78125 0.12890625 0.07421875
16 0.590625 0.55078125 0.0515625 0.11875
16 0.2859375 0.525 0.06171875 0.1296875
17 0.8046875 0.4515625 0.090625 0.09453125
17 0.7328125 0.46171875 0.0953125 0.08515625
18 0.44453125 0.76875 0.07421875 0.07578125
18 0.5015625 0.371875 0.0515625 0.0796875
19 0.359375 0.58046875 0.0921875 0.05546875
19 0.3390625 0.64765625 0.0828125 0.078125
20 0.47109375 0.5546875 0.07421875 0.059375
20 0.59609375 0.46171875 0.06015625 0.05546875
21 0.39375 0.475 0.0546875 0.0890625
21 0.65390625 0.4890625 0.07578125 0.07578125
22 0.48203125 0.45 0.1859375 0.07578125
23 0.6046875 0.2109375 0.10078125 0.0578125