0 0.575 0.74296875 0.1375 0.19765625
0 0.66875 0.31171875 0.16640625 0.1953125
1 0.18515625 0.44609375 0.16328125 0.2390625
1 0.590625 0.68515625 0.22421875 0.1265625
2 0.484375 0.390625 0.109375 0.2453125
2 0.446875 0.69921875 0.15234375 0.19765625
3 0.64609375 0.70234375 0.0734375 0.2828125
3 0.3546875 0.41796875 0.059375 0.24921875
4 0.7703125 0.73515625 0.0625 0.25546875
4 0.5125 0.1734375 0.1828125 0.10625
8 0.26328125 0.51796875 0.1109375 0.1875
8 0.83515625 0.41796875 0.09765625 0.21640625
9 0.359375 0.596875 0.10546875 0.21171875
9 0.7015625 0.54921875 0.10078125 0.19921875
10 0.1703125 0.76640625 0.065625 0.19765625
10 0.5390625 0.52109375 0.0625 0.19296875
11 0.66484375 0.4875 0.11875 0.17265625
11 0.82578125 0.75078125 0.053125 0.1953125
5 0.26953125 0.8265625 0.0609375 0.20546875
5 0.465625 0.81875 0.053125 0.1953125
6 0.66796875 0.1515625 0.14921875 0.06640625
6 0.73046875 0.64453125 0.0546875 0.19921875
7 0.2875 0.7328125 0.1203125 0.1515625
7 0.45390625 0.57265625 0.08828125 0.1640625
12 0.090625 0.6265625 0.08984375 0.14375
12 0.16875 0.50703125 0.09296875 0.14140625
13 0.9109375 0.53828125 0.10234375 0.1203125
13 0.56328125 0.634375 0.04140625 0.15390625
14 0.54609375 0.29296875 0.0640625 0.1375
14 0.71953125 0.7796875 0.10703125 0.075
15 0.26796875 0.3234375 0.07890625 0.1265625
15 0.88984375 0.4265625 0.053125 0.15390625
16 0.303125 0.25390625 0.09765625 0.1
16 0.2046875 0.74140625 0.075 0.1140625
17 0.190625 0.27890625 0.0765625 0.1203125
17 0.3046875 0.47578125 0.0578125 0.1078125
18 0.709375 0.3328125 0.08671875 0.0703125
18 0.246875 0.625 0.0765625 0.08125
19 0.44140625 0.31875 0.078125 0.0890625
19 0.4078125 0.5984375 0.065625 0.0875
20 0.87265625 0.6984375 0.078125 0.06640625
20 0.83984375 0.55859375 0.0703125 0.08515625
21 0.38359375 0.39375 0.046875 0.09375
21 0.759375 0.540625 0.0734375 0.07890625
22 0.4796875 0.834375 0.1359375 0.08515625
22 0.45 0.4265625 0.14609375 0.1