0 0.475 0.6796875 0.21484375 0.14375
0 0.51484375 0.696875 0.128125 0.18515625
1 0.27265625 0.54296875 0.08203125 0.19375
1 0.7171875 0.4234375 0.12421875 0.1640625
2 0.70390625 0.58203125 0.146875 0.1359375
2 0.28515625 0.26328125 0.1546875 0.1171875
3 0.390625 0.57578125 0.10546875 0.08359375
3 0.5 0.68671875 0.1515625 0.12734375
4 0.14921875 0.5125 0.16875 0.07890625
4 0.43515625 0.86484375 0.1453125 0.1140625
8 0.38203125 0.93046875 0.1453125 0.10703125
8 0.32578125 0.840625 0.146875 0.06484375
9 0.48203125 0.90078125 0.08046875 0.134375
9 0.7765625 0.52578125 0.140625 0.0609375
10 0.30390625 0.41171875 0.05546875 0.12578125
10 0.3265625 0.75078125 0.12265625 0.103125
11 0.65234375 0.29765625 0.140625 0.059375
11 0.5140625 0.53125 0.12265625 0.08203125
5 0.79296875 0.4296875 0.1375 0.06796875
5 0.8484375 0.609375 0.10390625 0.10625
6 0.3703125 0.353125 0.11328125 0.09296875
6 0.29609375 0.78515625 0.12421875 0.0625
7 0.21484375 0.63984375 0.1265625 0.07890625
7 0.74921875 0.76640625 0.12265625 0.09765625
12 0.41015625 0.38125 0.06328125 0.090625
12 0.64140625 0.89375 0.08046875 0.09453125
13 0.49921875 0.2609375 0.11796875 0.0609375
13 0.35 0.646875 0.11015625 0.05390625
14 0.74921875 0.87421875 0.07578125 0.09609375
14 0.596875 0.21875 0.11796875 0.0453125
15 0.753125 0.69140625 0.05859375 0.08046875
15 0.553125 0.90859375 0.09609375 0.05546875
16 0.55390625 0.8109375 0.06015625 0.08203125
16 0.71796875 0.771875 0.09453125 0.06328125
17 0.4828125 0.35390625 0.08828125 0.04375
17 0.44609375 0.21875 0.08203125 0.0625
18 0.71953125 0.92578125 0.07890625 0.0609375
18 0.290625 0.93984375 0.05234375 0.075
19 0.6921875 0.68203125 0.07265625 0.05625
19 0.59921875 0.39375 0.07890625 0.0421875
20 0.54375 0.396875 0.04921875 0.05625
20 0.43125 0.8328125 0.06484375 0.03828125
21 0.43203125 0.803125 0.06640625 0.040625
21 0.57578125 0.3625 0.07890625 0.046875
22 0.62578125 0.59140625 0.140625 0.0609375
23 0.915625 0.07734375 0.05859375 0.0734375