0 0.59765625 0.28515625 0.1546875 0.21953125
0 0.60234375 0.6 0.08671875 0.24609375
1 0.30546875 0.17578125 0.22734375 0.140625
1 0.49453125 0.43359375 0.19609375 0.209375
2 0.334375 0.67109375 0.23671875 0.059375
2 0.3125 0.1375 0.2 0.10859375
3 0.56171875 0.56484375 0.18984375 0.09140625
3 0.8484375 0.5671875 0.08984375 0.13515625
4 0.32578125 0.62265625 0.17578125 0.096875
4 0.33984375 0.3578125 0.19609375 0.05234375
8 0.79296875 0.3484375 0.1015625 0.16484375
8 0.8609375 0.33046875 0.13984375 0.140625
9 0.7140625 0.715625 0.165625 0.0984375
9 0.65390625 0.66953125 0.1640625 0.1125
10 0.74609375 0.4234375 0.06640625 0.1375
10 0.5234375 0.14453125 0.1578125 0.04609375
11 0.246875 0.43203125 0.08203125 0.13203125
11 0.42890625 0.72578125 0.13984375 0.07578125
5 0.553125 0.50234375 0.06953125 0.12109375
5 0.3625 0.54765625 0.07734375 0.11640625
6 0.5140625 0.69921875 0.13828125 0.0734375
6 0.65546875 0.2171875 0.07734375 0.1109375
7 0.7125 0.3359375 0.07265625 0.11796875
7 0.63515625 0.5890625 0.153125 0.06484375
12 0.32109375 0.4328125 0.0953125 0.0828125
12 0.12109375 0.834375 0.0640625 0.1109375
13 0.41484375 0.4109375 0.0984375 0.0875
13 0.4359375 0.22265625 0.1109375 0.07734375
14 0.365625 0.47734375 0.11953125 0.04609375
14 0.43671875 0.2984375 0.1 0.06171875
15 0.5015625 0.76953125 0.07265625 0.09296875
15 0.33828125 0.32109375 0.08359375 0.06875
16 0.7421875 0.59296875 0.10625 0.04375
16 0.4546875 0.30390625 0.08203125 0.07578125
17 0.1828125 0.49921875 0.06953125 0.07890625
17 0.678125 0.41875 0.09375 0.04765625
18 0.5390625 0.31484375 0.07734375 0.05625
18 0.4265625 0.77578125 0.0609375 0.0546875
19 0.315625 0.2625 0.08046875 0.04921875
19 0.5546875 0.4234375 0.07578125 0.0453125
20 0.45078125 0.19296875 0.0515625 0.059375
20 0.29765625 0.5296875 0.0484375 0.06640625
21 0.52109375 0.4625 0.05625 0.05625
21 0.61328125 0.38125 0.0421875 0.0703125
22 0.53515625 0.596875 0.12421875 0.11953125
22 0.6078125 0.815625 0.159375 0.053125