0 0.84765625 0.4953125 0.128125 0.1109375
0 0.8671875 0.40390625 0.103125 0.159375
1 0.71171875 0.6296875 0.1734375 0.1015625
1 0.5390625 0.57734375 0.19296875 0.04765625
2 0.31953125 0.60390625 0.159375 0.06015625
2 0.59296875 0.37890625 0.153125 0.0515625
3 0.76015625 0.5640625 0.153125 0.03515625
3 0.796875 0.52890625 0.05859375 0.171875
4 0.6828125 0.59375 0.1296875 0.10078125
4 0.66171875 0.703125 0.09140625 0.10078125
8 0.64140625 0.271875 0.12109375 0.1046875
8 0.7265625 0.4578125 0.1125 0.09921875
9 0.8328125 0.58671875 0.1359375 0.03828125
9 0.79453125 0.39609375 0.07890625 0.08046875
10 0.8875 0.46875 0.10078125 0.06484375
10 0.5828125 0.4453125 0.11484375 0.034375
11 0.59453125 0.52109375 0.08828125 0.06953125
11 0.59453125 0.33828125 0.11640625 0.04140625
5 0.63984375 0.70546875 0.06640625 0.0921875
5 0.0703125 0.928125 0.10234375 0.08828125
6 0.2484375 0.65078125 0.06640625 0.07578125
7 0.69609375 0.51171875 0.09921875 0.0578125
7 0.57578125 0.66953125 0.053125 0.09453125
12 0.45390625 0.53125 0.090625 0.0484375
12 0.49609375 0.55078125 0.08203125 0.03515625
13 0.62109375 0.4765625 0.06171875 0.0578125
13 0.7390625 0.06796875 0.08515625 0.0515625
14 0.7890625 0.31796875 0.0640625 0.07734375
14 0.840625 0.42734375 0.078125 0.03828125
15 0.825 0.615625 0.07265625 0.05
15 0.725 0.44765625 0.05859375 0.0609375
16 0.6015625 0.6265625 0.04296875 0.0640625
16 0.26953125 0.64765625 0.07265625 0.0328125
17 0.67578125 0.225 0.04609375 0.06796875
17 0.6640625 0.3984375 0.06953125 0.03125
18 0.603125 0.67265625 0.03515625 0.04765625
18 0.59375 0.31875 0.05625 0.04375
19 0.76640625 0.528125 0.04296875 0.05703125
19 0.3921875 0.521875 0.06640625 0.0328125
20 0.69296875 0.59140625 0.04375 0.0375
20 0.68359375 0.56328125 0.034375 0.03828125
21 0.703125 0.08359375 0.0359375 0.0609375
21 0.77734375 0.4625 0.02734375 0.05
22 0.878125 0.44296875 0.0390625 0.11796875
23 0.7296875 0.59296875 0.053125 0.04140625