0 0.2140625 0.4703125 0.196875 0.0875
0 0.48046875 0.5546875 0.121875 0.1296875
1 0.53828125 0.82578125 0.1453125 0.2421875
1 0.50078125 0.665625 0.19453125 0.1296875
2 0.4875 0.71875 0.13515625 0.13359375
2 0.49453125 0.1359375 0.1328125 0.15703125
3 0.309375 0.55390625 0.071875 0.11015625
3 0.375 0.36484375 0.1078125 0.1203125
4 0.5359375 0.1875 0.10390625 0.1578125
4 0.14375 0.3609375 0.07265625 0.22734375
8 0.32421875 0.425 0.04453125 0.1984375
8 0.55625 0.478125 0.1359375 0.09140625
9 0.6203125 0.50390625 0.0640625 0.18203125
9 0.68203125 0.90234375 0.1453125 0.1109375
10 0.10390625 0.53671875 0.05234375 0.17109375
10 0.31171875 0.71015625 0.05546875 0.1203125
11 0.16640625 0.3734375 0.1078125 0.10078125
11 0.36640625 0.36796875 0.03671875 0.153125
5 0.4359375 0.46484375 0.07578125 0.13984375
5 0.1921875 0.2296875 0.04296875 0.17265625
6 0.4390625 0.66953125 0.06796875 0.17265625
6 0.54296875 0.4453125 0.05546875 0.1375
7 0.4609375 0.83203125 0.09609375 0.06953125
7 0.89609375 0.67890625 0.125 0.06640625
12 0.0796875 0.51171875 0.05859375 0.1140625
12 0.58359375 0.3703125 0.08046875 0.1109375
13 0.48515625 0.34609375 0.06171875 0.08125
13 0.56171875 0.4859375 0.0390625 0.11484375
14 0.4640625 0.3125 0.05546875 0.12265625
14 0.3671875 0.4703125 0.04765625 0.06953125
15 0.7125 0.88984375 0.084375 0.04609375
15 0.5453125 0.0984375 0.03671875 0.10625
16 0.20234375 0.69921875 0.103125 0.0421875
16 0.4046875 0.478125 0.0515625 0.07421875
17 0.59140625 0.5125 0.04453125 0.07578125
17 0.40625 0.1859375 0.0328125 0.096875
18 0.23984375 0.5484375 0.040625 0.07421875
18 0.27578125 0.58203125 0.03828125 0.05859375
19 0.43125 0.28125 0.040625 0.078125
19 0.24921875 0.4140625 0.03671875 0.0875
20 0.3765625 0.56328125 0.03203125 0.0703125
20 0.24453125 0.3578125 0.02734375 0.0578125
21 0.35859375 0.29765625 0.03984375 0.08359375
21 0.47578125 0.41796875 0.03828125 0.07578125
22 0.578125 0.37265625 0.075 0.15703125
23 0.1015625 0.3984375 0.02734375 0.06796875