0 0.6328125 0.28671875 0.240625 0.171875
0 0.46640625 0.52734375 0.18359375 0.13828125
1 0.35078125 0.22578125 0.2015625 0.22109375
1 0.68203125 0.9203125 0.2171875 0.14140625
2 0.39609375 0.8765625 0.1203125 0.1640625
2 0.80625 0.6640625 0.1578125 0.0703125
3 0.20390625 0.76796875 0.1609375 0.11796875
3 0.49609375 0.6953125 0.209375 0.10859375
4 0.7078125 0.40625 0.14921875 0.1015625
4 0.4328125 0.8125 0.125 0.15625
8 0.2671875 0.34296875 0.13125 0.22265625
8 0.559375 0.57578125 0.2546875 0.08125
9 0.61171875 0.71171875 0.2046875 0.0984375
9 0.6109375 0.30234375 0.1578125 0.0734375
10 0.22265625 0.5828125 0.10703125 0.20234375
10 0.640625 0.85234375 0.128125 0.14609375
11 0.80625 0.83671875 0.15390625 0.08125
11 0.33828125 0.2921875 0.0890625 0.10546875
5 0.27890625 0.77421875 0.1328125 0.13515625
5 0.5875 0.265625 0.09765625 0.171875
6 0.56015625 0.45390625 0.1234375 0.14453125
6 0.56875 0.25546875 0.15390625 0.1578125
7 0.47421875 0.7796875 0.14296875 0.084375
7 0.3546875 0.634375 0.0828125 0.12734375
12 0.3453125 0.7609375 0.14140625 0.0734375
12 0.61875 0.8328125 0.06796875 0.12578125
13 0.6421875 0.621875 0.14765625 0.0625
13 0.7875 0.709375 0.1234375 0.06015625
14 0.3640625 0.5265625 0.11875 0.1
14 0.86171875 0.75078125 0.13984375 0.090625
15 0.77421875 0.59921875 0.06171875 0.10546875
15 0.103125 0.77109375 0.0828125 0.075
16 0.73203125 0.84609375 0.10390625 0.096875
16 0.2953125 0.6234375 0.13671875 0.05390625
17 0.821875 0.81484375 0.06328125 0.0875
17 0.490625 0.4390625 0.10078125 0.05390625
18 0.69921875 0.55078125 0.06953125 0.0671875
18 0.5359375 0.71796875 0.07109375 0.0765625
19 0.509375 0.6125 0.09453125 0.06015625
19 0.6375 0.471875 0.09921875 0.06875
20 0.72421875 0.77265625 0.078125 0.04609375
20 0.35546875 0.66328125 0.06796875 0.05078125
21 0.784375 0.7453125 0.10078125 0.03984375
21 0.91640625 0.6578125 0.0734375 0.0671875
22 0.46953125 0.85703125 0.17890625 0.0765625
22 0.640625 0.85234375 0.128125 0.14609375
23 0.28046875 0.6578125 0.07109375 0.05546875