0 0.353125 0.61015625 0.13359375 0.15703125
0 0.5125 0.5125 0.22421875 0.12109375
1 0.8546875 0.6265625 0.1953125 0.14765625
1 0.61484375 0.74453125 0.2375 0.13203125
2 0.64765625 0.0984375 0.15859375 0.16640625
2 0.54765625 0.615625 0.09609375 0.128125
3 0.628125 0.21640625 0.17421875 0.0890625
3 0.44375 0.4921875 0.165625 0.0859375
4 0.5265625 0.66171875 0.15859375 0.1421875
4 0.40390625 0.4328125 0.13984375 0.1265625
8 0.37734375 0.80234375 0.1640625 0.09296875
8 0.11796875 0.5890625 0.1234375 0.0953125
9 0.72890625 0.0859375 0.15390625 0.0875
9 0.45234375 0.4125 0.1484375 0.0421875
10 0.61328125 0.2875 0.146875 0.0625
10 0.5328125 0.43125 0.1453125 0.07109375
11 0.2640625 0.653125 0.09375 0.12265625
11 0.44921875 0.77109375 0.06640625 0.07890625
5 0.34921875 0.41875 0.12265625 0.10625
5 0.7109375 0.41640625 0.1265625 0.0984375
6 0.61875 0.83984375 0.0921875 0.12109375
6 0.52265625 0.590625 0.14375 0.03828125
7 0.48671875 0.93671875 0.140625 0.09140625
7 0.7484375 0.1515625 0.15 0.0546875
12 0.53671875 0.2578125 0.07734375 0.10625
12 0.67734375 0.8078125 0.11796875 0.08203125
13 0.6234375 0.59609375 0.05625 0.11484375
13 0.47734375 0.33359375 0.109375 0.053125
14 0.365625 0.7109375 0.08359375 0.0953125
14 0.5578125 0.53984375 0.09921875 0.05859375
15 0.39140625 0.6296875 0.09765625 0.0640625
15 0.58828125 0.71171875 0.06875 0.0859375
16 0.4390625 0.18125 0.10390625 0.0515625
16 0.40546875 0.26640625 0.06015625 0.0984375
17 0.71328125 0.65 0.0921875 0.0453125
17 0.59296875 0.33671875 0.06328125 0.08203125
18 0.690625 0.51796875 0.0515625 0.08359375
18 0.65234375 0.49765625 0.05 0.0765625
19 0.30859375 0.6390625 0.06796875 0.06171875
19 0.33203125 0.39765625 0.059375 0.06171875
20 0.70078125 0.59921875 0.06328125 0.05625
20 0.621875 0.77421875 0.06015625 0.0453125
21 0.53046875 0.740625 0.04765625 0.0625
21 0.49609375 0.7359375 0.04296875 0.0671875
22 0.4671875 0.09375 0.13359375 0.11328125
22 0.48671875 0.68359375 0.1234375 0.0734375