0 0.3765625 0.5921875 0.1171875 0.2890625
0 0.559375 0.50234375 0.15625 0.259375
1 0.6984375 0.86328125 0.2796875 0.14453125
1 0.253125 0.41015625 0.19453125 0.3140625
2 0.29453125 0.80625 0.265625 0.1484375
2 0.65 0.28046875 0.1203125 0.259375
3 0.12421875 0.75859375 0.15625 0.23671875
3 0.57890625 0.51484375 0.16953125 0.25546875
4 0.57578125 0.75 0.1171875 0.2828125
4 0.58984375 0.30546875 0.20390625 0.17578125
8 0.83203125 0.24921875 0.1453125 0.25078125
8 0.353125 0.56484375 0.1046875 0.1046875
9 0.47890625 0.23203125 0.121875 0.22578125
9 0.51640625 0.253125 0.14375 0.23828125
10 0.31953125 0.3640625 0.1359375 0.21328125
10 0.7609375 0.63203125 0.07109375 0.22578125
11 0.65625 0.46953125 0.16640625 0.09453125
11 0.29765625 0.5328125 0.08046875 0.21953125
5 0.2796875 0.8859375 0.18203125 0.10703125
5 0.65390625 0.37734375 0.06328125 0.2109375
6 0.87734375 0.728125 0.17109375 0.11328125
6 0.703125 0.771875 0.134375 0.13359375
7 0.80078125 0.30546875 0.1390625 0.18828125
7 0.40625 0.34609375 0.07265625 0.19453125
12 0.425 0.1921875 0.07265625 0.17578125
12 0.48671875 0.60859375 0.07265625 0.2171875
13 0.5109375 0.76875 0.1109375 0.1234375
13 0.2265625 0.55625 0.08046875 0.12578125
14 0.76796875 0.39921875 0.15 0.0671875
14 0.4390625 0.4515625 0.140625 0.0671875
15 0.85703125 0.8578125 0.11875 0.12109375
15 0.8765625 0.74140625 0.06484375 0.178125
16 0.4984375 0.8796875 0.06484375 0.1484375
16 0.69375 0.77265625 0.109375 0.1359375
17 0.31875 0.6453125 0.103125 0.0859375
17 0.36640625 0.421875 0.08203125 0.1359375
18 0.721875 0.665625 0.05859375 0.1171875
18 0.36796875 0.86640625 0.05703125 0.1296875
19 0.43671875 0.63515625 0.05859375 0.1234375
19 0.2203125 0.6890625 0.05546875 0.10234375
20 0.4078125 0.84609375 0.04765625 0.10703125
20 0.28515625 0.7125 0.07109375 0.06484375
21 0.45859375 0.671875 0.04921875 0.0921875
21 0.6703125 0.62578125 0.06015625 0.12109375
22 0.72109375 0.51953125 0.18671875 0.0859375
23 0.81953125 0.684375 0.06796875 0.1046875