0 0.6734375 0.871875 0.30625 0.10859375
0 0.33671875 0.721875 0.215625 0.146875
1 0.3359375 0.5328125 0.17734375 0.08828125
1 0.70625 0.3359375 0.10234375 0.24765625
2 0.40625 0.38828125 0.146875 0.1328125
2 0.45390625 0.4234375 0.24921875 0.09375
3 0.828125 0.21015625 0.10390625 0.21484375
3 0.609375 0.35078125 0.08828125 0.20078125
4 0.7296875 0.14375 0.22265625 0.0828125
4 0.81328125 0.69921875 0.075 0.225
8 0.4875 0.6734375 0.1390625 0.175
8 0.4796875 0.17890625 0.15703125 0.12421875
9 0.58828125 0.62109375 0.20703125 0.10859375
9 0.7328125 0.8828125 0.20390625 0.1578125
10 0.34453125 0.47109375 0.1671875 0.0984375
10 0.321875 0.18359375 0.1890625 0.0796875
11 0.34296875 0.6171875 0.14375 0.0984375
11 0.37578125 0.7171875 0.16875 0.13828125
5 0.15234375 0.728125 0.096875 0.1484375
5 0.22578125 0.33125 0.1671875 0.078125
6 0.7140625 0.76796875 0.10703125 0.11953125
6 0.66171875 0.33515625 0.1921875 0.08125
7 0.5875 0.12578125 0.06484375 0.146875
7 0.6109375 0.234375 0.1625 0.10703125
12 0.77578125 0.340625 0.1203125 0.10546875
12 0.14765625 0.5828125 0.15546875 0.06875
13 0.61953125 0.90546875 0.13515625 0.0953125
13 0.50546875 0.39921875 0.06484375 0.1265625
14 0.35390625 0.215625 0.12890625 0.07578125
14 0.48125 0.48203125 0.12734375 0.06953125
15 0.1359375 0.64921875 0.121875 0.084375
15 0.6453125 0.603125 0.12734375 0.07578125
16 0.628125 0.69375 0.12578125 0.06015625
16 0.26640625 0.38046875 0.10546875 0.09140625
17 0.38515625 0.3515625 0.0921875 0.0765625
17 0.29453125 0.6609375 0.0703125 0.096875
18 0.5484375 0.22265625 0.09375 0.0609375
18 0.53984375 0.75625 0.06015625 0.0828125
19 0.86484375 0.159375 0.09375 0.0765625
19 0.62734375 0.2265625 0.096875 0.0625
20 0.36875 0.14140625 0.08515625 0.05390625
20 0.4578125 0.61328125 0.053125 0.07265625
21 0.39375 0.29765625 0.06875 0.0796875
21 0.47109375 0.66953125 0.0484375 0.0796875
22 0.81484375 0.7421875 0.17890625 0.12265625
23 0.27421875 0.275 0.09375 0.05390625