0 0.77890625 0.428125 0.1359375 0.1921875
0 0.81796875 0.80703125 0.10703125 0.23515625
1 0.68984375 0.659375 0.215625 0.084375
1 0.50625 0.34296875 0.1203125 0.1875
2 0.8859375 0.64609375 0.1734375 0.1234375
2 0.39453125 0.659375 0.1109375 0.14921875
3 0.36640625 0.353125 0.14140625 0.10625
3 0.27890625 0.47734375 0.1109375 0.14609375
4 0.52109375 0.91640625 0.140625 0.090625
4 0.89375 0.7953125 0.06875 0.14453125
8 0.7609375 0.1609375 0.10859375 0.11875
8 0.76796875 0.2578125 0.090625 0.24765625
9 0.38671875 0.57265625 0.1140625 0.12578125
9 0.72890625 0.26328125 0.09765625 0.184375
10 0.45703125 0.54375 0.0859375 0.1890625
10 0.49375 0.4984375 0.09609375 0.15390625
11 0.509375 0.828125 0.1234375 0.10625
11 0.70859375 0.8953125 0.109375 0.0921875
5 0.52109375 0.24921875 0.125 0.0890625
5 0.49375 0.35546875 0.03359375 0.15703125
6 0.734375 0.8296875 0.14296875 0.05390625
6 0.55859375 0.3390625 0.1296875 0.05703125
7 0.2234375 0.634375 0.08203125 0.15859375
7 0.82421875 0.8265625 0.05625 0.17421875
12 0.42890625 0.92421875 0.09140625 0.11875
12 0.13203125 0.14765625 0.1 0.12578125
13 0.728125 0.321875 0.0796875 0.12578125
13 0.51953125 0.36953125 0.10859375 0.04921875
14 0.64140625 0.76171875 0.084375 0.1109375
14 0.625 0.36015625 0.06171875 0.12578125
15 0.75703125 0.83828125 0.0640625 0.1140625
15 0.5875 0.4171875 0.0390625 0.12578125
16 0.55078125 0.696875 0.0796875 0.1078125
16 0.746875 0.759375 0.0703125 0.075
17 0.09609375 0.37109375 0.08671875 0.06796875
17 0.778125 0.43828125 0.0703125 0.0953125
18 0.85078125 0.55390625 0.05390625 0.1078125
18 0.52421875 0.6796875 0.06328125 0.07109375
19 0.44140625 0.278125 0.06796875 0.07109375
19 0.44453125 0.7734375 0.0703125 0.07265625
20 0.58125 0.803125 0.05625 0.06484375
20 0.73203125 0.70625 0.04765625 0.07421875
21 0.2953125 0.6625 0.04765625 0.090625
21 0.77265625 0.6796875 0.0734375 0.04921875
22 0.59140625 0.2046875 0.065625 0.1875
22 0.5984375 0.8515625 0.13125 0.13984375