0 0.72578125 0.634375 0.3390625 0.18828125
0 0.6640625 0.7203125 0.1796875 0.3625
1 0.6265625 0.47578125 0.284375 0.13984375
1 0.30546875 0.26328125 0.2296875 0.1921875
2 0.23359375 0.5546875 0.29140625 0.0828125
2 0.4953125 0.7203125 0.15390625 0.23671875
3 0.34375 0.375 0.2625 0.12890625
3 0.42265625 0.08828125 0.25859375 0.0828125
4 0.57421875 0.88515625 0.275 0.12890625
4 0.42578125 0.46796875 0.15390625 0.22109375
8 0.19609375 0.37890625 0.11015625 0.21171875
8 0.72265625 0.50078125 0.25703125 0.09296875
9 0.46640625 0.21796875 0.1171875 0.1671875
9 0.30703125 0.69375 0.23671875 0.09140625
10 0.26953125 0.44921875 0.06953125 0.1828125
10 0.2734375 0.40390625 0.18359375 0.1328125
11 0.45390625 0.78203125 0.115625 0.109375
11 0.8265625 0.38671875 0.12265625 0.178125
5 0.60703125 0.39296875 0.1796875 0.06484375
5 0.7609375 0.58828125 0.10078125 0.1421875
6 0.32578125 0.18125 0.178125 0.12890625
6 0.8578125 0.615625 0.10078125 0.12578125
7 0.69140625 0.546875 0.1359375 0.13828125
7 0.60625 0.2328125 0.11171875 0.11328125
12 0.1328125 0.65234375 0.1046875 0.1453125
12 0.60390625 0.8046875 0.0734375 0.15078125
13 0.3375 0.2890625 0.09140625 0.15078125
13 0.7859375 0.40703125 0.10078125 0.1671875
14 0.35625 0.5890625 0.08046875 0.1578125
14 0.728125 0.37265625 0.084375 0.15234375
15 0.69296875 0.71484375 0.10859375 0.07890625
15 0.353125 0.78125 0.1046875 0.12890625
16 0.77421875 0.78359375 0.103125 0.134375
16 0.50859375 0.25234375 0.0734375 0.1421875
17 0.2578125 0.75703125 0.11171875 0.0984375
17 0.27734375 0.653125 0.05859375 0.121875
18 0.4171875 0.6546875 0.05703125 0.10234375
18 0.48828125 0.8921875 0.1140625 0.0578125
19 0.5015625 0.23671875 0.10859375 0.05390625
19 0.2265625 0.7890625 0.10078125 0.08828125
20 0.15390625 0.48671875 0.06953125 0.0859375
20 0.20703125 0.5046875 0.05859375 0.09296875
21 0.25859375 0.121875 0.05859375 0.1109375
21 0.3375 0.49453125 0.08046875 0.05546875
22 0.6203125 0.3109375 0.15390625 0.10078125
23 0.5734375 0.70078125 0.05703125 0.0984375