0 0.2140625 0.21171875 0.15078125 0.18046875
0 0.5828125 0.36171875 0.159375 0.1859375
1 0.08984375 0.7015625 0.10859375 0.184375
1 0.1671875 0.38828125 0.109375 0.121875
2 0.32265625 0.71796875 0.109375 0.1328125
2 0.28203125 0.2359375 0.0953125 0.20625
3 0.53125 0.246875 0.1265625 0.12890625
3 0.15859375 0.815625 0.1484375 0.1875
4 0.6390625 0.38828125 0.153125 0.10703125
4 0.35625 0.30859375 0.07734375 0.175
8 0.36328125 0.45234375 0.0734375 0.21953125
8 0.46484375 0.50703125 0.1140625 0.1125
9 0.15 0.6203125 0.11953125 0.14375
9 0.35625 0.78046875 0.13359375 0.11796875
10 0.49921875 0.759375 0.09140625 0.18984375
10 0.32890625 0.8640625 0.13046875 0.0703125
11 0.29140625 0.371875 0.08671875 0.12890625
11 0.25390625 0.76875 0.08671875 0.14921875
5 0.125 0.45703125 0.1125 0.07734375
5 0.921875 0.60703125 0.1 0.1234375
6 0.45625 0.3921875 0.103125 0.12890625
6 0.03671875 0.534375 0.071875 0.1328125
7 0.53125 0.61796875 0.1015625 0.1234375
7 0.5984375 0.51953125 0.06796875 0.09921875
12 0.47578125 0.36171875 0.096875 0.09375
12 0.24296875 0.68515625 0.05234375 0.15078125
13 0.55546875 0.5515625 0.07578125 0.11953125
13 0.27109375 0.22265625 0.078125 0.103125
14 0.3625 0.46875 0.084375 0.07578125
14 0.41796875 0.740625 0.08125 0.084375
15 0.45078125 0.59296875 0.06171875 0.084375
15 0.221875 0.22890625 0.07734375 0.05703125
16 0.4953125 0.6234375 0.08984375 0.1015625
16 0.17890625 0.57421875 0.0390625 0.12890625
17 0.40859375 0.63984375 0.06640625 0.071875
17 0.15703125 0.815625 0.06328125 0.09921875
18 0.225 0.61328125 0.05546875 0.0734375
18 0.3328125 0.7203125 0.0578125 0.07734375
19 0.42890625 0.28515625 0.059375 0.084375
19 0.28046875 0.59375 0.053125 0.09375
20 0.3859375 0.5765625 0.0453125 0.0734375
20 0.21328125 0.77109375 0.05078125 0.06796875
21 0.42109375 0.446875 0.03359375 0.1046875
21 0.13046875 0.4984375 0.05390625 0.0609375
22 0.175 0.86484375 0.11796875 0.1234375
23 0.35078125 0.61328125 0.03828125 0.09921875