0 0.75078125 0.3515625 0.1078125 0.19296875
0 0.2078125 0.828125 0.09765625 0.165625
1 0.63359375 0.75546875 0.196875 0.1796875
1 0.5484375 0.48046875 0.14609375 0.1734375
2 0.39453125 0.7875 0.1796875 0.1734375
2 0.70078125 0.67109375 0.1796875 0.13671875
3 0.1265625 0.4703125 0.16015625 0.22265625
3 0.57734375 0.27109375 0.08125 0.21171875
4 0.46875 0.1890625 0.16796875 0.1484375
4 0.18046875 0.72109375 0.12265625 0.171875
8 0.53046875 0.59296875 0.1578125 0.0875
8 0.8109375 0.33359375 0.0859375 0.13046875
9 0.36171875 0.38671875 0.0875 0.184375
9 0.61328125 0.4921875 0.15859375 0.12890625
10 0.215625 0.4078125 0.0640625 0.146875
10 0.33046875 0.8765625 0.09453125 0.10546875
11 0.684375 0.48984375 0.0828125 0.1734375
11 0.36875 0.72109375 0.14609375 0.18125
5 0.61015625 0.44296875 0.1328125 0.146875
5 0.490625 0.09765625 0.18203125 0.075
6 0.22734375 0.2453125 0.13671875 0.15625
6 0.4390625 0.36015625 0.18671875 0.0640625
7 0.4765625 0.83984375 0.1078125 0.14609375
7 0.421875 0.3171875 0.10625 0.0734375
12 0.5875 0.7609375 0.1046875 0.1015625
12 0.303125 0.809375 0.0609375 0.1484375
13 0.4890625 0.66796875 0.1125 0.11171875
13 0.61875 0.18125 0.05078125 0.13828125
14 0.2921875 0.47890625 0.06015625 0.13046875
14 0.43515625 0.2375 0.11484375 0.0765625
15 0.21328125 0.5703125 0.05703125 0.13203125
15 0.83828125 0.496875 0.0640625 0.10703125
16 0.8796875 0.3546875 0.06875 0.075
16 0.74609375 0.546875 0.134375 0.04765625
17 0.36875 0.5765625 0.05859375 0.10390625
17 0.37421875 0.16640625 0.0484375 0.11796875
18 0.571875 0.62265625 0.0921875 0.0859375
18 0.25078125 0.75546875 0.05859375 0.09375
19 0.80625 0.60078125 0.084375 0.071875
19 0.25390625 0.41171875 0.05859375 0.09375
20 0.2625 0.5625 0.05859375 0.06875
20 0.2859375 0.5921875 0.046875 0.0703125
21 0.5296875 0.59453125 0.08046875 0.04140625
21 0.46171875 0.4375 0.0671875 0.078125
22 0.66875 0.19609375 0.06875 0.13515625