0 0.2640625 0.590625 0.1671875 0.27578125
0 0.3359375 0.23515625 0.22265625 0.13046875
1 0.57578125 0.16796875 0.1921875 0.203125
1 0.6375 0.284375 0.2265625 0.228125
2 0.51640625 0.82890625 0.14765625 0.234375
2 0.63828125 0.62890625 0.16015625 0.253125
3 0.7484375 0.37265625 0.20703125 0.1265625
3 0.84453125 0.48203125 0.23515625 0.10546875
4 0.36015625 0.75078125 0.18203125 0.12890625
4 0.3859375 0.35390625 0.140625 0.1515625
8 0.55234375 0.76640625 0.14296875 0.16796875
8 0.71875 0.71171875 0.2 0.1453125
9 0.1328125 0.74453125 0.14765625 0.1578125
9 0.2984375 0.3640625 0.115625 0.171875
10 0.5078125 0.340625 0.16015625 0.10390625
10 0.4890625 0.665625 0.14765625 0.1078125
11 0.53203125 0.50625 0.1515625 0.11640625
11 0.23046875 0.39296875 0.14765625 0.16796875
5 0.39140625 0.53125 0.14765625 0.0953125
5 0.178125 0.61484375 0.0859375 0.1515625
6 0.153125 0.55390625 0.12109375 0.14921875
6 0.31171875 0.76328125 0.11796875 0.1578125
7 0.7984375 0.546875 0.1 0.159375
7 0.26953125 0.48515625 0.09296875 0.15390625
12 0.55703125 0.5390625 0.12265625 0.075
12 0.32421875 0.35390625 0.0890625 0.12265625
13 0.09765625 0.47421875 0.053125 0.1515625
13 0.36015625 0.4046875 0.07109375 0.11171875
14 0.44140625 0.3171875 0.13359375 0.0625
14 0.78125 0.66796875 0.0734375 0.12890625
15 0.3015625 0.54375 0.09296875 0.12890625
15 0.4671875 0.709375 0.0890625 0.09921875
16 0.64765625 0.48515625 0.0734375 0.1203125
16 0.4375 0.28203125 0.05546875 0.1328125
17 0.71328125 0.76796875 0.1 0.0578125
17 0.178125 0.6234375 0.0890625 0.08515625
18 0.17734375 0.36640625 0.065625 0.09375
18 0.72578125 0.4171875 0.0890625 0.0625
19 0.63828125 0.3453125 0.0640625 0.0890625
19 0.7546875 0.3859375 0.0875 0.05
20 0.25078125 0.33828125 0.0515625 0.06640625
20 0.3296875 0.80390625 0.0640625 0.06015625
21 0.47578125 0.23828125 0.04609375 0.09140625
21 0.7125 0.5359375 0.0765625 0.0640625
22 0.3484375 0.15859375 0.10859375 0.14296875
22 0.46015625 0.9390625 0.1390625 0.1140625