0 0.43671875 0.4953125 0.14140625 0.1359375
0 0.696875 0.55 0.1359375 0.24921875
1 0.775 0.5296875 0.14296875 0.30078125
1 0.63828125 0.30703125 0.171875 0.14453125
2 0.609375 0.775 0.18203125 0.1578125
2 0.640625 0.35859375 0.15 0.228125
3 0.521875 0.89140625 0.2296875 0.17109375
3 0.90703125 0.54375 0.08359375 0.23671875
4 0.16171875 0.2421875 0.18046875 0.14296875
4 0.13984375 0.515625 0.078125 0.2203125
8 0.1875 0.3328125 0.1734375 0.165625
8 0.4015625 0.58203125 0.10703125 0.18203125
9 0.8015625 0.525 0.12109375 0.17890625
9 0.2671875 0.61328125 0.071875 0.1890625
10 0.6578125 0.78359375 0.18046875 0.071875
10 0.234375 0.35078125 0.10078125 0.15625
11 0.13203125 0.175 0.134375 0.1265625
11 0.33203125 0.26796875 0.08203125 0.14453125
5 0.0625 0.53359375 0.1109375 0.15078125
5 0.4890625 0.784375 0.0921875 0.165625
6 0.43203125 0.66796875 0.1484375 0.0984375
6 0.525 0.36640625 0.0921875 0.17421875
7 0.34921875 0.484375 0.15 0.0953125
7 0.1125 0.384375 0.13984375 0.11796875
12 0.74765625 0.36640625 0.06171875 0.14140625
12 0.396875 0.24921875 0.06796875 0.13125
13 0.29453125 0.45703125 0.1359375 0.05078125
13 0.46875 0.4015625 0.146875 0.05078125
14 0.2546875 0.14453125 0.1109375 0.11171875
14 0.54296875 0.68984375 0.096875 0.08828125
15 0.9015625 0.76953125 0.0984375 0.090625
15 0.34375 0.34609375 0.12578125 0.05234375
16 0.1328125 0.228125 0.10234375 0.065625
16 0.19765625 0.5828125 0.05078125 0.125
17 0.1921875 0.50234375 0.075 0.08515625
17 0.59609375 0.6359375 0.05078125 0.11015625
18 0.534375 0.4984375 0.059375 0.08046875
18 0.31796875 0.34609375 0.04609375 0.08828125
19 0.55390625 0.59609375 0.08203125 0.08203125
19 0.48359375 0.3625 0.0953125 0.04609375
20 0.34765625 0.26015625 0.04453125 0.07421875
20 0.46640625 0.23046875 0.06796875 0.0671875
21 0.3484375 0.3984375 0.06640625 0.0609375
21 0.7484375 0.6828125 0.0734375 0.06875
22 0.5484375 0.27421875 0.1359375 0.1609375
22 0.06328125 0.1796875 0.0984375 0.1