0 0.4984375 0.278125 0.1921875 0.21328125
0 0.51015625 0.18515625 0.11796875 0.26484375
1 0.82265625 0.3703125 0.1359375 0.29765625
1 0.36953125 0.7234375 0.11640625 0.19765625
2 0.25546875 0.54296875 0.25078125 0.0984375
2 0.5078125 0.1875 0.25234375 0.0921875
3 0.10859375 0.346875 0.1328125 0.17578125
3 0.5171875 0.2046875 0.184375 0.18203125
4 0.603125 0.75390625 0.1953125 0.17109375
4 0.70859375 0.18671875 0.11328125 0.1125
8 0.66328125 0.278125 0.16171875 0.1046875
8 0.34765625 0.13671875 0.19375 0.1
9 0.16796875 0.8390625 0.12421875 0.20703125
9 0.35703125 0.45234375 0.07265625 0.20390625
10 0.63828125 0.61328125 0.1515625 0.1203125
10 0.24921875 0.39375 0.10703125 0.096875
11 0.84765625 0.58828125 0.0953125 0.13515625
11 0.646875 0.4375 0.15546875 0.11875
5 0.66953125 0.78828125 0.153125 0.12734375
5 0.76015625 0.70390625 0.1828125 0.08125
6 0.75078125 0.53203125 0.1375 0.13203125
6 0.7296875 0.3953125 0.12265625 0.10625
7 0.284375 0.5421875 0.08203125 0.17734375
7 0.41328125 0.578125 0.07890625 0.17734375
12 0.13203125 0.61015625 0.134375 0.0796875
12 0.77421875 0.43359375 0.06953125 0.12890625
13 0.18984375 0.67421875 0.13125 0.103125
13 0.66875 0.29375 0.0484375 0.17890625
14 0.49609375 0.59765625 0.08203125 0.14765625
14 0.58203125 0.4515625 0.134375 0.05625
15 0.453125 0.41640625 0.0921875 0.1109375
15 0.2421875 0.7875 0.07890625 0.0921875
16 0.3546875 0.23203125 0.07109375 0.11875
16 0.2078125 0.4875 0.0859375 0.0875
17 0.684375 0.6015625 0.0984375 0.075
17 0.35703125 0.390625 0.06953125 0.075
18 0.0796875 0.55703125 0.0859375 0.0796875
18 0.32109375 0.61484375 0.053125 0.0828125
19 0.546875 0.41015625 0.07734375 0.0734375
19 0.66953125 0.3203125 0.0890625 0.0484375
20 0.63203125 0.5640625 0.06328125 0.071875
20 0.728125 0.55625 0.06484375 0.071875
21 0.4359375 0.60078125 0.09375 0.0484375
21 0.27890625 0.65234375 0.08359375 0.05
22 0.2609375 0.2234375 0.15 0.0734375
22 0.253125 0.7046875 0.1046875 0.0953125