0 0.79375 0.24453125 0.08515625 0.2484375
0 0.4421875 0.29375 0.121875 0.10234375
1 0.52890625 0.3109375 0.08671875 0.240625
1 0.46171875 0.63828125 0.16484375 0.1796875
2 0.68125 0.125 0.1484375 0.16015625
2 0.634375 0.40390625 0.18125 0.0625
3 0.59375 0.23125 0.0984375 0.14140625
3 0.52890625 0.22578125 0.1546875 0.0625
4 0.190625 0.63359375 0.06640625 0.159375
4 0.5609375 0.8109375 0.16328125 0.07109375
8 0.38671875 0.58828125 0.153125 0.06796875
8 0.54140625 0.86328125 0.0703125 0.16328125
9 0.71640625 0.2953125 0.09375 0.14140625
9 0.43046875 0.74765625 0.11640625 0.0984375
10 0.92734375 0.35390625 0.08984375 0.125
10 0.73046875 0.5125 0.125 0.0625
11 0.84375 0.43359375 0.11171875 0.0984375
11 0.3046875 0.65078125 0.0796875 0.10703125
5 0.45 0.40625 0.09140625 0.1171875
5 0.634375 0.91640625 0.0984375 0.10078125
6 0.490625 0.7578125 0.06328125 0.11875
6 0.4265625 0.5484375 0.11171875 0.07734375
7 0.38984375 0.4328125 0.10625 0.096875
7 0.375 0.18828125 0.103125 0.10546875
12 0.24375 0.5046875 0.06640625 0.096875
12 0.57109375 0.496875 0.0453125 0.11171875
13 0.44453125 0.2015625 0.08671875 0.0875
13 0.44375 0.6765625 0.06796875 0.0875
14 0.69140625 0.559375 0.096875 0.0609375
14 0.384375 0.315625 0.09296875 0.07890625
15 0.234375 0.6453125 0.0515625 0.096875
15 0.609375 0.85625 0.09296875 0.04296875
16 0.3921875 0.65546875 0.06640625 0.08359375
16 0.32265625 0.45 0.08984375 0.07109375
17 0.35078125 0.62578125 0.078125 0.05078125
17 0.8 0.5921875 0.06171875 0.08203125
18 0.64609375 0.50859375 0.071875 0.04921875
18 0.67265625 0.815625 0.071875 0.04765625
19 0.7375 0.584375 0.071875 0.0578125
19 0.26171875 0.42578125 0.0734375 0.04296875
20 0.56875 0.571875 0.05703125 0.05625
20 0.8953125 0.5046875 0.046875 0.0609375
21 0.746875 0.35625 0.06484375 0.05625
21 0.66484375 0.46171875 0.05 0.0578125
22 0.528125 0.33046875 0.11171875 0.07265625
23 0.071875 0.43203125 0.0734375 0.06953125