0 0.31953125 0.134375 0.134375 0.1
0 0.584375 0.36015625 0.20234375 0.13515625
1 0.62890625 0.19140625 0.24140625 0.0828125
1 0.25390625 0.44375 0.1453125 0.1484375
2 0.49296875 0.09375 0.13671875 0.07734375
2 0.4015625 0.2640625 0.05703125 0.16328125
3 0.31171875 0.2609375 0.09140625 0.13828125
3 0.43671875 0.6234375 0.1609375 0.07109375
4 0.44296875 0.3703125 0.1671875 0.04609375
4 0.39609375 0.79453125 0.06953125 0.1359375
8 0.3234375 0.80703125 0.08046875 0.121875
8 0.62109375 0.43125 0.13515625 0.0734375
9 0.215625 0.25390625 0.08671875 0.13125
9 0.5109375 0.42421875 0.1046875 0.10234375
10 0.72109375 0.31953125 0.0828125 0.10703125
10 0.484375 0.7359375 0.071875 0.12421875
11 0.4265625 0.7328125 0.06796875 0.10625
11 0.29609375 0.615625 0.11328125 0.071875
5 0.91328125 0.728125 0.11484375 0.07109375
5 0.45859375 0.55078125 0.08046875 0.078125
6 0.49765625 0.90625 0.109375 0.11640625
6 0.36484375 0.6875 0.0609375 0.10390625
7 0.4625 0.25390625 0.09765625 0.08828125
7 0.5390625 0.78515625 0.0953125 0.10078125
12 0.4078125 0.128125 0.07890625 0.084375
12 0.45078125 0.46875 0.07890625 0.05625
13 0.25 0.30546875 0.04140625 0.09296875
13 0.328125 0.05078125 0.1171875 0.05078125
14 0.49921875 0.41875 0.0625 0.08046875
14 0.60390625 0.34296875 0.090625 0.071875
15 0.540625 0.56171875 0.07421875 0.0703125
15 0.63046875 0.79296875 0.1 0.04609375
16 0.32109375 0.4703125 0.1 0.04140625
16 0.3125 0.68828125 0.06796875 0.0671875
17 0.784375 0.3203125 0.08671875 0.05
17 0.81328125 0.51640625 0.05859375 0.06796875
18 0.57421875 0.61796875 0.05625 0.0578125
18 0.496875 0.33828125 0.071875 0.03984375
19 0.40859375 0.49921875 0.04375 0.0578125
19 0.0984375 0.74765625 0.08515625 0.03984375
20 0.75078125 0.38671875 0.05234375 0.0578125
20 0.77109375 0.4890625 0.04765625 0.05078125
21 0.6390625 0.49609375 0.06328125 0.05703125
21 0.69296875 0.3 0.06953125 0.04375
22 0.596875 0.68984375 0.128125 0.08515625
23 0.2984375 0.5515625 0.05234375 0.0578125