0 0.6453125 0.31875 0.12578125 0.17890625
0 0.515625 0.7515625 0.1625 0.16953125
1 0.4671875 0.28515625 0.21171875 0.06953125
1 0.47421875 0.54609375 0.18359375 0.06796875
2 0.62578125 0.1953125 0.1078125 0.1109375
2 0.5859375 0.7125 0.12109375 0.1453125
3 0.3703125 0.51328125 0.1484375 0.08828125
3 0.696875 0.43671875 0.1453125 0.06953125
4 0.16484375 0.453125 0.05703125 0.13359375
4 0.5796875 0.17265625 0.13515625 0.1015625
8 0.11015625 0.534375 0.125 0.11015625
8 0.1296875 0.47890625 0.0703125 0.13125
9 0.51875 0.3765625 0.10625 0.10625
9 0.8390625 0.915625 0.1546875 0.05859375
10 0.5046875 0.4921875 0.10625 0.06796875
10 0.4390625 0.35546875 0.11015625 0.0859375
11 0.415625 0.63046875 0.05078125 0.1203125
11 0.6953125 0.8234375 0.115625 0.0671875
5 0.234375 0.33125 0.1140625 0.1015625
5 0.475 0.6046875 0.053125 0.115625
6 0.30078125 0.33359375 0.0953125 0.10390625
6 0.675 0.37265625 0.06484375 0.1
7 0.7875 0.30390625 0.08203125 0.1046875
7 0.55625 0.76953125 0.13125 0.05703125
12 0.4828125 0.36171875 0.084375 0.06953125
12 0.60546875 0.34140625 0.07421875 0.08359375
13 0.1296875 0.38125 0.0875 0.07734375
13 0.26796875 0.4671875 0.06796875 0.0796875
14 0.865625 0.12734375 0.06875 0.08828125
14 0.41015625 0.70546875 0.084375 0.0515625
15 0.4703125 0.453125 0.0875 0.0515625
15 0.7546875 0.48359375 0.084375 0.0640625
16 0.5484375 0.590625 0.071875 0.05
16 0.21796875 0.465625 0.06875 0.0453125
17 0.23203125 0.4109375 0.0609375 0.075
17 0.63671875 0.4875 0.0796875 0.046875
18 0.35625 0.39765625 0.0703125 0.04453125
18 0.5109375 0.18046875 0.0703125 0.059375
19 0.5734375 0.4421875 0.0703125 0.05390625
19 0.52734375 0.2375 0.06640625 0.04296875
20 0.32109375 0.50625 0.0390625 0.0515625
20 0.55703125 0.39140625 0.05859375 0.0453125
21 0.4140625 0.3375 0.06875 0.05234375
21 0.378125 0.434375 0.06484375 0.04765625
22 0.55234375 0.2890625 0.121875 0.06796875
22 0.3078125 0.4671875 0.08203125 0.115625