0 0.35390625 0.5296875 0.1640625 0.1
0 0.515625 0.65078125 0.07890625 0.22109375
1 0.55546875 0.84921875 0.06953125 0.20546875
1 0.159375 0.51484375 0.11171875 0.12109375
2 0.15625 0.3828125 0.09140625 0.18984375
2 0.39296875 0.2078125 0.05390625 0.1734375
3 0.2890625 0.696875 0.1375 0.1
3 0.79375 0.5984375 0.08984375 0.1578125
4 0.0984375 0.475 0.0390625 0.171875
4 0.39765625 0.60234375 0.065625 0.146875
8 0.375 0.45234375 0.12578125 0.0921875
8 0.61171875 0.553125 0.04375 0.16640625
9 0.4609375 0.41953125 0.10390625 0.09140625
9 0.55546875 0.26953125 0.1296875 0.0625
10 0.22109375 0.66328125 0.0875 0.115625
10 0.36015625 0.803125 0.115625 0.07421875
11 0.37421875 0.37734375 0.071875 0.10703125
11 0.359375 0.26640625 0.0453125 0.12109375
5 0.74375 0.3578125 0.09375 0.09140625
5 0.14609375 0.7578125 0.10234375 0.09609375
6 0.19375 0.44453125 0.09921875 0.0796875
6 0.5578125 0.078125 0.0578125 0.1328125
7 0.6765625 0.6046875 0.1046875 0.07421875
7 0.33359375 0.3125 0.04140625 0.125
12 0.86796875 0.7953125 0.0515625 0.11171875
12 0.76875 0.775 0.0796875 0.08046875
13 0.4109375 0.75625 0.096875 0.05703125
13 0.215625 0.3671875 0.0484375 0.10390625
14 0.56953125 0.5921875 0.05390625 0.10390625
14 0.3515625 0.54375 0.08671875 0.05078125
15 0.11328125 0.5921875 0.08203125 0.05859375
15 0.309375 0.47734375 0.05390625 0.084375
16 0.4015625 0.44296875 0.07109375 0.0625
16 0.259375 0.44765625 0.07578125 0.05234375
17 0.06953125 0.5328125 0.0453125 0.084375
17 0.41640625 0.5765625 0.07421875 0.046875
18 0.171875 0.5890625 0.05078125 0.06640625
18 0.1359375 0.3828125 0.03828125 0.08046875
19 0.2796875 0.8328125 0.06875 0.0640625
19 0.70859375 0.51953125 0.05625 0.07578125
20 0.6625 0.18203125 0.04609375 0.06484375
20 0.71796875 0.38515625 0.04140625 0.0546875
21 0.321875 0.20859375 0.05390625 0.0625
21 0.72265625 0.428125 0.0609375 0.0640625
22 0.85 0.52890625 0.1 0.07265625
23 0.12265625 0.73515625 0.05859375 0.06875