0 0.2515625 0.8171875 0.1 0.21484375
0 0.303125 0.81796875 0.11328125 0.2453125
1 0.603125 0.6984375 0.1828125 0.13125
1 0.415625 0.5359375 0.06953125 0.2921875
2 0.75 0.51953125 0.090625 0.2453125
2 0.76640625 0.29453125 0.12734375 0.18125
3 0.290625 0.41484375 0.14140625 0.171875
3 0.42421875 0.71328125 0.1578125 0.09765625
4 0.88984375 0.328125 0.16328125 0.14296875
4 0.21640625 0.41875 0.11875 0.1703125
8 0.51328125 0.0953125 0.11875 0.1046875
8 0.76953125 0.31015625 0.078125 0.15703125
9 0.32109375 0.30234375 0.090625 0.1203125
9 0.4203125 0.425 0.0796875 0.1859375
10 0.58984375 0.21875 0.12734375 0.065625
10 0.29453125 0.65859375 0.14375 0.08515625
11 0.79296875 0.49453125 0.0625 0.1859375
11 0.278125 0.41796875 0.11484375 0.09140625
5 0.434375 0.10546875 0.0734375 0.171875
5 0.4109375 0.8109375 0.13828125 0.08671875
6 0.5265625 0.33125 0.1078125 0.15859375
6 0.08828125 0.29765625 0.128125 0.1078125
7 0.19296875 0.6203125 0.0734375 0.1875
7 0.61953125 0.565625 0.15 0.071875
12 0.55546875 0.60390625 0.090625 0.11875
12 0.27421875 0.2421875 0.1109375 0.0703125
13 0.60703125 0.5390625 0.0515625 0.1640625
13 0.35625 0.1859375 0.10390625 0.0671875
14 0.34921875 0.265625 0.0828125 0.1109375
14 0.54296875 0.33125 0.10859375 0.08203125
15 0.39453125 0.246875 0.0515625 0.128125
15 0.2578125 0.57578125 0.09765625 0.059375
16 0.66875 0.4640625 0.08515625 0.109375
16 0.15625 0.41953125 0.07578125 0.1078125
17 0.18203125 0.29140625 0.05625 0.09140625
17 0.71953125 0.20625 0.0546875 0.1109375
18 0.24453125 0.52734375 0.06953125 0.08515625
18 0.28359375 0.62578125 0.0796875 0.0546875
19 0.30625 0.5015625 0.06953125 0.07578125
19 0.21484375 0.3390625 0.0515625 0.08046875
20 0.27265625 0.30234375 0.040625 0.07890625
20 0.2921875 0.16484375 0.05 0.07890625
21 0.634375 0.628125 0.071875 0.053125
21 0.49765625 0.12734375 0.06484375 0.071875
22 0.54921875 0.1875 0.1109375 0.1125
23 0.3453125 0.3984375 0.0515625 0.08359375