0 0.34921875 0.4390625 0.109375 0.103125
0 0.8015625 0.1796875 0.16171875 0.12109375
1 0.4453125 0.7234375 0.14140625 0.09453125
1 0.3546875 0.81640625 0.09765625 0.1671875
2 0.7890625 0.09765625 0.15 0.115625
2 0.2984375 0.659375 0.12734375 0.09765625
3 0.70078125 0.78125 0.09375 0.1234375
3 0.71015625 0.29375 0.16875 0.059375
4 0.3265625 0.51328125 0.13359375 0.06953125
4 0.6734375 0.66015625 0.14609375 0.0875
8 0.46953125 0.8203125 0.06953125 0.115625
8 0.65546875 0.74609375 0.103125 0.08828125
9 0.52109375 0.5875 0.10546875 0.10078125
9 0.3359375 0.72265625 0.1125 0.075
10 0.6953125 0.6625 0.1015625 0.0859375
10 0.56640625 0.74765625 0.11328125 0.05546875
11 0.25234375 0.77265625 0.053125 0.1109375
11 0.58984375 0.62109375 0.071875 0.10078125
5 0.5515625 0.8953125 0.12734375 0.04453125
5 0.775 0.09453125 0.12421875 0.05234375
6 0.77578125 0.2234375 0.121875 0.0546875
6 0.3734375 0.628125 0.04140625 0.0921875
7 0.3046875 0.59375 0.11796875 0.0359375
7 0.13671875 0.63203125 0.12421875 0.06953125
12 0.6140625 0.696875 0.0578125 0.06796875
12 0.7671875 0.1578125 0.0828125 0.084375
13 0.3453125 0.55234375 0.08984375 0.0625
13 0.66875 0.34765625 0.0921875 0.04296875
14 0.28984375 0.5 0.09921875 0.0375
14 0.675 0.8484375 0.10703125 0.03515625
15 0.2390625 0.56328125 0.05625 0.071875
15 0.59921875 0.79765625 0.071875 0.0546875
16 0.56953125 0.703125 0.0484375 0.0671875
16 0.39765625 0.559375 0.04921875 0.0625
17 0.40546875 0.77265625 0.07109375 0.05546875
17 0.5296875 0.93125 0.071875 0.0578125
18 0.5453125 0.62421875 0.06953125 0.03828125
18 0.4078125 0.45625 0.04296875 0.0609375
19 0.50703125 0.51953125 0.06953125 0.04296875
19 0.12734375 0.5453125 0.0453125 0.06484375
20 0.23203125 0.6796875 0.0578125 0.0453125
20 0.665625 0.0578125 0.075 0.04296875
21 0.50234375 0.56328125 0.0578125 0.0359375
21 0.73984375 0.2 0.06015625 0.05
22 0.359375 0.8578125 0.13671875 0.06796875
23 0.82265625 0.2359375 0.0765625 0.0359375