0 0.75703125 0.2640625 0.19296875 0.171875
0 0.3703125 0.18984375 0.13515625 0.19765625
1 0.403125 0.3765625 0.10625 0.24375
1 0.36484375 0.47578125 0.21484375 0.153125
2 0.78984375 0.56953125 0.20078125 0.12265625
2 0.67421875 0.7015625 0.15859375 0.1609375
3 0.7640625 0.4328125 0.14921875 0.13046875
3 0.85703125 0.59921875 0.20390625 0.06875
4 0.1 0.57265625 0.07421875 0.1796875
4 0.18828125 0.61875 0.14765625 0.1484375
8 0.66953125 0.56796875 0.08203125 0.1828125
8 0.47578125 0.665625 0.13828125 0.0859375
9 0.540625 0.771875 0.13359375 0.09375
9 0.47890625 0.225 0.171875 0.078125
10 0.38359375 0.834375 0.11875 0.0953125
10 0.2640625 0.859375 0.1171875 0.11328125
11 0.59921875 0.8703125 0.14453125 0.084375
11 0.65703125 0.41328125 0.07734375 0.12890625
5 0.53359375 0.3140625 0.1109375 0.15625
5 0.21796875 0.49921875 0.15234375 0.08125
6 0.565625 0.57421875 0.1234375 0.12890625
6 0.2 0.68828125 0.08359375 0.1015625
7 0.29765625 0.41484375 0.1234375 0.1
7 0.35078125 0.896875 0.13515625 0.0953125
12 0.61640625 0.53046875 0.0515625 0.12421875
12 0.47421875 0.4 0.1265625 0.0796875
13 0.4921875 0.48046875 0.09609375 0.11328125
13 0.40390625 0.48828125 0.0625 0.11015625
14 0.4875 0.709375 0.09296875 0.096875
14 0.25703125 0.7390625 0.109375 0.0828125
15 0.309375 0.28984375 0.09296875 0.10546875
15 0.16171875 0.3375 0.07421875 0.11484375
16 0.2328125 0.4296875 0.0609375 0.10859375
16 0.171875 0.425 0.109375 0.0703125
17 0.39609375 0.6421875 0.08515625 0.075
17 0.57890625 0.53359375 0.059375 0.0859375
18 0.1359375 0.61640625 0.06875 0.0703125
18 0.46015625 0.2078125 0.07421875 0.090625
19 0.65234375 0.28125 0.08359375 0.071875
19 0.64453125 0.615625 0.0625 0.071875
20 0.32890625 0.5640625 0.07890625 0.05390625
20 0.2546875 0.33046875 0.071875 0.05546875
21 0.8234375 0.725 0.0515625 0.096875
21 0.55859375 0.0859375 0.0609375 0.0828125
22 0.40703125 0.88125 0.1140625 0.12578125
23 0.4375 0.55546875 0.071875 0.05703125