0 0.140625 0.803125 0.17890625 0.134375
0 0.25703125 0.4171875 0.16015625 0.128125
1 0.734375 0.1265625 0.16171875 0.14609375
1 0.3890625 0.48671875 0.09453125 0.2859375
2 0.465625 0.72734375 0.171875 0.16328125
2 0.571875 0.234375 0.19375 0.10234375
3 0.3328125 0.28125 0.14140625 0.1078125
3 0.8671875 0.48125 0.1734375 0.11953125
4 0.3609375 0.42734375 0.14609375 0.1578125
4 0.5890625 0.29609375 0.09765625 0.20390625
8 0.54140625 0.2296875 0.12265625 0.1703125
8 0.27265625 0.56796875 0.13828125 0.18203125
9 0.81484375 0.80625 0.0609375 0.1953125
9 0.7640625 0.5796875 0.153125 0.0625
10 0.7453125 0.29375 0.046875 0.18515625
10 0.23984375 0.52890625 0.14765625 0.05234375
11 0.2203125 0.259375 0.053125 0.1484375
11 0.271875 0.8828125 0.07421875 0.16796875
5 0.475 0.55546875 0.05546875 0.1921875
5 0.29765625 0.31484375 0.14296875 0.05234375
6 0.55859375 0.83984375 0.14765625 0.08125
6 0.69296875 0.24140625 0.1046875 0.1265625
7 0.18359375 0.68515625 0.10625 0.13984375
7 0.4515625 0.14375 0.06640625 0.09765625
12 0.2421875 0.65 0.10703125 0.084375
12 0.5640625 0.621875 0.10234375 0.065625
13 0.4015625 0.2640625 0.071875 0.09296875
13 0.565625 0.31796875 0.0859375 0.09296875
14 0.42890625 0.81875 0.11796875 0.05390625
14 0.3234375 0.55703125 0.1 0.0671875
15 0.51328125 0.3875 0.04453125 0.1140625
15 0.38671875 0.20390625 0.096875 0.0609375
16 0.56953125 0.41328125 0.07109375 0.0890625
16 0.35 0.76484375 0.09765625 0.05078125
17 0.52890625 0.13828125 0.06953125 0.0875
17 0.765625 0.52890625 0.071875 0.084375
18 0.240625 0.75234375 0.0640625 0.07890625
18 0.57890625 0.9171875 0.08046875 0.05234375
19 0.17890625 0.43046875 0.07109375 0.05078125
19 0.72734375 0.61796875 0.07890625 0.04921875
20 0.3328125 0.3421875 0.05546875 0.0453125
20 0.39609375 0.5203125 0.0515625 0.040625
21 0.37890625 0.88125 0.04140625 0.0890625
21 0.55859375 0.7375 0.0421875 0.084375
22 0.7 0.8171875 0.0859375 0.15625
23 0.4046875 0.19453125 0.046875 0.07421875