0 0.5703125 0.35703125 0.20859375 0.12890625
0 0.75390625 0.3109375 0.16875 0.1859375
1 0.33984375 0.76875 0.0984375 0.23359375
1 0.5796875 0.25234375 0.10546875 0.16953125
2 0.6359375 0.65546875 0.11875 0.17890625
2 0.384375 0.4359375 0.1078125 0.1890625
3 0.10859375 0.4265625 0.109375 0.20703125
3 0.30703125 0.32578125 0.16875 0.1015625
4 0.87265625 0.58515625 0.13515625 0.14140625
4 0.81875 0.55 0.075 0.2640625
8 0.46875 0.1890625 0.06640625 0.25
8 0.30546875 0.21484375 0.16015625 0.13046875
9 0.26015625 0.725 0.11875 0.1140625
9 0.77109375 0.27734375 0.07890625 0.20546875
10 0.49765625 0.59609375 0.1109375 0.12890625
10 0.7875 0.29921875 0.13984375 0.13046875
11 0.7484375 0.6921875 0.1328125 0.0625
11 0.60703125 0.7359375 0.09140625 0.1390625
5 0.8546875 0.6859375 0.06640625 0.17890625
5 0.6734375 0.4921875 0.15234375 0.06953125
6 0.51328125 0.6921875 0.10234375 0.13359375
6 0.3828125 0.6671875 0.109375 0.18359375
7 0.49296875 0.8359375 0.1171875 0.11796875
7 0.65234375 0.60859375 0.07578125 0.15390625
12 0.6421875 0.81328125 0.05703125 0.13359375
12 0.17734375 0.49609375 0.11875 0.09609375
13 0.42890625 0.50859375 0.075 0.1140625
13 0.7140625 0.6890625 0.046875 0.14609375
14 0.503125 0.53984375 0.10390625 0.10546875
14 0.2546875 0.57578125 0.096875 0.0984375
15 0.7015625 0.82890625 0.11171875 0.0640625
15 0.2375 0.4671875 0.05703125 0.13359375
16 0.3265625 0.2375 0.08828125 0.09609375
16 0.496875 0.54453125 0.0453125 0.12890625
17 0.73203125 0.76875 0.05546875 0.11640625
17 0.68671875 0.3921875 0.084375 0.08046875
18 0.534375 0.33359375 0.05390625 0.09609375
18 0.690625 0.59765625 0.04296875 0.10546875
19 0.496875 0.4484375 0.0578125 0.0859375
19 0.32109375 0.3078125 0.08046875 0.06640625
20 0.134375 0.5984375 0.06953125 0.0640625
20 0.75 0.625 0.0625 0.0609375
21 0.59140625 0.53046875 0.0625 0.08203125
21 0.8703125 0.49609375 0.06953125 0.08203125
22 0.5328125 0.8671875 0.13671875 0.11953125
22 0.24375 0.6296875 0.14921875 0.09453125