0 0.5859375 0.7234375 0.2 0.1453125
0 0.5515625 0.35703125 0.1796875 0.10859375
1 0.69140625 0.72734375 0.18125 0.11875
1 0.56171875 0.8890625 0.19453125 0.09765625
2 0.715625 0.8234375 0.16796875 0.05625
2 0.64453125 0.19921875 0.0734375 0.1921875
3 0.1546875 0.30625 0.1359375 0.1171875
3 0.57734375 0.18515625 0.11484375 0.14453125
4 0.46328125 0.4953125 0.0484375 0.15546875
4 0.27265625 0.87734375 0.1328125 0.103125
8 0.078125 0.50546875 0.11015625 0.1375
8 0.44921875 0.66953125 0.12421875 0.0921875
9 0.31640625 0.7 0.1046875 0.08515625
9 0.17265625 0.6859375 0.0671875 0.153125
10 0.45234375 0.2859375 0.11328125 0.08515625
10 0.23046875 0.1921875 0.12265625 0.0765625
11 0.21953125 0.63046875 0.06484375 0.12421875
11 0.53125 0.615625 0.046875 0.1359375
5 0.384375 0.06328125 0.1 0.07890625
5 0.14921875 0.6625 0.09921875 0.08359375
6 0.81796875 0.40703125 0.1203125 0.059375
6 0.47109375 0.47734375 0.11015625 0.046875
7 0.79765625 0.5 0.09140625 0.075
7 0.25546875 0.37109375 0.10703125 0.046875
12 0.4546875 0.18359375 0.09140625 0.06796875
12 0.26171875 0.28515625 0.09140625 0.04921875
13 0.60078125 0.65390625 0.0703125 0.103125
13 0.25 0.44375 0.09140625 0.059375
14 0.15703125 0.553125 0.0703125 0.09609375
14 0.4078125 0.503125 0.05546875 0.10625
15 0.24140625 0.32734375 0.07734375 0.04921875
15 0.92734375 0.51796875 0.0640625 0.0875
16 0.5859375 0.3546875 0.059375 0.08359375
16 0.4140625 0.1484375 0.07578125 0.08203125
17 0.64296875 0.30546875 0.0578125 0.0765625
17 0.61796875 0.15234375 0.0671875 0.071875
18 0.1828125 0.41875 0.06875 0.05625
18 0.475 0.86875 0.03984375 0.08203125
19 0.7265625 0.275 0.06484375 0.06640625
19 0.54296875 0.4078125 0.05078125 0.078125
20 0.24921875 0.24453125 0.04921875 0.0625
20 0.3234375 0.43671875 0.053125 0.06484375
21 0.4796875 0.23515625 0.059375 0.0609375
21 0.60859375 0.51875 0.0640625 0.06640625
22 0.40390625 0.3453125 0.10859375 0.08515625
22 0.3875 0.52421875 0.11328125 0.078125