0 0.65234375 0.27578125 0.2078125 0.2203125
0 0.7359375 0.41328125 0.2296875 0.11875
1 0.178125 0.546875 0.2078125 0.128125
1 0.2765625 0.33515625 0.1046875 0.27578125
2 0.64453125 0.1515625 0.20625 0.08515625
2 0.3015625 0.628125 0.1046875 0.1453125
3 0.18984375 0.28828125 0.11015625 0.13359375
3 0.728125 0.890625 0.21875 0.071875
4 0.72265625 0.40546875 0.13671875 0.18203125
4 0.4609375 0.459375 0.16953125 0.14375
8 0.2859375 0.51796875 0.1390625 0.1453125
8 0.82421875 0.653125 0.08671875 0.196875
9 0.4234375 0.15078125 0.128125 0.13984375
9 0.2125 0.3875 0.17734375 0.10546875
10 0.496875 0.17265625 0.0578125 0.16875
10 0.70234375 0.30625 0.06640625 0.16015625
11 0.496875 0.54921875 0.11171875 0.1171875
11 0.42109375 0.42734375 0.15859375 0.05546875
5 0.59609375 0.65078125 0.09921875 0.1203125
5 0.69609375 0.725 0.13671875 0.11015625
6 0.40859375 0.103125 0.103125 0.09375
6 0.34140625 0.27265625 0.1046875 0.1515625
7 0.34765625 0.20078125 0.103125 0.1421875
7 0.6828125 0.80078125 0.0953125 0.121875
12 0.5671875 0.33671875 0.115625 0.071875
12 0.54921875 0.496875 0.046875 0.13671875
13 0.13203125 0.440625 0.09375 0.09375
13 0.7140625 0.334375 0.10078125 0.0921875
14 0.5640625 0.53125 0.1171875 0.0671875
14 0.53984375 0.271875 0.09921875 0.08203125
15 0.48515625 0.66796875 0.0796875 0.1
15 0.36953125 0.48671875 0.05234375 0.1015625
16 0.475 0.384375 0.09609375 0.06015625
16 0.69375 0.8046875 0.10625 0.06171875
17 0.60625 0.13515625 0.09375 0.0703125
17 0.84765625 0.8703125 0.07265625 0.0921875
18 0.65859375 0.20859375 0.08515625 0.046875
18 0.46328125 0.4265625 0.08125 0.03984375
19 0.2296875 0.54765625 0.046875 0.0734375
19 0.71015625 0.64296875 0.05390625 0.06171875
20 0.1953125 0.58359375 0.0609375 0.05703125
20 0.32890625 0.2765625 0.05546875 0.06640625
21 0.37890625 0.278125 0.07734375 0.0546875
21 0.30625 0.2375 0.07578125 0.0546875
22 0.75390625 0.59296875 0.1390625 0.09375
23 0.57578125 0.3953125 0.04921875 0.0734375