0 0.41796875 0.92890625 0.11171875 0.11953125
0 0.6171875 0.090625 0.10859375 0.06484375
1 0.57265625 0.8625 0.0984375 0.08984375
1 0.17109375 0.33203125 0.0921875 0.096875
2 0.43515625 0.35546875 0.11875 0.07578125
2 0.7 0.33125 0.06484375 0.08515625
3 0.8609375 0.12265625 0.06640625 0.15
3 0.715625 0.75625 0.08671875 0.12890625
4 0.79375 0.11484375 0.08515625 0.1375
4 0.4125 0.33515625 0.0875 0.065625
8 0.27578125 0.3421875 0.0859375 0.134375
8 0.7234375 0.72578125 0.12578125 0.07265625
9 0.80234375 0.40859375 0.1 0.08828125
9 0.5796875 0.60625 0.0609375 0.08125
10 0.76015625 0.17109375 0.08671875 0.09296875
10 0.40859375 0.11328125 0.084375 0.09453125
11 0.2859375 0.10234375 0.11015625 0.04140625
11 0.40859375 0.51484375 0.0890625 0.065625
5 0.32109375 0.50546875 0.0890625 0.07109375
5 0.22421875 0.18984375 0.06484375 0.11171875
6 0.06953125 0.30859375 0.09375 0.08359375
6 0.4609375 0.78984375 0.0796875 0.06015625
7 0.7421875 0.27109375 0.03359375 0.115625
7 0.5296875 0.62421875 0.06328125 0.09453125
12 0.17265625 0.54921875 0.0875 0.03359375
12 0.65234375 0.725 0.08046875 0.0375
13 0.79921875 0.4609375 0.08515625 0.04296875
13 0.73984375 0.77890625 0.0765625 0.04296875
14 0.30234375 0.85078125 0.08125 0.05234375
14 0.66328125 0.321875 0.06484375 0.06875
15 0.69453125 0.11328125 0.04921875 0.07421875
15 0.753125 0.103125 0.03515625 0.075
16 0.5984375 0.21015625 0.02890625 0.0875
16 0.7546875 0.15859375 0.06171875 0.06875
17 0.3125 0.35859375 0.06328125 0.03828125
17 0.54921875 0.78984375 0.02890625 0.071875
18 0.55390625 0.68359375 0.03828125 0.0625
18 0.8359375 0.47265625 0.05859375 0.03515625
19 0.69296875 0.41640625 0.04921875 0.053125
19 0.61171875 0.70078125 0.05703125 0.04765625
20 0.4921875 0.634375 0.03359375 0.05859375
20 0.8984375 0.24609375 0.04140625 0.04609375
21 0.9109375 0.33046875 0.05234375 0.03828125
21 0.4109375 0.49765625 0.05078125 0.03125
22 0.91015625 0.38984375 0.10390625 0.059375
23 0.49921875 0.81328125 0.03671875 0.04765625