0 0.4046875 0.87890625 0.16015625 0.11171875
0 0.42578125 0.45234375 0.20234375 0.2828125
1 0.790625 0.659375 0.24921875 0.190625
1 0.65625 0.54609375 0.29765625 0.0703125
2 0.2203125 0.3421875 0.1265625 0.1390625
2 0.315625 0.22109375 0.2296875 0.1375
3 0.72890625 0.384375 0.1921875 0.1234375
3 0.6078125 0.7140625 0.1796875 0.1015625
4 0.70390625 0.859375 0.11484375 0.13046875
4 0.48828125 0.4203125 0.11171875 0.1546875
8 0.50234375 0.7125 0.1375 0.1734375
8 0.35703125 0.25390625 0.16796875 0.1578125
9 0.09453125 0.63203125 0.07421875 0.2109375
9 0.53203125 0.19921875 0.1390625 0.1890625
10 0.51484375 0.88984375 0.09375 0.11640625
10 0.39453125 0.1328125 0.10859375 0.1078125
11 0.5734375 0.48125 0.13125 0.0875
11 0.2859375 0.5328125 0.146875 0.1078125
5 0.64609375 0.20234375 0.16171875 0.1375
5 0.4015625 0.52109375 0.0453125 0.1953125
6 0.2703125 0.70703125 0.1453125 0.1265625
6 0.18203125 0.63671875 0.0953125 0.14765625
7 0.6265625 0.23671875 0.1296875 0.1265625
7 0.72265625 0.42421875 0.128125 0.07734375
12 0.3546875 0.75078125 0.1 0.11484375
12 0.3484375 0.64609375 0.1015625 0.13203125
13 0.51640625 0.34609375 0.1265625 0.071875
13 0.496875 0.52578125 0.06015625 0.16328125
14 0.259375 0.63515625 0.04375 0.1421875
14 0.6890625 0.778125 0.12421875 0.053125
15 0.1671875 0.715625 0.0796875 0.1234375
15 0.51484375 0.66953125 0.0515625 0.13515625
16 0.7 0.6046875 0.11328125 0.05
16 0.284375 0.3078125 0.06171875 0.09765625
17 0.18984375 0.48828125 0.07109375 0.1078125
17 0.8078125 0.51171875 0.084375 0.1015625
18 0.75703125 0.66484375 0.084375 0.0671875
18 0.38828125 0.50859375 0.0875 0.08046875
19 0.434375 0.60859375 0.07734375 0.06875
19 0.6234375 0.50390625 0.06796875 0.06875
20 0.48828125 0.66171875 0.0546875 0.05859375
20 0.50078125 0.4265625 0.05625 0.0703125
21 0.39609375 0.33125 0.07265625 0.04765625
21 0.634375 0.60546875 0.0515625 0.0890625
22 0.50390625 0.8359375 0.1703125 0.0671875
23 0.66875 0.646875 0.06796875 0.04765625