0 0.41328125 0.446875 0.13671875 0.1125
0 0.70625 0.509375 0.10625 0.159375
1 0.64375 0.7828125 0.0578125 0.16015625
1 0.80390625 0.86640625 0.12421875 0.0953125
2 0.81171875 0.8203125 0.07421875 0.15625
2 0.66796875 0.509375 0.0703125 0.08125
3 0.66171875 0.9484375 0.11875 0.0859375
3 0.4109375 0.7078125 0.08125 0.08515625
4 0.40625 0.59296875 0.0765625 0.1171875
4 0.67109375 0.79609375 0.046875 0.13125
8 0.56328125 0.8765625 0.09375 0.0625
8 0.71484375 0.81015625 0.10546875 0.0515625
9 0.50234375 0.76953125 0.05078125 0.1234375
9 0.47265625 0.68671875 0.04140625 0.1359375
10 0.61328125 0.9 0.0875 0.0484375
10 0.41484375 0.5734375 0.0328125 0.1171875
11 0.3796875 0.4859375 0.05234375 0.06640625
11 0.471875 0.6828125 0.08125 0.05546875
5 0.7984375 0.7234375 0.053125 0.1125
5 0.55078125 0.6625 0.04375 0.0859375
6 0.559375 0.60078125 0.08046875 0.06171875
6 0.61875 0.6609375 0.05078125 0.07109375
7 0.69609375 0.5734375 0.05625 0.0796875
7 0.23125 0.27734375 0.0453125 0.115625
12 0.82109375 0.70390625 0.0703125 0.0671875
12 0.840625 0.659375 0.06640625 0.06171875
13 0.2859375 0.34296875 0.03984375 0.08203125
13 0.58515625 0.925 0.053125 0.0609375
14 0.70859375 0.62578125 0.05703125 0.0640625
14 0.49375 0.796875 0.05625 0.06875
15 0.2796875 0.29609375 0.05625 0.0625
15 0.59453125 0.621875 0.03203125 0.0703125
16 0.50078125 0.59453125 0.0453125 0.0703125
16 0.721875 0.7578125 0.06953125 0.0375
17 0.5828125 0.7328125 0.03125 0.06640625
17 0.625 0.56171875 0.02734375 0.06953125
18 0.60546875 0.72109375 0.04375 0.04765625
18 0.7234375 0.78984375 0.04375 0.046875
19 0.65 0.65 0.04375 0.04765625
19 0.5625 0.78203125 0.04921875 0.040625
20 0.784375 0.80234375 0.02734375 0.0515625
20 0.32265625 0.3734375 0.0265625 0.059375
21 0.53203125 0.56328125 0.04140625 0.04765625
21 0.62109375 0.6234375 0.04375 0.0328125
22 0.425 0.78203125 0.05 0.11640625
23 0.04375 0.03046875 0.046875 0.059375