0 0.459375 0.54375 0.1375 0.18203125
0 0.6859375 0.60625 0.11875 0.20234375
1 0.4 0.12109375 0.24609375 0.14609375
1 0.5734375 0.51640625 0.19296875 0.2265625
2 0.36640625 0.3625 0.06484375 0.2859375
2 0.1953125 0.47265625 0.09765625 0.25859375
3 0.73125 0.72734375 0.10703125 0.21953125
3 0.2734375 0.57109375 0.1296875 0.14609375
4 0.5703125 0.73046875 0.12578125 0.20546875
4 0.4125 0.49765625 0.08359375 0.22265625
8 0.09609375 0.46953125 0.05 0.265625
8 0.80234375 0.58828125 0.06484375 0.24453125
9 0.34921875 0.784375 0.1515625 0.10234375
9 0.840625 0.23984375 0.1390625 0.16328125
10 0.825 0.39375 0.1546875 0.08359375
10 0.20625 0.7765625 0.15078125 0.096875
11 0.2546875 0.3625 0.07421875 0.153125
11 0.246875 0.45234375 0.1296875 0.0984375
5 0.659375 0.2828125 0.07421875 0.18515625
5 0.2546875 0.38046875 0.13203125 0.11015625
6 0.4828125 0.88046875 0.1015625 0.1
6 0.209375 0.13515625 0.1390625 0.1
7 0.70625 0.4421875 0.09375 0.0921875
7 0.35546875 0.64296875 0.05 0.190625
12 0.16015625 0.35546875 0.10859375 0.07109375
12 0.5703125 0.57734375 0.10703125 0.09375
13 0.60078125 0.43515625 0.04609375 0.14609375
13 0.56640625 0.60625 0.08203125 0.1140625
14 0.20703125 0.28671875 0.1125 0.08984375
14 0.67421875 0.77578125 0.078125 0.12578125
15 0.38984375 0.68125 0.06875 0.08984375
15 0.6125 0.8484375 0.09375 0.08828125
16 0.3578125 0.86171875 0.103125 0.06328125
16 0.28828125 0.2046875 0.04921875 0.1375
17 0.70703125 0.26953125 0.059375 0.1140625
17 0.509375 0.690625 0.08828125 0.0609375
18 0.57890625 0.2984375 0.0703125 0.08984375
18 0.53046875 0.76796875 0.078125 0.0765625
19 0.40390625 0.21015625 0.06640625 0.08671875
19 0.32890625 0.478125 0.07109375 0.0578125
20 0.715625 0.35 0.059375 0.06796875
20 0.34140625 0.42734375 0.05390625 0.0796875
21 0.44453125 0.203125 0.040625 0.09375
21 0.74609375 0.565625 0.05546875 0.08671875
22 0.459375 0.290625 0.1375 0.14609375
22 0.70234375 0.57890625 0.059375 0.175