0 0.4625 0.7703125 0.13671875 0.196875
0 0.49921875 0.28046875 0.2046875 0.16953125
1 0.18359375 0.32109375 0.171875 0.20078125
1 0.434375 0.33828125 0.096875 0.23125
2 0.5140625 0.5390625 0.07734375 0.190625
2 0.2546875 0.58203125 0.13984375 0.13515625
3 0.2171875 0.2109375 0.14375 0.09765625
3 0.834375 0.18125 0.08203125 0.15859375
4 0.57578125 0.81171875 0.128125 0.16875
4 0.23828125 0.6046875 0.08828125 0.21953125
8 0.51796875 0.66640625 0.103125 0.0984375
8 0.225 0.5203125 0.07734375 0.17109375
9 0.1625 0.421875 0.06171875 0.2140625
9 0.70859375 0.67734375 0.11484375 0.09609375
10 0.6671875 0.62734375 0.1 0.1390625
10 0.35078125 0.1625 0.1203125 0.04765625
11 0.3890625 0.8421875 0.0546875 0.1671875
11 0.31640625 0.28203125 0.08046875 0.1046875
5 0.30078125 0.1953125 0.090625 0.115625
5 0.88515625 0.16953125 0.1046875 0.08828125
6 0.340625 0.3109375 0.07265625 0.1140625
6 0.6328125 0.49453125 0.05390625 0.15859375
7 0.3078125 0.43359375 0.0546875 0.16484375
7 0.45859375 0.77734375 0.06875 0.128125
12 0.79140625 0.21015625 0.065625 0.12421875
12 0.80625 0.6390625 0.08515625 0.05703125
13 0.45234375 0.88203125 0.03359375 0.1296875
13 0.1421875 0.22734375 0.07265625 0.10859375
14 0.540625 0.43515625 0.08671875 0.04765625
14 0.78828125 0.57734375 0.08125 0.0546875
15 0.68984375 0.47890625 0.0609375 0.10234375
15 0.4984375 0.9390625 0.0875 0.0515625
16 0.6328125 0.49375 0.06875 0.0921875
16 0.70390625 0.7078125 0.075 0.08046875
17 0.48046875 0.29296875 0.065625 0.046875
17 0.48671875 0.91796875 0.03046875 0.11640625
18 0.140625 0.4109375 0.03828125 0.10390625
18 0.5578125 0.88125 0.0546875 0.07109375
19 0.76015625 0.69375 0.0625 0.0703125
19 0.06875 0.13671875 0.06640625 0.05859375
20 0.7234375 0.4859375 0.034375 0.07109375
20 0.659375 0.76640625 0.0546875 0.0515625
21 0.68359375 0.55859375 0.0421875 0.0765625
21 0.74609375 0.61875 0.05390625 0.05703125
22 0.84765625 0.5859375 0.1140625 0.09453125
22 0.41953125 0.83359375 0.0375 0.196875