0 0.23984375 0.65703125 0.13359375 0.18984375
0 0.45078125 0.1203125 0.22109375 0.15234375
1 0.784375 0.7953125 0.14140625 0.24765625
1 0.49375 0.73203125 0.23984375 0.18984375
2 0.6046875 0.45234375 0.246875 0.065625
2 0.446875 0.48046875 0.25078125 0.14609375
3 0.4171875 0.54140625 0.184375 0.175
3 0.43046875 0.4921875 0.109375 0.14609375
4 0.68828125 0.628125 0.2359375 0.065625
4 0.28046875 0.8515625 0.2078125 0.14140625
8 0.13046875 0.625 0.1453125 0.15625
8 0.440625 0.8109375 0.19296875 0.12890625
9 0.41015625 0.39453125 0.13203125 0.13203125
9 0.59453125 0.1515625 0.1375 0.15078125
10 0.19453125 0.38671875 0.0875 0.14765625
10 0.6265625 0.278125 0.15234375 0.121875
11 0.3921875 0.20546875 0.1671875 0.0453125
11 0.6421875 0.746875 0.0984375 0.13203125
5 0.715625 0.5015625 0.1671875 0.08203125
5 0.56796875 0.7484375 0.16171875 0.0625
6 0.509375 0.40078125 0.14140625 0.1046875
6 0.43125 0.2953125 0.15234375 0.1109375
7 0.32890625 0.70859375 0.13359375 0.103125
7 0.4234375 0.14609375 0.1671875 0.1
12 0.36875 0.24765625 0.13203125 0.0609375
12 0.61953125 0.54375 0.06484375 0.109375
13 0.09453125 0.52578125 0.12265625 0.09140625
13 0.82421875 0.66484375 0.109375 0.09609375
14 0.50390625 0.88671875 0.11875 0.09609375
14 0.43046875 0.87890625 0.0984375 0.07109375
15 0.30078125 0.4578125 0.08515625 0.09453125
15 0.646875 0.28359375 0.1265625 0.08046875
16 0.240625 0.50390625 0.08359375 0.0984375
16 0.71875 0.57109375 0.109375 0.07265625
17 0.53125 0.678125 0.09296875 0.07578125
17 0.571875 0.5140625 0.09140625 0.07734375
18 0.33359375 0.8125 0.09140625 0.0625
18 0.51328125 0.55078125 0.05546875 0.08046875
19 0.39296875 0.62265625 0.09140625 0.06875
19 0.29609375 0.90390625 0.07265625 0.07578125
20 0.378125 0.5609375 0.06171875 0.0609375
20 0.346875 0.29140625 0.07265625 0.0640625
21 0.21484375 0.6421875 0.07265625 0.065625
21 0.109375 0.6640625 0.07421875 0.0609375
22 0.45625 0.828125 0.1953125 0.08515625
22 0.6265625 0.278125 0.15234375 0.121875
23 0.15234375 0.51328125 0.096875 0.05625