0 0.73515625 0.765625 0.153125 0.21953125
0 0.6015625 0.20546875 0.10390625 0.196875
1 0.3390625 0.3 0.17265625 0.23125
1 0.56875 0.390625 0.175 0.20390625
2 0.22734375 0.325 0.1359375 0.19375
2 0.6515625 0.65703125 0.16484375 0.16328125
3 0.59375 0.63984375 0.12265625 0.19375
3 0.27421875 0.28515625 0.18671875 0.0921875
4 0.38359375 0.1453125 0.09765625 0.17109375
4 0.6625 0.7140625 0.12890625 0.184375
8 0.8984375 0.38125 0.1 0.16484375
8 0.52421875 0.1625 0.0578125 0.1984375
9 0.38671875 0.3640625 0.140625 0.06640625
9 0.4546875 0.4515625 0.08671875 0.1828125
10 0.28359375 0.8109375 0.05546875 0.16796875
10 0.34609375 0.44765625 0.12265625 0.07109375
11 0.62109375 0.47578125 0.11484375 0.1015625
11 0.3 0.6953125 0.109375 0.10859375
5 0.671875 0.3796875 0.103125 0.11015625
5 0.47734375 0.65625 0.1171875 0.10625
6 0.1375 0.5328125 0.0828125 0.1359375
6 0.0875 0.57421875 0.12265625 0.07890625
7 0.31796875 0.103125 0.13046875 0.08046875
7 0.128125 0.39375 0.04765625 0.153125
12 0.50625 0.83671875 0.1109375 0.0578125
12 0.790625 0.8359375 0.1 0.06640625
13 0.48984375 0.60234375 0.05390625 0.10625
13 0.2078125 0.3984375 0.0859375 0.11171875
14 0.5421875 0.93046875 0.09609375 0.08046875
14 0.81328125 0.54765625 0.04609375 0.12890625
15 0.43125 0.2703125 0.06484375 0.11171875
15 0.371875 0.78203125 0.05703125 0.11015625
16 0.6046875 0.39921875 0.07890625 0.0875
16 0.1921875 0.5140625 0.05546875 0.103125
17 0.23203125 0.59140625 0.065625 0.08046875
17 0.8125 0.31796875 0.0828125 0.08046875
18 0.27265625 0.1828125 0.0609375 0.08046875
18 0.340625 0.40546875 0.06171875 0.06484375
19 0.75 0.38046875 0.0515625 0.0890625
19 0.4875 0.8890625 0.05546875 0.0890625
20 0.78359375 0.4421875 0.0421875 0.07578125
20 0.2421875 0.08828125 0.0578125 0.06328125
21 0.4609375 0.7640625 0.06328125 0.07109375
21 0.35625 0.54453125 0.059375 0.07734375
22 0.38515625 0.47265625 0.13046875 0.10859375
22 0.20390625 0.1796875 0.07890625 0.11328125