0 0.9140625 0.92734375 0.146875 0.1203125
0 0.2390625 0.07890625 0.13671875 0.153125
1 0.18515625 0.21328125 0.15859375 0.10546875
1 0.4859375 0.2828125 0.14453125 0.11171875
2 0.525 0.54765625 0.09296875 0.1421875
2 0.4453125 0.68359375 0.0828125 0.115625
3 0.28125 0.6546875 0.11953125 0.0890625
3 0.753125 0.22734375 0.1078125 0.10234375
4 0.10703125 0.68671875 0.09140625 0.13984375
4 0.85546875 0.875 0.13203125 0.07734375
8 0.64140625 0.93203125 0.13046875 0.096875
8 0.3234375 0.27578125 0.11875 0.06640625
9 0.38828125 0.94453125 0.07734375 0.0734375
9 0.29375 0.80234375 0.11875 0.071875
10 0.41171875 0.5203125 0.0734375 0.1
10 0.171875 0.13125 0.06875 0.0859375
11 0.03671875 0.596875 0.04296875 0.1296875
11 0.3359375 0.39140625 0.10234375 0.03984375
5 0.37421875 0.45859375 0.07421875 0.09296875
5 0.5453125 0.8015625 0.1 0.06171875
6 0.384375 0.875 0.103125 0.05859375
6 0.49375 0.36953125 0.0484375 0.11796875
7 0.12421875 0.56640625 0.10546875 0.040625
7 0.62109375 0.2953125 0.103125 0.0390625
12 0.31015625 0.4546875 0.040625 0.10546875
12 0.1171875 0.6875 0.0796875 0.0734375
13 0.459375 0.51328125 0.06171875 0.08359375
13 0.1171875 0.6875 0.0796875 0.0734375
14 0.14765625 0.61953125 0.0609375 0.08359375
14 0.11796875 0.30703125 0.04375 0.10390625
15 0.7109375 0.2140625 0.06171875 0.0625
15 0.2734375 0.56875 0.0703125 0.05390625
16 0.19609375 0.52421875 0.04375 0.090625
16 0.3734375 0.8125 0.07265625 0.05234375
17 0.4265625 0.46640625 0.0625 0.03359375
17 0.35546875 0.8984375 0.06015625 0.0390625
18 0.20546875 0.14296875 0.0515625 0.05703125
18 0.2953125 0.3203125 0.0359375 0.06015625
19 0.51328125 0.86328125 0.0390625 0.0734375
19 0.60390625 0.85 0.0640625 0.0375
20 0.271875 0.325 0.0375 0.05859375
20 0.3125 0.225 0.05859375 0.0390625
21 0.73828125 0.103125 0.03046875 0.0671875
21 0.15 0.31328125 0.03125 0.0625
22 0.55859375 0.75546875 0.09921875 0.07578125
23 0.19375 0.7234375 0.04765625 0.05