0 0.82890625 0.1765625 0.18984375 0.16171875
0 0.24765625 0.7625 0.16484375 0.21484375
1 0.65859375 0.13515625 0.1203125 0.2546875
1 0.24921875 0.7640625 0.16484375 0.21484375
2 0.3609375 0.86640625 0.23828125 0.05625
2 0.22890625 0.19609375 0.14765625 0.13515625
3 0.521875 0.46171875 0.19453125 0.09140625
3 0.18125 0.5234375 0.10078125 0.17109375
4 0.74453125 0.62109375 0.22265625 0.0828125
4 0.64375 0.70703125 0.11484375 0.14921875
8 0.453125 0.2765625 0.10625 0.11328125
8 0.33828125 0.2375 0.16875 0.11484375
9 0.721875 0.73203125 0.17734375 0.0765625
9 0.34140625 0.81640625 0.0921875 0.16953125
10 0.41875 0.8453125 0.09375 0.14609375
10 0.7109375 0.51484375 0.08359375 0.14765625
11 0.49453125 0.90703125 0.17890625 0.053125
11 0.2546875 0.18828125 0.1859375 0.053125
5 0.4375 0.48203125 0.1375 0.11015625
5 0.521875 0.703125 0.16015625 0.0625
6 0.53125 0.61796875 0.13046875 0.12421875
6 0.13515625 0.25859375 0.11328125 0.12734375
7 0.3703125 0.13359375 0.14296875 0.08828125
7 0.49765625 0.8046875 0.125 0.10234375
12 0.421875 0.61796875 0.13046875 0.08671875
12 0.075 0.3515625 0.06640625 0.14140625
13 0.3828125 0.5171875 0.11796875 0.09609375
13 0.6484375 0.1875 0.125 0.0734375
14 0.5828125 0.6484375 0.09765625 0.09140625
14 0.55546875 0.52265625 0.0609375 0.09453125
15 0.92421875 0.18828125 0.0953125 0.09453125
15 0.40859375 0.23125 0.1109375 0.0578125
16 0.55390625 0.75234375 0.0609375 0.10078125
16 0.50625 0.58515625 0.06953125 0.10234375
17 0.590625 0.428125 0.09921875 0.0546875
17 0.728125 0.6640625 0.08515625 0.08125
18 0.6 0.8734375 0.06953125 0.08671875
18 0.56015625 0.20625 0.09765625 0.0453125
19 0.3859375 0.4109375 0.090625 0.05625
19 0.35859375 0.28515625 0.090625 0.0640625
20 0.55078125 0.25390625 0.05703125 0.0703125
20 0.5328125 0.47109375 0.05703125 0.071875
21 0.46875 0.5734375 0.07109375 0.0640625
21 0.55078125 0.634375 0.08515625 0.05
22 0.24296875 0.26015625 0.10625 0.14296875
23 0.43828125 0.36796875 0.05234375 0.08671875