0 0.88984375 0.509375 0.1390625 0.15703125
0 0.1546875 0.50703125 0.15390625 0.15390625
1 0.5671875 0.19609375 0.16953125 0.140625
1 0.57421875 0.521875 0.23828125 0.09609375
2 0.1109375 0.396875 0.13046875 0.1125
2 0.31328125 0.24453125 0.246875 0.0890625
3 0.40546875 0.8765625 0.1265625 0.13515625
3 0.35390625 0.675 0.19296875 0.0875
4 0.59296875 0.29921875 0.1640625 0.16328125
4 0.775 0.43984375 0.0984375 0.1953125
8 0.48359375 0.73515625 0.1046875 0.1453125
8 0.16640625 0.221875 0.13046875 0.1484375
9 0.52734375 0.0796875 0.19453125 0.05
9 0.6421875 0.79375 0.18125 0.0890625
10 0.221875 0.34609375 0.11875 0.12890625
10 0.79453125 0.61796875 0.17734375 0.05625
11 0.584375 0.29296875 0.17421875 0.06796875
11 0.578125 0.68671875 0.1609375 0.0515625
5 0.503125 0.409375 0.065625 0.140625
5 0.7375 0.79453125 0.159375 0.090625
6 0.9109375 0.42734375 0.0828125 0.1375
6 0.63671875 0.47890625 0.15703125 0.09453125
7 0.7265625 0.70703125 0.13359375 0.109375
7 0.62421875 0.73515625 0.14921875 0.09765625
12 0.4046875 0.1421875 0.121875 0.0828125
12 0.6078125 0.5984375 0.125 0.07421875
13 0.23359375 0.40546875 0.0984375 0.1078125
13 0.62109375 0.653125 0.12890625 0.053125
14 0.13359375 0.50234375 0.121875 0.06796875
14 0.12265625 0.30703125 0.15390625 0.04453125
15 0.54921875 0.83046875 0.0828125 0.09921875
15 0.80625 0.31015625 0.1234375 0.0609375
16 0.38984375 0.3984375 0.11015625 0.07734375
16 0.7015625 0.17265625 0.07265625 0.1078125
17 0.37890625 0.734375 0.08828125 0.07890625
17 0.40703125 0.765625 0.103125 0.06484375
18 0.48125 0.89765625 0.05546875 0.0859375
18 0.5 0.575 0.09609375 0.06796875
19 0.3 0.61484375 0.059375 0.0859375
19 0.26484375 0.23203125 0.0828125 0.090625
20 0.2625 0.4578125 0.05390625 0.07421875
20 0.8140625 0.4359375 0.0578125 0.06953125
21 0.59296875 0.4890625 0.07578125 0.05
21 0.428125 0.48359375 0.078125 0.04609375
22 0.33203125 0.1 0.1625 0.1171875
22 0.53046875 0.1703125 0.140625 0.10703125