0 0.7703125 0.51015625 0.10078125 0.23515625
0 0.2046875 0.3734375 0.16328125 0.13203125
1 0.2109375 0.44609375 0.1515625 0.15703125
1 0.2 0.5109375 0.2609375 0.08828125
2 0.75703125 0.21640625 0.22578125 0.140625
2 0.559375 0.86875 0.07421875 0.19375
3 0.50390625 0.50078125 0.19765625 0.14609375
3 0.0578125 0.4421875 0.115625 0.159375
4 0.85390625 0.68828125 0.19140625 0.15078125
4 0.8453125 0.56875 0.10078125 0.103125
8 0.76796875 0.71171875 0.16171875 0.1375
8 0.628125 0.43046875 0.21484375 0.05078125
9 0.7203125 0.11953125 0.13828125 0.1390625
9 0.6671875 0.6890625 0.12578125 0.06953125
10 0.5015625 0.2765625 0.1125 0.1140625
10 0.48125 0.7453125 0.09375 0.12578125
11 0.590625 0.365625 0.178125 0.0578125
11 0.43828125 0.59375 0.18515625 0.06328125
5 0.3375 0.7328125 0.140625 0.06953125
5 0.2859375 0.16328125 0.1171875 0.071875
6 0.60859375 0.5046875 0.1453125 0.11328125
6 0.4390625 0.86640625 0.18984375 0.08046875
7 0.8703125 0.11484375 0.1109375 0.06953125
7 0.65 0.503125 0.1421875 0.09453125
12 0.4234375 0.60859375 0.09609375 0.109375
12 0.4765625 0.746875 0.1453125 0.065625
13 0.5796875 0.7671875 0.1109375 0.09140625
13 0.3875 0.66484375 0.08046875 0.10625
14 0.35 0.290625 0.13984375 0.06953125
14 0.23203125 0.6640625 0.07265625 0.08671875
15 0.61328125 0.740625 0.1203125 0.0421875
15 0.44375 0.35625 0.11015625 0.06015625
16 0.334375 0.3375 0.10859375 0.04765625
16 0.64765625 0.1921875 0.13828125 0.0375
17 0.3578125 0.50234375 0.0859375 0.075
17 0.58515625 0.61875 0.0515625 0.078125
18 0.453125 0.534375 0.08125 0.06640625
18 0.27421875 0.56328125 0.06796875 0.06640625
19 0.7203125 0.8078125 0.07265625 0.06640625
19 0.16796875 0.49765625 0.059375 0.05703125
20 0.29140625 0.678125 0.04921875 0.05625
20 0.61484375 0.63671875 0.04921875 0.04765625
21 0.3734375 0.41640625 0.04296875 0.078125
21 0.16796875 0.6234375 0.05078125 0.0625
22 0.28359375 0.77578125 0.10390625 0.1453125
22 0.92734375 0.5640625 0.10390625 0.06796875