0 0.0859375 0.70546875 0.1375 0.140625
0 0.7265625 0.62421875 0.1171875 0.1703125
1 0.59609375 0.5671875 0.165625 0.15
1 0.38203125 0.828125 0.165625 0.2046875
2 0.18359375 0.88125 0.2453125 0.165625
2 0.20546875 0.6765625 0.1109375 0.22734375
3 0.4859375 0.8015625 0.1046875 0.1984375
3 0.69375 0.46171875 0.1828125 0.11796875
4 0.2171875 0.809375 0.15625 0.08828125
4 0.771875 0.21640625 0.2 0.1328125
8 0.6 0.14765625 0.1546875 0.09296875
8 0.35625 0.8421875 0.1203125 0.1734375
9 0.328125 0.528125 0.1703125 0.1328125
9 0.71953125 0.75625 0.175 0.12421875
10 0.4140625 0.22421875 0.0890625 0.1765625
10 0.721875 0.41640625 0.0984375 0.1859375
11 0.32578125 0.43046875 0.078125 0.1765625
11 0.68359375 0.121875 0.1875 0.08671875
5 0.37734375 0.60390625 0.159375 0.08828125
5 0.28203125 0.2171875 0.13125 0.15625
6 0.6140625 0.75234375 0.0859375 0.1703125
6 0.15234375 0.409375 0.1484375 0.153125
7 0.55703125 0.6125 0.15 0.10546875
7 0.73828125 0.29921875 0.121875 0.08984375
12 0.45390625 0.4390625 0.115625 0.08359375
12 0.64296875 0.44375 0.10625 0.134375
13 0.159375 0.690625 0.103125 0.11015625
13 0.58046875 0.23984375 0.096875 0.1265625
14 0.54375 0.315625 0.0828125 0.1453125
14 0.25703125 0.3671875 0.121875 0.10390625
15 0.153125 0.2703125 0.1125 0.08046875
15 0.465625 0.57734375 0.0921875 0.11640625
16 0.16328125 0.73828125 0.1046875 0.07890625
16 0.49140625 0.2203125 0.065625 0.13125
17 0.16328125 0.33203125 0.0984375 0.08046875
17 0.5296875 0.70703125 0.0859375 0.08671875
18 0.41484375 0.5078125 0.090625 0.08203125
18 0.48359375 0.3375 0.06875 0.08828125
19 0.3796875 0.4421875 0.0515625 0.10234375
19 0.42421875 0.71875 0.084375 0.07109375
20 0.66953125 0.21484375 0.065625 0.07265625
20 0.37890625 0.665625 0.08125 0.05390625
21 0.2984375 0.32890625 0.0859375 0.06171875
21 0.5859375 0.45703125 0.0609375 0.06953125
22 0.62578125 0.31171875 0.13125 0.11484375
22 0.87421875 0.63125 0.1140625 0.1484375