0 0.365625 0.3921875 0.103125 0.21796875
0 0.5546875 0.84921875 0.12734375 0.1890625
1 0.6703125 0.55390625 0.215625 0.13984375
1 0.165625 0.63828125 0.259375 0.1140625
2 0.60625 0.3 0.14921875 0.16015625
2 0.42421875 0.84140625 0.17265625 0.1125
3 0.15546875 0.3125 0.1609375 0.16875
3 0.228125 0.7171875 0.08515625 0.19453125
4 0.4640625 0.46171875 0.15078125 0.15703125
4 0.75390625 0.27578125 0.06640625 0.21484375
8 0.85390625 0.46171875 0.11875 0.2046875
8 0.3078125 0.4109375 0.18984375 0.078125
9 0.66640625 0.1234375 0.1625 0.0796875
9 0.24140625 0.55546875 0.1578125 0.115625
10 0.29296875 0.07890625 0.1453125 0.10703125
10 0.43359375 0.85078125 0.1359375 0.13125
11 0.08984375 0.6078125 0.08125 0.184375
11 0.33515625 0.20859375 0.09453125 0.1546875
5 0.35078125 0.79296875 0.0953125 0.15859375
5 0.25625 0.37734375 0.08984375 0.1546875
6 0.71953125 0.64453125 0.0625 0.171875
6 0.18359375 0.71640625 0.09453125 0.1140625
7 0.15859375 0.7921875 0.12890625 0.15
7 0.378125 0.159375 0.04921875 0.1546875
12 0.103125 0.453125 0.08671875 0.1359375
12 0.278125 0.80078125 0.075 0.146875
13 0.29921875 0.52578125 0.1203125 0.06640625
13 0.27265625 0.27890625 0.09296875 0.13125
14 0.803125 0.60546875 0.0953125 0.12421875
14 0.91796875 0.42265625 0.06484375 0.1328125
15 0.50078125 0.6140625 0.05625 0.1140625
15 0.8234375 0.3546875 0.0578125 0.1296875
16 0.51640625 0.3265625 0.05078125 0.1109375
16 0.43515625 0.14375 0.06640625 0.10390625
17 0.41796875 0.228125 0.07421875 0.0953125
17 0.421875 0.74609375 0.0578125 0.10546875
18 0.5 0.72109375 0.078125 0.06640625
18 0.43671875 0.5625 0.08515625 0.06171875
19 0.546875 0.0828125 0.0828125 0.090625
19 0.2421875 0.48984375 0.078125 0.0796875
20 0.44140625 0.415625 0.059375 0.08515625
20 0.72265625 0.37890625 0.06796875 0.06328125
21 0.403125 0.309375 0.08125 0.06328125
21 0.19375 0.61015625 0.05625 0.10234375
22 0.41875 0.93046875 0.159375 0.078125
22 0.67734375 0.3578125 0.140625 0.115625