0 0.28125 0.15 0.1515625 0.1828125
0 0.503125 0.16640625 0.240625 0.13828125
1 0.1609375 0.5296875 0.13203125 0.1984375
1 0.2296875 0.3203125 0.23828125 0.1296875
2 0.85 0.72734375 0.18125 0.24140625
2 0.61796875 0.88046875 0.1359375 0.12578125
3 0.8078125 0.51015625 0.21484375 0.15625
3 0.3234375 0.59921875 0.10625 0.196875
4 0.6265625 0.53359375 0.14765625 0.20703125
4 0.83125 0.396875 0.21875 0.07109375
8 0.39375 0.578125 0.14765625 0.1984375
8 0.76796875 0.2859375 0.10859375 0.2109375
9 0.440625 0.30546875 0.1515625 0.17265625
9 0.3640625 0.8609375 0.1359375 0.184375
10 0.40546875 0.58515625 0.14765625 0.103125
10 0.42421875 0.77890625 0.13828125 0.16640625
11 0.67734375 0.1703125 0.0765625 0.18671875
11 0.521875 0.15859375 0.1640625 0.14609375
5 0.1234375 0.4296875 0.08515625 0.13359375
5 0.2703125 0.434375 0.075 0.1828125
6 0.4703125 0.7515625 0.159375 0.15234375
6 0.3359375 0.853125 0.16796875 0.11953125
7 0.36171875 0.27109375 0.1640625 0.09921875
7 0.7625 0.2203125 0.0890625 0.184375
12 0.78671875 0.640625 0.1140625 0.121875
12 0.65 0.32578125 0.14765625 0.0625
13 0.60390625 0.66953125 0.10234375 0.1421875
13 0.27890625 0.65546875 0.0890625 0.10546875
14 0.21484375 0.74921875 0.09453125 0.16015625
14 0.48515625 0.59140625 0.07890625 0.1078125
15 0.40859375 0.434375 0.075 0.11796875
15 0.5234375 0.70625 0.07265625 0.109375
16 0.22578125 0.60234375 0.11640625 0.09765625
16 0.72109375 0.48984375 0.1203125 0.11171875
17 0.5390625 0.321875 0.07265625 0.11171875
17 0.834375 0.55390625 0.11015625 0.0609375
18 0.63984375 0.28125 0.10859375 0.0625
18 0.62421875 0.453125 0.07265625 0.0828125
19 0.05234375 0.5203125 0.08125 0.103125
19 0.57265625 0.4890625 0.0765625 0.10546875
20 0.57265625 0.4109375 0.0765625 0.05859375
20 0.27890625 0.73828125 0.08125 0.0609375
21 0.4546875 0.49921875 0.0609375 0.08515625
21 0.27109375 0.41953125 0.0890625 0.06875
22 0.709375 0.72734375 0.18359375 0.103125
22 0.64921875 0.809375 0.11796875 0.15