0 0.3375 0.840625 0.240625 0.20078125
0 0.7640625 0.1796875 0.14921875 0.196875
1 0.65234375 0.26875 0.25703125 0.13203125
1 0.7515625 0.69609375 0.2796875 0.15390625
2 0.6984375 0.78984375 0.06953125 0.26171875
2 0.11484375 0.2796875 0.1375 0.2234375
3 0.9078125 0.640625 0.0953125 0.24765625
3 0.85390625 0.2609375 0.178125 0.1640625
4 0.83515625 0.3328125 0.1125 0.22734375
4 0.21328125 0.67734375 0.16875 0.15390625
8 0.33515625 0.7890625 0.134375 0.190625
8 0.228125 0.24921875 0.12109375 0.109375
9 0.56171875 0.85 0.15234375 0.15
9 0.309375 0.35078125 0.15234375 0.109375
10 0.3265625 0.6828125 0.0640625 0.16015625
10 0.4828125 0.6484375 0.15234375 0.0671875
11 0.60546875 0.67265625 0.1234375 0.1484375
11 0.17578125 0.46875 0.14921875 0.12578125
5 0.80390625 0.3734375 0.1453125 0.09296875
5 0.340625 0.4484375 0.10859375 0.0890625
6 0.42890625 0.13359375 0.1453125 0.07734375
6 0.50703125 0.225 0.125 0.13828125
7 0.859375 0.14609375 0.1046875 0.1625
7 0.14921875 0.48359375 0.103125 0.15625
12 0.78125 0.7796875 0.11796875 0.09921875
12 0.625 0.5171875 0.13203125 0.06484375
13 0.525 0.5625 0.1046875 0.11171875
13 0.3921875 0.41484375 0.10078125 0.1078125
14 0.34765625 0.25625 0.11015625 0.1234375
14 0.77421875 0.68046875 0.0625 0.103125
15 0.63984375 0.3375 0.11015625 0.0671875
15 0.840625 0.6609375 0.0640625 0.1296875
16 0.1515625 0.3640625 0.06796875 0.115625
16 0.721875 0.3984375 0.1125 0.07109375
17 0.2078125 0.56171875 0.08125 0.09765625
17 0.43125 0.7203125 0.0828125 0.09765625
18 0.52109375 0.37421875 0.07890625 0.07890625
18 0.5515625 0.32734375 0.08125 0.0671875
19 0.5609375 0.44140625 0.084375 0.05859375
19 0.33203125 0.275 0.0828125 0.075
20 0.4953125 0.3953125 0.06796875 0.06484375
20 0.32265625 0.546875 0.07890625 0.07109375
21 0.490625 0.4671875 0.0625 0.0875
21 0.65703125 0.20625 0.06796875 0.075
22 0.65703125 0.14609375 0.115625 0.15390625
22 0.73984375 0.52734375 0.1671875 0.09765625