0 0.1078125 0.46640625 0.07109375 0.1890625
0 0.86640625 0.46640625 0.10234375 0.0984375
1 0.321875 0.91015625 0.13828125 0.15078125
1 0.8609375 0.90859375 0.10234375 0.11953125
2 0.453125 0.75703125 0.084375 0.1609375
2 0.834375 0.4390625 0.1171875 0.0953125
3 0.91171875 0.2265625 0.05078125 0.16328125
3 0.43203125 0.20234375 0.084375 0.13125
4 0.92265625 0.096875 0.06328125 0.13203125
4 0.5015625 0.2578125 0.04765625 0.14921875
8 0.0875 0.384375 0.07578125 0.11640625
8 0.9140625 0.115625 0.06953125 0.12578125
9 0.8140625 0.24453125 0.1046875 0.06328125
9 0.60546875 0.34609375 0.08046875 0.121875
10 0.4375 0.40234375 0.0484375 0.11875
10 0.68125 0.1515625 0.08984375 0.05234375
11 0.8296875 0.51796875 0.06484375 0.08828125
11 0.86640625 0.71796875 0.03203125 0.121875
5 0.04140625 0.31640625 0.0484375 0.13828125
5 0.52421875 0.23984375 0.08671875 0.0546875
6 0.621875 0.05234375 0.06484375 0.08671875
6 0.58125 0.1328125 0.06875 0.09375
7 0.66875 0.34453125 0.05625 0.08671875
7 0.51015625 0.2171875 0.08125 0.05625
12 0.4546875 0.18515625 0.06171875 0.07578125
12 0.50078125 0.44453125 0.04375 0.090625
13 0.55546875 0.3421875 0.040625 0.09375
13 0.4796875 0.27578125 0.04609375 0.08515625
14 0.471875 0.103125 0.0703125 0.03984375
14 0.9625 0.1078125 0.02890625 0.10546875
15 0.47734375 0.37890625 0.0296875 0.08828125
15 0.62109375 0.33125 0.06328125 0.06015625
16 0.47265625 0.14609375 0.040625 0.07265625
16 0.8796875 0.51796875 0.04140625 0.08359375
17 0.6734375 0.21875 0.03359375 0.07578125
17 0.70390625 0.2078125 0.02890625 0.075
18 0.51875 0.11953125 0.03671875 0.06640625
18 0.621875 0.2765625 0.04375 0.0625
19 0.60390625 0.0890625 0.04140625 0.0609375
19 0.7484375 0.6546875 0.03046875 0.075
20 0.44453125 0.0703125 0.03125 0.053125
20 0.42890625 0.134375 0.0359375 0.05546875
21 0.51953125 0.371875 0.03046875 0.0578125
21 0.46328125 0.4328125 0.03046875 0.06015625
22 0.56328125 0.2859375 0.08671875 0.0546875
23 0.45546875 0.4765625 0.03203125 0.06484375