0 0.4015625 0.15078125 0.05234375 0.19375
0 0.88671875 0.6546875 0.0671875 0.24140625
1 0.54296875 0.66640625 0.17109375 0.0734375
1 0.54375 0.35390625 0.1390625 0.165625
2 0.2515625 0.371875 0.12578125 0.11484375
2 0.715625 0.35234375 0.09921875 0.16796875
3 0.4765625 0.628125 0.13515625 0.08828125
3 0.80625 0.3890625 0.0796875 0.14375
4 0.15390625 0.31953125 0.04921875 0.140625
4 0.56640625 0.134375 0.1015625 0.125
8 0.5875 0.3421875 0.12109375 0.07734375
8 0.5671875 0.13515625 0.1015625 0.125
9 0.421875 0.49609375 0.078125 0.08671875
9 0.59453125 0.9390625 0.1296875 0.059375
10 0.49453125 0.1046875 0.0671875 0.11953125
10 0.58984375 0.7546875 0.0796875 0.1140625
11 0.9390625 0.42890625 0.05 0.1125
11 0.5734375 0.421875 0.09765625 0.06875
5 0.44765625 0.38359375 0.065625 0.10546875
5 0.29140625 0.51328125 0.1 0.084375
6 0.2296875 0.3203125 0.05390625 0.1046875
6 0.8421875 0.42890625 0.11171875 0.07734375
7 0.1015625 0.29375 0.08515625 0.10546875
7 0.5671875 0.39296875 0.0796875 0.10546875
12 0.60078125 0.49609375 0.0734375 0.084375
12 0.62421875 0.70703125 0.078125 0.0625
13 0.33671875 0.303125 0.07421875 0.0796875
13 0.83515625 0.30859375 0.0953125 0.04375
14 0.30234375 0.203125 0.0578125 0.0890625
14 0.3859375 0.38046875 0.08125 0.04765625
15 0.696875 0.21796875 0.05390625 0.07890625
15 0.39453125 0.52890625 0.06953125 0.071875
16 0.46640625 0.22265625 0.04375 0.08828125
16 0.22265625 0.24765625 0.09140625 0.04453125
17 0.31640625 0.41015625 0.04609375 0.07421875
17 0.540625 0.51015625 0.05234375 0.071875
18 0.353125 0.58984375 0.06328125 0.053125
18 0.55546875 0.215625 0.06953125 0.04375
19 0.85 0.34375 0.0671875 0.04453125
19 0.33671875 0.53125 0.04609375 0.0625
20 0.71171875 0.2640625 0.05625 0.04609375
20 0.2984375 0.2546875 0.04921875 0.04375
21 0.5625 0.29375 0.04765625 0.053125
21 0.76875 0.39140625 0.04140625 0.05703125
22 0.72109375 0.496875 0.0796875 0.10703125
23 0.35 0.13515625 0.0515625 0.05859375