0 0.27890625 0.61328125 0.196875 0.10078125
0 0.43671875 0.84921875 0.08515625 0.140625
1 0.58828125 0.60859375 0.10234375 0.15546875
1 0.1890625 0.7203125 0.16875 0.12734375
2 0.14921875 0.79375 0.0921875 0.1125
2 0.46796875 0.79921875 0.07578125 0.17421875
3 0.48984375 0.5359375 0.11015625 0.12890625
3 0.4015625 0.8515625 0.14609375 0.1796875
4 0.38125 0.8703125 0.08515625 0.153125
4 0.61328125 0.3265625 0.06796875 0.17578125
8 0.090625 0.55859375 0.07578125 0.171875
8 0.2890625 0.24296875 0.153125 0.11640625
9 0.34921875 0.38984375 0.1046875 0.1234375
9 0.51015625 0.1546875 0.14140625 0.0921875
10 0.20078125 0.67578125 0.11640625 0.09140625
10 0.553125 0.75 0.05859375 0.13828125
11 0.48125 0.26171875 0.04921875 0.140625
11 0.14765625 0.40078125 0.08828125 0.12890625
5 0.2296875 0.76875 0.08515625 0.13515625
5 0.434375 0.62578125 0.10078125 0.075
6 0.91640625 0.1890625 0.11640625 0.1046875
6 0.1671875 0.45078125 0.0515625 0.134375
7 0.225 0.38125 0.04453125 0.1296875
7 0.56796875 0.4640625 0.06015625 0.13671875
12 0.46171875 0.3640625 0.0796875 0.07109375
12 0.41796875 0.42734375 0.05859375 0.096875
13 0.6796875 0.36015625 0.07265625 0.1140625
13 0.6375 0.5421875 0.0859375 0.06015625
14 0.53359375 0.5828125 0.06171875 0.08984375
14 0.6625 0.2578125 0.090625 0.08984375
15 0.2421875 0.52109375 0.03984375 0.10078125
15 0.41640625 0.55390625 0.06015625 0.07890625
16 0.7484375 0.4171875 0.07109375 0.08828125
16 0.20546875 0.4875 0.03828125 0.103125
17 0.834375 0.296875 0.0734375 0.0875
17 0.2765625 0.696875 0.06328125 0.078125
18 0.515625 0.803125 0.0421875 0.078125
18 0.55078125 0.1265625 0.07265625 0.046875
19 0.6984375 0.48359375 0.0703125 0.05390625
19 0.4921875 0.70078125 0.04375 0.075
20 0.5953125 0.13828125 0.053125 0.07265625
20 0.36796875 0.59921875 0.05546875 0.0453125
21 0.42421875 0.58125 0.0484375 0.06328125
21 0.453125 0.4234375 0.0390625 0.07265625
22 0.8 0.4671875 0.1078125 0.09765625
23 0.20390625 0.36484375 0.0359375 0.0640625