0 0.29453125 0.4875 0.26484375 0.071875
0 0.334375 0.721875 0.18515625 0.10859375
1 0.859375 0.7546875 0.1953125 0.2203125
1 0.475 0.10078125 0.27734375 0.13125
2 0.74140625 0.47421875 0.13125 0.1609375
2 0.4828125 0.88125 0.1640625 0.13984375
3 0.13125 0.54609375 0.10234375 0.16796875
3 0.59140625 0.21953125 0.1890625 0.12109375
4 0.38515625 0.775 0.1828125 0.103125
4 0.53515625 0.80859375 0.07578125 0.1765625
8 0.69609375 0.31875 0.13125 0.146875
8 0.5578125 0.54140625 0.15390625 0.13984375
9 0.29296875 0.23046875 0.1578125 0.13515625
9 0.79296875 0.26875 0.13515625 0.15234375
10 0.35 0.38359375 0.1625 0.084375
10 0.46484375 0.6765625 0.08828125 0.1453125
11 0.19609375 0.665625 0.15 0.084375
11 0.7734375 0.7203125 0.1171875 0.1140625
5 0.7984375 0.49375 0.16015625 0.084375
5 0.36875 0.23828125 0.11328125 0.1296875
6 0.2328125 0.59140625 0.1046875 0.09296875
6 0.49765625 0.2 0.1625 0.07734375
7 0.5203125 0.4203125 0.0921875 0.13671875
7 0.43203125 0.3375 0.1578125 0.06484375
12 0.61875 0.83359375 0.0921875 0.11875
12 0.89140625 0.5890625 0.11875 0.11015625
13 0.57265625 0.703125 0.10234375 0.10703125
13 0.65078125 0.71171875 0.06953125 0.10703125
14 0.275 0.5390625 0.078125 0.10859375
14 0.37265625 0.440625 0.13359375 0.0578125
15 0.6546875 0.5265625 0.078125 0.1
15 0.3859375 0.6625 0.10703125 0.06796875
16 0.72265625 0.70703125 0.09453125 0.0890625
16 0.646875 0.4375 0.0859375 0.0875
17 0.64140625 0.28125 0.1046875 0.075
17 0.496875 0.54921875 0.10234375 0.071875
18 0.43125 0.2640625 0.08203125 0.07734375
18 0.7265625 0.59375 0.06953125 0.09140625
19 0.63984375 0.64375 0.096875 0.0578125
19 0.32890625 0.62421875 0.0578125 0.0578125
20 0.43359375 0.51484375 0.06953125 0.06640625
20 0.3421875 0.54375 0.08828125 0.0578125
21 0.5828125 0.4546875 0.06953125 0.06796875
21 0.39140625 0.60390625 0.08046875 0.08046875
22 0.125 0.72890625 0.1640625 0.0875
22 0.85234375 0.459375 0.14375 0.08203125
23 0.5125 0.65 0.071875 0.06328125