0 0.49609375 0.684375 0.16171875 0.13984375
0 0.4875 0.7265625 0.275 0.11953125
1 0.3984375 0.2390625 0.26171875 0.12734375
1 0.72578125 0.78046875 0.2734375 0.1015625
2 0.2421875 0.42421875 0.19921875 0.11328125
2 0.21875 0.46328125 0.07421875 0.25625
3 0.1953125 0.52890625 0.2015625 0.11484375
3 0.428125 0.10546875 0.22734375 0.05703125
4 0.47421875 0.5078125 0.184375 0.0875
4 0.77578125 0.4140625 0.15859375 0.11796875
8 0.7171875 0.884375 0.1015625 0.1
8 0.3453125 0.65546875 0.184375 0.1
9 0.6453125 0.3046875 0.165625 0.1125
9 0.7734375 0.78125 0.046875 0.21328125
10 0.578125 0.19140625 0.07734375 0.1703125
10 0.4828125 0.471875 0.12734375 0.14140625
11 0.878125 0.53515625 0.09140625 0.15546875
11 0.45703125 0.596875 0.153125 0.05078125
5 0.8046875 0.51875 0.1390625 0.12421875
5 0.4578125 0.17578125 0.1515625 0.071875
6 0.70234375 0.453125 0.07421875 0.15390625
6 0.76640625 0.70625 0.121875 0.11640625
7 0.309375 0.30859375 0.1375 0.12578125
7 0.36796875 0.78046875 0.1515625 0.06484375
12 0.64140625 0.6765625 0.07890625 0.12421875
12 0.77734375 0.446875 0.0671875 0.13515625
13 0.6640625 0.5609375 0.12890625 0.06484375
13 0.521875 0.8203125 0.065625 0.11328125
14 0.45703125 0.33046875 0.05859375 0.12265625
14 0.51796875 0.375 0.103125 0.0921875
15 0.3109375 0.51484375 0.0671875 0.11328125
15 0.42421875 0.36796875 0.09296875 0.09375
16 0.69140625 0.3546875 0.084375 0.11328125
16 0.38984375 0.40859375 0.0984375 0.06796875
17 0.09453125 0.39921875 0.07421875 0.1109375
17 0.60546875 0.865625 0.08046875 0.090625
18 0.82734375 0.83125 0.08125 0.05859375
18 0.4078125 0.44765625 0.0515625 0.05703125
19 0.66328125 0.75546875 0.0875 0.06796875
19 0.59453125 0.3875 0.07890625 0.08125
20 0.54765625 0.578125 0.06015625 0.078125
20 0.35859375 0.5171875 0.06171875 0.05703125
21 0.69140625 0.69140625 0.0640625 0.06796875
21 0.3921875 0.5609375 0.06875 0.05859375
22 0.48359375 0.76171875 0.0890625 0.1625
22 0.77578125 0.4140625 0.15859375 0.11796875
23 0.34296875 0.71875 0.07421875 0.05234375