0 0.3671875 0.2265625 0.196875 0.15234375
0 0.2265625 0.2890625 0.1453125 0.1203125
1 0.1609375 0.20703125 0.1453125 0.22890625
1 0.38828125 0.45078125 0.1171875 0.1296875
2 0.09765625 0.26640625 0.0734375 0.2359375
2 0.26015625 0.678125 0.15703125 0.1921875
3 0.3859375 0.1640625 0.15234375 0.175
3 0.47578125 0.275 0.078125 0.2078125
4 0.875 0.6234375 0.0765625 0.221875
4 0.17734375 0.5140625 0.18046875 0.14296875
8 0.875 0.3515625 0.128125 0.1890625
8 0.8296875 0.1984375 0.19375 0.09296875
9 0.75078125 0.771875 0.128125 0.1203125
9 0.67734375 0.85859375 0.16015625 0.090625
10 0.634375 0.34765625 0.0625 0.178125
10 0.27734375 0.1421875 0.08359375 0.15546875
11 0.44609375 0.70390625 0.11875 0.13828125
11 0.56171875 0.80234375 0.11875 0.14296875
5 0.3578125 0.646875 0.08671875 0.146875
5 0.12734375 0.61640625 0.06875 0.1796875
6 0.2359375 0.378125 0.1484375 0.06796875
6 0.5625 0.63515625 0.08671875 0.15546875
7 0.5484375 0.29921875 0.10078125 0.1640625
7 0.38359375 0.3375 0.125 0.12578125
12 0.67421875 0.28203125 0.0625 0.13125
12 0.3609375 0.7625 0.05 0.13671875
13 0.8328125 0.2859375 0.10234375 0.1171875
13 0.35 0.49921875 0.10078125 0.12421875
14 0.57265625 0.51484375 0.11640625 0.1171875
14 0.3515625 0.2015625 0.10859375 0.1
15 0.71796875 0.571875 0.09609375 0.1046875
15 0.49140625 0.11328125 0.0734375 0.12578125
16 0.25390625 0.56875 0.05 0.12734375
16 0.52421875 0.5390625 0.10234375 0.0609375
17 0.34140625 0.83515625 0.08671875 0.0859375
17 0.67890625 0.7 0.08671875 0.06796875
18 0.7875 0.44296875 0.0578125 0.103125
18 0.79375 0.63828125 0.0609375 0.09765625
19 0.62109375 0.603125 0.0671875 0.090625
19 0.52421875 0.64921875 0.075 0.08203125
20 0.578125 0.3234375 0.071875 0.08046875
20 0.70625 0.6390625 0.065625 0.06796875
21 0.49609375 0.7671875 0.0703125 0.06640625
21 0.61875 0.6625 0.06875 0.0453125
22 0.3890625 0.66796875 0.15 0.09453125
23 0.228125 0.46171875 0.05625 0.08359375