0 0.44609375 0.64921875 0.1078125 0.1421875
0 0.56796875 0.21796875 0.1078125 0.1328125
1 0.63125 0.20234375 0.1390625 0.12265625
1 0.65234375 0.48671875 0.16953125 0.065625
2 0.5484375 0.80703125 0.11796875 0.1125
2 0.93125 0.153125 0.065625 0.1515625
3 0.24453125 0.3609375 0.05390625 0.134375
3 0.37578125 0.39765625 0.128125 0.053125
4 0.103125 0.27734375 0.10625 0.121875
4 0.56015625 0.5 0.14140625 0.0515625
8 0.47734375 0.465625 0.13203125 0.053125
8 0.39765625 0.4625 0.11328125 0.08828125
9 0.55 0.5609375 0.1109375 0.0859375
9 0.575 0.91640625 0.07734375 0.1171875
10 0.13125 0.246875 0.08046875 0.0859375
10 0.54765625 0.52734375 0.11328125 0.06875
11 0.6140625 0.09140625 0.06875 0.1125
11 0.2953125 0.4828125 0.04765625 0.109375
5 0.3203125 0.4859375 0.1125 0.0578125
5 0.2171875 0.19375 0.04921875 0.10859375
6 0.16328125 0.41953125 0.07578125 0.0984375
6 0.43359375 0.42890625 0.11484375 0.03828125
7 0.6359375 0.51796875 0.07578125 0.065625
7 0.8046875 0.28984375 0.0546875 0.0921875
12 0.34140625 0.62265625 0.04453125 0.0890625
12 0.17890625 0.14609375 0.046875 0.10703125
13 0.28515625 0.4109375 0.08203125 0.05390625
13 0.0859375 0.18828125 0.08515625 0.06796875
14 0.2234375 0.32109375 0.03828125 0.078125
14 0.2328125 0.2703125 0.040625 0.07578125
15 0.56875 0.62265625 0.07265625 0.06875
15 0.46953125 0.55703125 0.0703125 0.07109375
16 0.646875 0.60078125 0.0703125 0.0578125
16 0.39609375 0.63671875 0.05625 0.05859375
17 0.3 0.5703125 0.0515625 0.0734375
17 0.92421875 0.053125 0.03515625 0.06796875
18 0.371875 0.475 0.05859375 0.05
18 0.6625 0.65546875 0.0703125 0.04375
19 0.28359375 0.24453125 0.06171875 0.0453125
19 0.46796875 0.3953125 0.06875 0.0484375
20 0.5234375 0.59921875 0.03984375 0.05859375
20 0.57109375 0.3 0.0375 0.04375
21 0.32890625 0.553125 0.05703125 0.05
21 0.209375 0.35625 0.04296875 0.05546875
22 0.54296875 0.6859375 0.09921875 0.06796875
22 0.58203125 0.91171875 0.10625 0.08828125