0 0.88671875 0.34921875 0.11171875 0.2546875
0 0.3828125 0.6515625 0.14609375 0.325
1 0.36796875 0.490625 0.1390625 0.19609375
1 0.4625 0.1546875 0.2078125 0.16171875
2 0.6609375 0.54375 0.22265625 0.09609375
2 0.5015625 0.7296875 0.13046875 0.14140625
3 0.434375 0.4296875 0.13203125 0.19765625
3 0.3421875 0.1765625 0.15078125 0.11875
4 0.68515625 0.24921875 0.0703125 0.21328125
4 0.3734375 0.63515625 0.08203125 0.171875
8 0.3203125 0.4859375 0.1546875 0.1015625
8 0.6375 0.19609375 0.1359375 0.17890625
9 0.29375 0.6578125 0.09921875 0.17890625
9 0.5390625 0.25703125 0.09921875 0.17734375
10 0.0625 0.82734375 0.08203125 0.19140625
10 0.9203125 0.35 0.090625 0.121875
11 0.346875 0.32734375 0.07421875 0.16171875
11 0.63359375 0.625 0.12734375 0.09609375
5 0.47421875 0.33203125 0.06171875 0.15859375
5 0.6796875 0.25390625 0.13203125 0.115625
6 0.671875 0.44765625 0.07890625 0.1546875
6 0.3203125 0.64765625 0.065625 0.17734375
7 0.4484375 0.2265625 0.09296875 0.15
7 0.53046875 0.53984375 0.07734375 0.17421875
12 0.5421875 0.48984375 0.05703125 0.1359375
12 0.278125 0.55859375 0.11171875 0.084375
13 0.61484375 0.4015625 0.07890625 0.12890625
13 0.29375 0.26953125 0.053125 0.1359375
14 0.7984375 0.33828125 0.125 0.053125
14 0.371875 0.2875 0.10078125 0.103125
15 0.31484375 0.1828125 0.09921875 0.06875
15 0.60625 0.209375 0.0671875 0.12578125
16 0.734375 0.41015625 0.0515625 0.1359375
16 0.56875 0.4484375 0.084375 0.11875
17 0.45234375 0.51875 0.05859375 0.1046875
17 0.3625 0.48515625 0.084375 0.06171875
18 0.46015625 0.62109375 0.071875 0.07890625
18 0.37109375 0.28828125 0.06484375 0.0640625
19 0.790625 0.38984375 0.08359375 0.07734375
19 0.35703125 0.23671875 0.06328125 0.0640625
20 0.22890625 0.4609375 0.04765625 0.0859375
20 0.21953125 0.41015625 0.065625 0.05703125
21 0.62421875 0.2828125 0.06875 0.05
21 0.37109375 0.28828125 0.06484375 0.0640625
22 0.21171875 0.3671875 0.14453125 0.10859375
23 0.21015625 0.77421875 0.0703125 0.05859375