0 0.22890625 0.34921875 0.25078125 0.115625
0 0.2953125 0.71875 0.2125 0.18828125
1 0.30234375 0.49375 0.20546875 0.16640625
1 0.66328125 0.375 0.23125 0.15390625
2 0.44921875 0.48828125 0.18984375 0.14609375
2 0.26328125 0.26953125 0.2 0.0921875
3 0.40546875 0.26328125 0.16171875 0.17734375
3 0.13359375 0.5609375 0.196875 0.0921875
4 0.6234375 0.47421875 0.13515625 0.17734375
4 0.48359375 0.3234375 0.07578125 0.18671875
8 0.82421875 0.45390625 0.1859375 0.125
8 0.62734375 0.24921875 0.1703125 0.1375
9 0.6671875 0.6953125 0.1734375 0.128125
9 0.4640625 0.43203125 0.14921875 0.125
10 0.14296875 0.4234375 0.11015625 0.1296875
10 0.328125 0.8078125 0.171875 0.07109375
11 0.6453125 0.6078125 0.1296875 0.128125
11 0.8359375 0.353125 0.14921875 0.0890625
5 0.2125 0.50390625 0.115625 0.1234375
5 0.215625 0.6296875 0.16484375 0.06171875
6 0.7703125 0.4265625 0.1578125 0.08203125
6 0.2125 0.68125 0.16484375 0.06328125
7 0.38125 0.58671875 0.1453125 0.0953125
7 0.84765625 0.5546875 0.0984375 0.14609375
12 0.76015625 0.61484375 0.103125 0.1140625
12 0.21640625 0.85 0.128125 0.09375
13 0.31171875 0.1015625 0.13828125 0.07890625
13 0.44765625 0.63515625 0.08046875 0.1171875
14 0.4921875 0.71640625 0.071875 0.1203125
14 0.3984375 0.76171875 0.1125 0.103125
15 0.36484375 0.17578125 0.10546875 0.0921875
15 0.434375 0.134375 0.1171875 0.0921875
16 0.52421875 0.2078125 0.0703125 0.0984375
16 0.421875 0.34765625 0.10703125 0.06484375
17 0.721875 0.25546875 0.096875 0.0953125
17 0.678125 0.175 0.12109375 0.06796875
18 0.14921875 0.76328125 0.08046875 0.090625
18 0.196875 0.72734375 0.09453125 0.05703125
19 0.3171875 0.8578125 0.09453125 0.07109375
19 0.271875 0.23125 0.09453125 0.06328125
20 0.70078125 0.4890625 0.06484375 0.07109375
20 0.71015625 0.390625 0.07734375 0.05859375
21 0.2984375 0.425 0.06640625 0.07265625
21 0.8578125 0.2484375 0.07734375 0.08203125
22 0.80625 0.25078125 0.128125 0.15234375
22 0.553125 0.6859375 0.0859375 0.15859375