0 0.38515625 0.1015625 0.21171875 0.13515625
0 0.57265625 0.42421875 0.19609375 0.18671875
1 0.20546875 0.2546875 0.1359375 0.140625
1 0.2203125 0.41640625 0.11171875 0.15703125
2 0.44375 0.65546875 0.1375 0.165625
2 0.8296875 0.2125 0.19453125 0.15703125
3 0.1828125 0.60625 0.12265625 0.16328125
3 0.5609375 0.3890625 0.17734375 0.11875
4 0.56015625 0.2296875 0.21875 0.04609375
4 0.5921875 0.375 0.18046875 0.12109375
8 0.3515625 0.5296875 0.0875 0.15390625
8 0.640625 0.228125 0.12265625 0.12578125
9 0.72734375 0.23828125 0.190625 0.09375
9 0.775 0.36640625 0.1046875 0.11015625
10 0.2265625 0.5578125 0.11875 0.071875
10 0.1140625 0.53046875 0.10625 0.11015625
11 0.30546875 0.56796875 0.115625 0.1078125
11 0.57265625 0.34296875 0.1046875 0.0890625
5 0.896875 0.25625 0.12890625 0.09140625
5 0.6359375 0.8453125 0.121875 0.06484375
6 0.49453125 0.34921875 0.0703125 0.1234375
6 0.33203125 0.24375 0.13984375 0.09140625
7 0.39921875 0.39375 0.10625 0.12578125
7 0.384375 0.88203125 0.10703125 0.13984375
12 0.63125 0.29375 0.0828125 0.090625
12 0.45078125 0.12890625 0.10859375 0.08125
13 0.39921875 0.28046875 0.12890625 0.04453125
13 0.10703125 0.39453125 0.13125 0.0515625
14 0.43671875 0.47734375 0.12890625 0.0609375
14 0.39765625 0.45859375 0.0546875 0.08828125
15 0.5546875 0.47734375 0.09609375 0.07421875
15 0.57421875 0.66015625 0.05 0.10234375
16 0.47890625 0.45234375 0.0828125 0.07421875
16 0.30078125 0.38046875 0.103125 0.07734375
17 0.096875 0.33671875 0.09296875 0.065625
17 0.6765625 0.178125 0.06875 0.071875
18 0.28515625 0.33359375 0.08984375 0.0390625
18 0.29453125 0.38671875 0.065625 0.0625
19 0.13125 0.4390625 0.05859375 0.075
19 0.3328125 0.21328125 0.0703125 0.06328125
20 0.4765625 0.2734375 0.04609375 0.06328125
20 0.45234375 0.31953125 0.04609375 0.06015625
21 0.5359375 0.63125 0.06171875 0.0609375
21 0.56015625 0.55546875 0.08125 0.0375
22 0.33828125 0.65859375 0.14765625 0.07734375
22 0.34140625 0.425 0.05546875 0.121875