0 0.7671875 0.69296875 0.21328125 0.1
0 0.5359375 0.56875 0.13203125 0.12265625
1 0.359375 0.79296875 0.06640625 0.25859375
1 0.4671875 0.528125 0.1 0.17421875
2 0.44765625 0.28359375 0.1078125 0.16953125
2 0.440625 0.41328125 0.1515625 0.06796875
3 0.45234375 0.603125 0.0921875 0.20859375
3 0.203125 0.49921875 0.05 0.2
4 0.76953125 0.3375 0.12109375 0.103125
4 0.2765625 0.23828125 0.04375 0.17265625
8 0.31484375 0.2921875 0.078125 0.15859375
8 0.2265625 0.73671875 0.1265625 0.1515625
9 0.371875 0.3125 0.109375 0.0921875
9 0.634375 0.384375 0.103125 0.1
10 0.65390625 0.18671875 0.05546875 0.134375
10 0.8328125 0.43828125 0.09375 0.1375
11 0.553125 0.46875 0.096875 0.07421875
11 0.5046875 0.2109375 0.08671875 0.06328125
5 0.39609375 0.6390625 0.06015625 0.14375
5 0.72890625 0.159375 0.0734375 0.11484375
6 0.71640625 0.27421875 0.10234375 0.053125
6 0.5921875 0.6765625 0.11015625 0.06484375
7 0.31953125 0.65078125 0.11015625 0.0515625
7 0.71015625 0.54609375 0.034375 0.15546875
12 0.31796875 0.84296875 0.0359375 0.1328125
12 0.0875 0.61875 0.0921875 0.06484375
13 0.68125 0.353125 0.08125 0.07578125
13 0.75390625 0.21015625 0.08125 0.0484375
14 0.5703125 0.18515625 0.07890625 0.053125
14 0.56484375 0.60078125 0.07421875 0.0515625
15 0.73828125 0.48203125 0.05234375 0.1015625
15 0.4234375 0.6125 0.0421875 0.1
16 0.94140625 0.0890625 0.05859375 0.103125
16 0.6390625 0.7578125 0.065625 0.103125
17 0.48359375 0.25078125 0.0609375 0.0578125
17 0.534375 0.134375 0.05859375 0.0578125
18 0.73828125 0.60859375 0.04453125 0.0890625
18 0.65234375 0.46484375 0.0390625 0.0890625
19 0.63515625 0.62265625 0.0578125 0.07265625
19 0.28515625 0.73984375 0.06328125 0.0515625
20 0.696875 0.6421875 0.05 0.05625
20 0.41484375 0.34453125 0.05078125 0.046875
21 0.43359375 0.375 0.05703125 0.0515625
21 0.3953125 0.48515625 0.04765625 0.06015625
22 0.6515625 0.11953125 0.1 0.0875
22 0.8515625 0.12421875 0.0765625 0.084375