0 0.325 0.2640625 0.16015625 0.115625
0 0.17578125 0.46875 0.153125 0.0890625
1 0.46328125 0.28515625 0.03984375 0.22421875
1 0.646875 0.26171875 0.17265625 0.11484375
2 0.36171875 0.56640625 0.1484375 0.075
2 0.15234375 0.49765625 0.04375 0.17578125
3 0.253125 0.16171875 0.1 0.12109375
3 0.19921875 0.1609375 0.03828125 0.1609375
4 0.1796875 0.3671875 0.11796875 0.065625
4 0.1078125 0.31171875 0.07265625 0.11796875
8 0.13359375 0.43984375 0.1171875 0.071875
8 0.08984375 0.478125 0.0921875 0.1375
9 0.74375 0.29296875 0.10078125 0.14375
9 0.334375 0.36640625 0.0609375 0.1265625
10 0.246875 0.096875 0.04609375 0.1203125
10 0.45234375 0.26328125 0.10703125 0.0453125
11 0.390625 0.10703125 0.09453125 0.09140625
11 0.07890625 0.278125 0.08984375 0.0859375
5 0.6453125 0.8515625 0.1140625 0.0625
5 0.3328125 0.38828125 0.08984375 0.08515625
6 0.259375 0.5609375 0.071875 0.1
6 0.2390625 0.2609375 0.03359375 0.115625
7 0.1484375 0.10703125 0.075 0.12890625
7 0.23359375 0.54765625 0.06796875 0.103125
12 0.43203125 0.20390625 0.03671875 0.09765625
12 0.07578125 0.20546875 0.0875 0.06796875
13 0.471875 0.86015625 0.07109375 0.09453125
13 0.12578125 0.209375 0.0625 0.08828125
14 0.16171875 0.25390625 0.07890625 0.04375
14 0.5734375 0.2859375 0.09765625 0.0546875
15 0.584375 0.34140625 0.053125 0.08828125
15 0.32265625 0.8 0.0828125 0.0484375
16 0.94296875 0.9484375 0.078125 0.07109375
16 0.25625 0.4890625 0.059375 0.06640625
17 0.18046875 0.53984375 0.0328125 0.0765625
17 0.3640625 0.11953125 0.0609375 0.06328125
18 0.2796875 0.6046875 0.0625 0.03828125
18 0.48828125 0.87890625 0.05546875 0.0640625
19 0.5953125 0.684375 0.04375 0.07109375
19 0.2984375 0.06796875 0.06328125 0.03984375
20 0.61875 0.3375 0.04765625 0.05546875
20 0.61484375 0.66953125 0.0328125 0.0625
21 0.07734375 0.39609375 0.05234375 0.040625
21 0.0796875 0.30859375 0.0484375 0.05703125
22 0.7359375 0.1796875 0.08828125 0.10390625
22 0.36171875 0.2890625 0.040625 0.1328125