0 0.85078125 0.609375 0.1890625 0.134375
0 0.10078125 0.54375 0.11640625 0.21484375
1 0.65390625 0.265625 0.2265625 0.08046875
1 0.371875 0.84375 0.11015625 0.1953125
2 0.471875 0.32578125 0.209375 0.1171875
2 0.3578125 0.0734375 0.2234375 0.0703125
3 0.62265625 0.71328125 0.159375 0.14375
3 0.65390625 0.28125 0.07578125 0.1546875
4 0.46015625 0.89140625 0.1921875 0.08984375
4 0.1921875 0.3765625 0.1734375 0.11171875
8 0.234375 0.70859375 0.1859375 0.06953125
8 0.26015625 0.71953125 0.09140625 0.15625
9 0.84765625 0.6953125 0.08046875 0.14296875
9 0.478125 0.35625 0.09609375 0.1328125
10 0.06953125 0.371875 0.07265625 0.1375
10 0.528125 0.7015625 0.06796875 0.13203125
11 0.37109375 0.73203125 0.06484375 0.12890625
11 0.53828125 0.87734375 0.09453125 0.0703125
5 0.21171875 0.559375 0.13984375 0.0609375
5 0.58046875 0.63828125 0.13359375 0.0515625
6 0.775 0.384375 0.13515625 0.09765625
6 0.2359375 0.18984375 0.1515625 0.075
7 0.86015625 0.33671875 0.09453125 0.12734375
7 0.3484375 0.41953125 0.08984375 0.12109375
12 0.7796875 0.34453125 0.12578125 0.075
12 0.5453125 0.5828125 0.12109375 0.0703125
13 0.14140625 0.2671875 0.09140625 0.1046875
13 0.63515625 0.78125 0.08671875 0.0546875
14 0.771875 0.459375 0.08203125 0.08984375
14 0.59296875 0.584375 0.08671875 0.0703125
15 0.13203125 0.1921875 0.11328125 0.06953125
15 0.2203125 0.7453125 0.05078125 0.09375
16 0.79140625 0.7328125 0.07109375 0.08828125
16 0.73828125 0.56875 0.08203125 0.0859375
17 0.6421875 0.54453125 0.08515625 0.05859375
17 0.41796875 0.53359375 0.08984375 0.0703125
18 0.29296875 0.38671875 0.08828125 0.0421875
18 0.303125 0.61875 0.08671875 0.053125
19 0.16953125 0.51875 0.08671875 0.04375
19 0.77734375 0.6453125 0.08046875 0.06484375
20 0.48984375 0.64765625 0.05703125 0.05546875
20 0.66796875 0.66328125 0.06328125 0.06015625
21 0.296875 0.321875 0.08984375 0.06015625
21 0.35390625 0.6015625 0.06171875 0.05546875
22 0.4640625 0.16953125 0.153125 0.1046875
22 0.7140625 0.44375 0.07109375 0.13984375