0 0.55390625 0.4078125 0.30390625 0.1171875
0 0.271875 0.74375 0.09765625 0.3078125
1 0.196875 0.57578125 0.19140625 0.18125
1 0.2546875 0.48125 0.09921875 0.325
2 0.771875 0.79296875 0.21796875 0.10859375
2 0.53515625 0.6859375 0.2015625 0.1359375
3 0.7234375 0.3828125 0.18984375 0.1828125
3 0.65078125 0.346875 0.1671875 0.190625
4 0.85546875 0.66015625 0.1171875 0.11171875
4 0.2265625 0.44765625 0.2046875 0.078125
8 0.678125 0.51875 0.18046875 0.13828125
8 0.634375 0.865625 0.0890625 0.1828125
9 0.52265625 0.9046875 0.175 0.08984375
9 0.25390625 0.721875 0.15703125 0.14140625
10 0.89140625 0.41328125 0.1171875 0.17734375
10 0.503125 0.82890625 0.07421875 0.15078125
11 0.725 0.2109375 0.16328125 0.059375
11 0.50859375 0.7625 0.07421875 0.1625
5 0.4421875 0.20078125 0.1203125 0.16953125
5 0.70546875 0.109375 0.171875 0.07265625
6 0.128125 0.321875 0.13046875 0.1546875
6 0.4328125 0.6625 0.07265625 0.1640625
7 0.38671875 0.559375 0.0859375 0.171875
7 0.79609375 0.55859375 0.146875 0.11015625
12 0.634375 0.609375 0.1125 0.05390625
12 0.671875 0.41796875 0.0875 0.11171875
13 0.29375 0.2609375 0.12734375 0.115625
13 0.5859375 0.721875 0.12734375 0.059375
14 0.353125 0.77265625 0.0609375 0.134375
14 0.4921875 0.48984375 0.109375 0.0875
15 0.6109375 0.1328125 0.10078125 0.11171875
15 0.81953125 0.52890625 0.1125 0.07265625
16 0.69453125 0.83671875 0.06640625 0.12109375
16 0.43203125 0.23515625 0.084375 0.1046875
17 0.603125 0.24453125 0.059375 0.10078125
17 0.77109375 0.3828125 0.08125 0.10078125
18 0.36796875 0.70234375 0.07734375 0.0578125
18 0.19765625 0.78828125 0.0609375 0.10234375
19 0.7859375 0.70703125 0.0578125 0.096875
19 0.83046875 0.4078125 0.0578125 0.09921875
20 0.1046875 0.26640625 0.07734375 0.0671875
20 0.25703125 0.5328125 0.04765625 0.07265625
21 0.32265625 0.39765625 0.06953125 0.059375
21 0.48671875 0.471875 0.07109375 0.08203125
22 0.5296875 0.57578125 0.140625 0.11015625
22 0.503125 0.82890625 0.07421875 0.15078125
23 0.484375 0.22890625 0.04921875 0.06875