0 0.253125 0.359375 0.13046875 0.23515625
0 0.4765625 0.47578125 0.171875 0.1375
1 0.428125 0.803125 0.13984375 0.2265625
1 0.68125 0.575 0.08046875 0.2296875
2 0.51796875 0.14140625 0.1265625 0.215625
2 0.46484375 0.2828125 0.11796875 0.16171875
3 0.4515625 0.309375 0.15703125 0.1328125
3 0.5421875 0.753125 0.04609375 0.203125
4 0.75390625 0.62109375 0.05390625 0.1984375
4 0.2484375 0.503125 0.04140625 0.2140625
8 0.2015625 0.60390625 0.071875 0.17421875
8 0.69609375 0.31875 0.07890625 0.1578125
9 0.33046875 0.44296875 0.11328125 0.1390625
9 0.41640625 0.809375 0.14140625 0.11796875
10 0.39609375 0.9453125 0.1265625 0.0734375
10 0.3078125 0.4796875 0.0828125 0.10234375
11 0.8296875 0.7234375 0.0609375 0.16484375
11 0.73125 0.425 0.07421875 0.159375
5 0.40859375 0.6484375 0.071875 0.159375
5 0.1109375 0.6859375 0.10234375 0.1390625
6 0.61484375 0.675 0.12265625 0.071875
6 0.91796875 0.4171875 0.05234375 0.17421875
7 0.796875 0.52265625 0.0890625 0.125
7 0.75859375 0.50625 0.06953125 0.15625
12 0.3 0.33046875 0.0984375 0.10703125
12 0.62109375 0.5421875 0.03671875 0.1328125
13 0.3359375 0.88984375 0.10703125 0.0703125
13 0.75078125 0.74375 0.10625 0.071875
14 0.4875 0.64609375 0.071875 0.12109375
14 0.32734375 0.42890625 0.0375 0.12109375
15 0.4265625 0.7796875 0.084375 0.0859375
15 0.5984375 0.45625 0.0390625 0.11171875
16 0.31875 0.8265625 0.07890625 0.071875
16 0.71875 0.12890625 0.05078125 0.08984375
17 0.65390625 0.5859375 0.0484375 0.09140625
17 0.80234375 0.62734375 0.07890625 0.05625
18 0.3828125 0.66484375 0.05703125 0.0765625
18 0.628125 0.29765625 0.07578125 0.05625
19 0.24296875 0.7359375 0.0671875 0.06875
19 0.353125 0.20859375 0.04609375 0.09921875
20 0.48359375 0.80703125 0.0390625 0.0765625
20 0.32421875 0.76796875 0.05234375 0.0671875
21 0.5015625 0.73515625 0.04296875 0.0828125
21 0.3328125 0.659375 0.0671875 0.05234375
22 0.7921875 0.30703125 0.10625 0.09453125
22 0.5484375 0.81015625 0.10234375 0.0796875