0 0.50703125 0.409375 0.16640625 0.221875
0 0.4890625 0.20078125 0.08515625 0.27421875
1 0.1375 0.40859375 0.24296875 0.14765625
1 0.65625 0.2765625 0.16484375 0.1234375
2 0.3859375 0.203125 0.15859375 0.11640625
2 0.2640625 0.3046875 0.21171875 0.0703125
3 0.6296875 0.465625 0.12734375 0.17265625
3 0.16328125 0.67734375 0.1171875 0.1953125
4 0.553125 0.80703125 0.1859375 0.1359375
4 0.55234375 0.40390625 0.1453125 0.17421875
8 0.2609375 0.1421875 0.1828125 0.11640625
8 0.7171875 0.4234375 0.08984375 0.17734375
9 0.21953125 0.6859375 0.13515625 0.1359375
9 0.77109375 0.6 0.08984375 0.159375
10 0.496875 0.67421875 0.12890625 0.1359375
10 0.3640625 0.51484375 0.14375 0.11015625
11 0.82109375 0.6828125 0.115625 0.11484375
11 0.83046875 0.6203125 0.13046875 0.0984375
5 0.52109375 0.5671875 0.06328125 0.14921875
5 0.59453125 0.9125 0.12265625 0.13984375
6 0.4390625 0.52109375 0.10078125 0.14296875
6 0.8265625 0.40546875 0.1515625 0.065625
7 0.31171875 0.5578125 0.10078125 0.14296875
7 0.36953125 0.74296875 0.1125 0.1359375
12 0.2578125 0.22109375 0.10078125 0.11015625
12 0.70703125 0.55390625 0.12578125 0.05078125
13 0.41875 0.65703125 0.109375 0.08828125
13 0.5609375 0.14453125 0.075 0.11484375
14 0.44609375 0.721875 0.109375 0.08671875
14 0.6453125 0.6140625 0.0734375 0.10859375
15 0.43203125 0.8125 0.10078125 0.07578125
15 0.76328125 0.45390625 0.09453125 0.08046875
16 0.25703125 0.5953125 0.06328125 0.11328125
16 0.28203125 0.40625 0.05546875 0.11328125
17 0.36796875 0.3765625 0.06015625 0.09375
17 0.76328125 0.45390625 0.09453125 0.08046875
18 0.58671875 0.6921875 0.05703125 0.09375
18 0.703125 0.62890625 0.06171875 0.08828125
19 0.58828125 0.625 0.0765625 0.0703125
19 0.590625 0.56328125 0.08125 0.06875
20 0.9078125 0.50546875 0.06328125 0.06875
20 0.52265625 0.878125 0.06328125 0.06875
21 0.4171875 0.7453125 0.0765625 0.05234375
21 0.86640625 0.4984375 0.05859375 0.0703125
22 0.83671875 0.50234375 0.06875 0.1546875
22 0.53359375 0.2140625 0.071875 0.13984375