0 0.68515625 0.2828125 0.12734375 0.1453125
0 0.22421875 0.39609375 0.09921875 0.278125
1 0.6640625 0.46875 0.246875 0.18125
1 0.7171875 0.63671875 0.20390625 0.1234375
2 0.80703125 0.8546875 0.134375 0.15
2 0.853125 0.559375 0.12265625 0.1453125
3 0.1546875 0.4828125 0.16875 0.10234375
3 0.2234375 0.334375 0.1625 0.17890625
4 0.5984375 0.61328125 0.19609375 0.14375
4 0.634375 0.25390625 0.134375 0.1453125
8 0.634375 0.71328125 0.11953125 0.165625
8 0.21796875 0.125 0.12734375 0.18203125
9 0.7015625 0.88203125 0.140625 0.1484375
9 0.7625 0.39296875 0.10078125 0.15546875
10 0.75078125 0.50703125 0.12734375 0.13984375
10 0.771875 0.62265625 0.19296875 0.0546875
11 0.6953125 0.403125 0.134375 0.1078125
11 0.2078125 0.34453125 0.1640625 0.06875
5 0.621875 0.215625 0.05546875 0.14609375
5 0.88046875 0.7265625 0.11640625 0.15078125
6 0.5359375 0.21796875 0.171875 0.059375
6 0.27421875 0.4984375 0.1625 0.11953125
7 0.3421875 0.66171875 0.059375 0.15
7 0.65390625 0.40625 0.140625 0.121875
12 0.371875 0.32421875 0.11015625 0.1
12 0.54375 0.69609375 0.0609375 0.12421875
13 0.42109375 0.56171875 0.0921875 0.09921875
13 0.4046875 0.26484375 0.1390625 0.0546875
14 0.21796875 0.64296875 0.071875 0.11953125
14 0.46015625 0.4484375 0.10859375 0.0796875
15 0.56953125 0.5390625 0.10703125 0.078125
15 0.834375 0.50078125 0.04921875 0.1078125
16 0.30703125 0.5640625 0.065625 0.09921875
16 0.40859375 0.60390625 0.0671875 0.0890625
17 0.22421875 0.56796875 0.10234375 0.0703125
17 0.41953125 0.45859375 0.10390625 0.06796875
18 0.365625 0.57890625 0.071875 0.0640625
18 0.31953125 0.55 0.0875 0.059375
19 0.73046875 0.68046875 0.0796875 0.06640625
19 0.25546875 0.72890625 0.10703125 0.046875
20 0.6953125 0.38203125 0.04921875 0.0625
20 0.47421875 0.5578125 0.05078125 0.0625
21 0.51015625 0.4375 0.05234375 0.08203125
21 0.30078125 0.38828125 0.084375 0.046875
22 0.4515625 0.371875 0.0796875 0.09921875
22 0.259375 0.68984375 0.08125 0.165625