0 0.38046875 0.3484375 0.1296875 0.10546875
0 0.40625 0.34765625 0.13359375 0.0921875
1 0.11875 0.26796875 0.084375 0.18125
1 0.08828125 0.2984375 0.14140625 0.08515625
2 0.69375 0.45078125 0.07109375 0.1546875
2 0.2390625 0.50078125 0.0703125 0.153125
3 0.48125 0.453125 0.10625 0.0734375
3 0.2734375 0.38671875 0.03671875 0.15
4 0.30859375 0.33515625 0.03828125 0.13828125
4 0.05 0.346875 0.09921875 0.07109375
8 0.43359375 0.08984375 0.10078125 0.11328125
8 0.72421875 0.4234375 0.03515625 0.159375
9 0.534375 0.784375 0.07734375 0.10625
9 0.48359375 0.5421875 0.0828125 0.0890625
10 0.3046875 0.9546875 0.1 0.04921875
10 0.09609375 0.3671875 0.08671875 0.05703125
11 0.25078125 0.4609375 0.05859375 0.09765625
11 0.72109375 0.06953125 0.08046875 0.0671875
5 0.21171875 0.35390625 0.0390625 0.1203125
5 0.509375 0.17578125 0.0875 0.05
6 0.5359375 0.44765625 0.05234375 0.115625
6 0.240625 0.36796875 0.03046875 0.115625
7 0.4046875 0.41171875 0.0765625 0.06796875
7 0.7546875 0.8875 0.03515625 0.12109375
12 0.284375 0.5390625 0.03828125 0.0921875
12 0.35859375 0.29921875 0.0640625 0.05546875
13 0.7171875 0.625 0.0703125 0.04921875
13 0.36796875 0.91953125 0.06875 0.065625
14 0.7796875 0.8765625 0.04375 0.09375
14 0.95703125 0.2484375 0.06875 0.06796875
15 0.15703125 0.39140625 0.059375 0.0625
15 0.2140625 0.484375 0.05 0.07734375
16 0.0359375 0.290625 0.065625 0.0421875
16 0.35234375 0.87890625 0.06328125 0.046875
17 0.17734375 0.753125 0.040625 0.08359375
17 0.65703125 0.77109375 0.05625 0.05859375
18 0.9453125 0.2953125 0.05 0.046875
18 0.8078125 0.43125 0.03671875 0.071875
19 0.45078125 0.4125 0.02734375 0.0671875
19 0.13515625 0.24453125 0.04765625 0.0421875
20 0.41015625 0.88828125 0.0421875 0.04765625
20 0.81640625 0.47734375 0.03515625 0.059375
21 0.75234375 0.32890625 0.034375 0.0703125
21 0.9203125 0.284375 0.0421875 0.06171875
22 0.08515625 0.66796875 0.08671875 0.10625
23 0.61328125 0.928125 0.03359375 0.06171875