0 0.31796875 0.43125 0.1359375 0.25234375
0 0.7046875 0.79296875 0.30625 0.12578125
1 0.16953125 0.628125 0.18359375 0.14765625
1 0.3765625 0.33046875 0.19765625 0.1421875
2 0.83125 0.3890625 0.1375 0.14921875
2 0.28125 0.2546875 0.228125 0.0796875
3 0.81796875 0.6484375 0.20703125 0.16015625
3 0.55546875 0.803125 0.0875 0.2453125
4 0.71953125 0.065625 0.13359375 0.0921875
4 0.6703125 0.7578125 0.12890625 0.22890625
8 0.65390625 0.17421875 0.19140625 0.09609375
8 0.68828125 0.85859375 0.19609375 0.12578125
9 0.72734375 0.25078125 0.0640625 0.18828125
9 0.8703125 0.484375 0.18984375 0.065625
10 0.74453125 0.5203125 0.0828125 0.17734375
10 0.7984375 0.29375 0.065625 0.19375
11 0.4296875 0.62109375 0.1390625 0.13359375
11 0.275 0.45625 0.10390625 0.16015625
5 0.48671875 0.67265625 0.159375 0.11171875
5 0.80703125 0.31640625 0.153125 0.11015625
6 0.4125 0.184375 0.12578125 0.15625
6 0.58984375 0.253125 0.13359375 0.14375
7 0.7828125 0.70390625 0.13046875 0.17578125
7 0.91796875 0.72734375 0.084375 0.18984375
12 0.67265625 0.54140625 0.0796875 0.153125
12 0.85 0.6796875 0.0765625 0.17265625
13 0.59375 0.60859375 0.05546875 0.16484375
13 0.57109375 0.47890625 0.0953125 0.1296875
14 0.3703125 0.559375 0.0671875 0.1421875
14 0.5234375 0.60546875 0.13046875 0.078125
15 0.23125 0.65 0.11796875 0.0921875
15 0.33125 0.6609375 0.0625 0.1421875
16 0.85703125 0.1640625 0.10390625 0.1015625
16 0.659375 0.2578125 0.10078125 0.0921875
17 0.53984375 0.5328125 0.059375 0.11015625
17 0.27421875 0.57734375 0.0953125 0.103125
18 0.81796875 0.56484375 0.0921875 0.07109375
18 0.709375 0.53984375 0.05390625 0.09921875
19 0.58671875 0.32421875 0.05390625 0.1015625
19 0.59765625 0.41171875 0.05546875 0.09609375
20 0.7375 0.3875 0.065625 0.08203125
20 0.30234375 0.46953125 0.065625 0.0625
21 0.6578125 0.465625 0.06875 0.0890625
21 0.46171875 0.4171875 0.08125 0.05703125
22 0.39765625 0.45390625 0.059375 0.1828125
22 0.65703125 0.35625 0.11171875 0.12265625