0 0.6296875 0.5875 0.29140625 0.19296875
0 0.365625 0.5921875 0.23359375 0.2796875
1 0.74765625 0.71328125 0.31328125 0.1390625
1 0.8 0.646875 0.2 0.1390625
2 0.3390625 0.1328125 0.1890625 0.15703125
2 0.7 0.60625 0.27109375 0.16328125
3 0.5765625 0.4359375 0.215625 0.175
3 0.1734375 0.48671875 0.24453125 0.1328125
4 0.365625 0.3484375 0.2375 0.14921875
4 0.3546875 0.48515625 0.22890625 0.1609375
8 0.47578125 0.09453125 0.20859375 0.13671875
8 0.3359375 0.8875 0.253125 0.10078125
9 0.3203125 0.78203125 0.2 0.15078125
9 0.49140625 0.90859375 0.2265625 0.11484375
10 0.84296875 0.2828125 0.19296875 0.15078125
10 0.646875 0.77734375 0.0890625 0.19921875
11 0.47890625 0.35546875 0.1796875 0.13046875
11 0.5875 0.73828125 0.11328125 0.17265625
5 0.55 0.821875 0.17578125 0.1265625
5 0.62578125 0.1890625 0.1265625 0.14921875
6 0.1453125 0.275 0.13125 0.17109375
6 0.39921875 0.63046875 0.20234375 0.09453125
7 0.28984375 0.17734375 0.1796875 0.12109375
7 0.43671875 0.8296875 0.20703125 0.08671875
12 0.246875 0.28203125 0.15078125 0.1046875
12 0.5453125 0.21328125 0.09140625 0.14453125
13 0.7046875 0.32578125 0.09296875 0.14921875
13 0.85546875 0.38828125 0.0796875 0.14921875
14 0.2453125 0.70625 0.1625 0.10078125
14 0.73125 0.4765625 0.1375 0.06875
15 0.43359375 0.49921875 0.13359375 0.08828125
15 0.2546875 0.72109375 0.1 0.13046875
16 0.7875 0.4296875 0.11328125 0.1265625
16 0.17421875 0.38515625 0.14921875 0.078125
17 0.69140625 0.41015625 0.115625 0.1046875
17 0.47421875 0.5515625 0.11328125 0.084375
18 0.06328125 0.3390625 0.078125 0.1109375
18 0.15078125 0.440625 0.115625 0.0765625
19 0.2125 0.64296875 0.11328125 0.07421875
19 0.8109375 0.796875 0.115625 0.0765625
20 0.37109375 0.69140625 0.0890625 0.07421875
20 0.171875 0.58671875 0.08671875 0.0828125
21 0.5 0.27265625 0.09765625 0.05859375
21 0.43359375 0.5765625 0.09296875 0.078125
22 0.53125 0.45546875 0.178125 0.13046875
22 0.3421875 0.3109375 0.1421875 0.12265625