0 0.68046875 0.30078125 0.1203125 0.2328125
0 0.3234375 0.72578125 0.12578125 0.1671875
1 0.409375 0.8765625 0.25546875 0.159375
1 0.34296875 0.88515625 0.240625 0.14453125
2 0.64296875 0.75 0.21484375 0.0671875
2 0.61953125 0.52265625 0.20625 0.0765625
3 0.76640625 0.58671875 0.1609375 0.14609375
3 0.2203125 0.14609375 0.19140625 0.09375
4 0.50234375 0.0921875 0.14453125 0.15
4 0.72890625 0.52890625 0.11875 0.1796875
8 0.21328125 0.215625 0.0625 0.16328125
8 0.4796875 0.2171875 0.09296875 0.13984375
9 0.2109375 0.9 0.13828125 0.0765625
9 0.61953125 0.7640625 0.140625 0.1171875
10 0.5890625 0.4109375 0.15546875 0.06953125
10 0.09921875 0.35859375 0.05859375 0.15625
11 0.52265625 0.1953125 0.13515625 0.08671875
11 0.74609375 0.40625 0.06796875 0.1296875
5 0.43359375 0.11953125 0.13515625 0.1078125
5 0.65 0.315625 0.12578125 0.071875
6 0.44453125 0.14765625 0.05625 0.1328125
6 0.26875 0.24921875 0.07265625 0.1296875
7 0.5625 0.68359375 0.13515625 0.09765625
7 0.4953125 0.5515625 0.11328125 0.11015625
12 0.4421875 0.2734375 0.08046875 0.09140625
12 0.7796875 0.61171875 0.084375 0.1
13 0.1703125 0.27890625 0.10234375 0.08515625
13 0.55625 0.59609375 0.0515625 0.10234375
14 0.590625 0.27734375 0.10234375 0.1015625
14 0.428125 0.3078125 0.0859375 0.08671875
15 0.7625 0.303125 0.0625 0.10625
15 0.303125 0.58515625 0.10390625 0.046875
16 0.1109375 0.3453125 0.10625 0.059375
16 0.5953125 0.51328125 0.09296875 0.0703125
17 0.04375 0.31171875 0.08203125 0.06953125
17 0.215625 0.58125 0.06015625 0.08515625
18 0.29296875 0.62734375 0.053125 0.071875
18 0.3875 0.2453125 0.05625 0.071875
19 0.225 0.7796875 0.07265625 0.071875
19 0.35234375 0.20390625 0.0546875 0.07265625
20 0.18046875 0.4734375 0.0515625 0.0703125
20 0.21640625 0.828125 0.06171875 0.059375
21 0.33984375 0.27734375 0.07109375 0.04921875
21 0.91171875 0.1796875 0.0859375 0.05234375
22 0.64921875 0.1515625 0.12421875 0.08515625
22 0.33828125 0.85078125 0.12734375 0.1296875