0 0.6046875 0.60546875 0.1921875 0.2578125
0 0.3390625 0.290625 0.08515625 0.29140625
1 0.6140625 0.31171875 0.27421875 0.1234375
1 0.3734375 0.31484375 0.0703125 0.265625
2 0.51953125 0.30234375 0.11484375 0.21875
2 0.51796875 0.259375 0.1953125 0.1234375
3 0.3109375 0.79453125 0.07265625 0.15703125
3 0.41953125 0.4390625 0.05546875 0.20859375
4 0.709375 0.70625 0.18515625 0.1
4 0.53984375 0.72890625 0.20234375 0.07265625
8 0.278125 0.70234375 0.17421875 0.05859375
8 0.31796875 0.52734375 0.17734375 0.096875
9 0.7484375 0.43359375 0.17265625 0.08359375
9 0.3640625 0.85859375 0.0609375 0.17421875
10 0.72421875 0.22578125 0.14921875 0.1125
10 0.7265625 0.3625 0.11484375 0.1421875
11 0.75234375 0.63046875 0.15234375 0.07890625
11 0.78828125 0.5203125 0.065625 0.16640625
5 0.246875 0.37109375 0.1296875 0.09140625
5 0.471875 0.37890625 0.0703125 0.15
6 0.3046875 0.63515625 0.14140625 0.10625
6 0.57578125 0.43828125 0.05546875 0.16328125
7 0.92421875 0.81953125 0.125 0.1296875
7 0.471875 0.82109375 0.07265625 0.1328125
12 0.65 0.41015625 0.08359375 0.1109375
12 0.53046875 0.65546875 0.0984375 0.109375
13 0.703125 0.50390625 0.11640625 0.07890625
13 0.25 0.446875 0.096875 0.09375
14 0.24375 0.3109375 0.11484375 0.07265625
14 0.65703125 0.3234375 0.08671875 0.10625
15 0.1015625 0.4421875 0.0984375 0.08515625
15 0.2484375 0.75859375 0.08515625 0.103125
16 0.1953125 0.46171875 0.08671875 0.1015625
16 0.27578125 0.1890625 0.071875 0.115625
17 0.63828125 0.81171875 0.090625 0.07734375
17 0.3546875 0.08125 0.0890625 0.096875
18 0.45546875 0.54375 0.07890625 0.07578125
18 0.63203125 0.36484375 0.04765625 0.08203125
19 0.1765625 0.61171875 0.0640625 0.08828125
19 0.17109375 0.35390625 0.059375 0.08828125
20 0.41796875 0.740625 0.0703125 0.07421875
20 0.73984375 0.38046875 0.0609375 0.05078125
21 0.125 0.3515625 0.059375 0.07734375
21 0.2875 0.7953125 0.059375 0.06640625
22 0.8703125 0.32109375 0.10703125 0.18828125
22 0.2953125 0.546875 0.134375 0.15