0 0.14609375 0.75078125 0.14296875 0.14453125
0 0.5265625 0.634375 0.11796875 0.24140625
1 0.4921875 0.56875 0.3234375 0.121875
1 0.81640625 0.83046875 0.17109375 0.15078125
2 0.4671875 0.26484375 0.2484375 0.12578125
2 0.6171875 0.08984375 0.2375 0.11484375
3 0.70703125 0.93984375 0.28203125 0.0875
3 0.49296875 0.37109375 0.225 0.12578125
4 0.43984375 0.865625 0.2625 0.08984375
4 0.68046875 0.64609375 0.14296875 0.090625
8 0.4015625 0.39140625 0.225 0.0875
8 0.1453125 0.625 0.2015625 0.14609375
9 0.74609375 0.60703125 0.08203125 0.1578125
9 0.13828125 0.4265625 0.14140625 0.16484375
10 0.1859375 0.61796875 0.13203125 0.1203125
10 0.58984375 0.53828125 0.1234375 0.1109375
11 0.53359375 0.42578125 0.12890625 0.1015625
11 0.4359375 0.1828125 0.1609375 0.090625
5 0.70078125 0.86171875 0.08046875 0.13125
5 0.58359375 0.43671875 0.15390625 0.10859375
6 0.5953125 0.83359375 0.1984375 0.0671875
6 0.51875 0.2703125 0.20859375 0.06328125
7 0.40546875 0.90390625 0.19609375 0.10390625
7 0.3546875 0.26015625 0.19453125 0.08984375
12 0.25703125 0.75 0.1 0.11015625
12 0.3359375 0.803125 0.15390625 0.07734375
13 0.56953125 0.7640625 0.11796875 0.08515625
13 0.64765625 0.51875 0.13359375 0.08125
14 0.58046875 0.8265625 0.1140625 0.09296875
14 0.0765625 0.5875 0.07109375 0.128125
15 0.57109375 0.92734375 0.14609375 0.071875
15 0.24140625 0.371875 0.10703125 0.0875
16 0.45390625 0.52890625 0.07109375 0.08828125
16 0.61953125 0.15390625 0.1390625 0.06328125
17 0.77109375 0.50234375 0.0890625 0.0796875
17 0.68515625 0.44375 0.0625 0.0796875
18 0.35625 0.41640625 0.0765625 0.075
18 0.64296875 0.76796875 0.1109375 0.04921875
19 0.34609375 0.6234375 0.09609375 0.06796875
19 0.73828125 0.3765625 0.0734375 0.07421875
20 0.50078125 0.50390625 0.0875 0.0515625
20 0.3546875 0.57734375 0.0984375 0.0453125
21 0.50859375 0.615625 0.0859375 0.04921875
21 0.42734375 0.60546875 0.08359375 0.059375
22 0.2890625 0.68203125 0.2109375 0.05
23 0.38515625 0.49609375 0.09453125 0.06328125