0 0.14296875 0.46328125 0.11953125 0.18515625
0 0.853125 0.33203125 0.1703125 0.14375
1 0.6671875 0.28671875 0.14296875 0.309375
1 0.40234375 0.24765625 0.18125 0.1703125
2 0.8734375 0.46015625 0.12265625 0.178125
2 0.45234375 0.18359375 0.17734375 0.171875
3 0.8609375 0.771875 0.08671875 0.27734375
3 0.253125 0.19140625 0.19609375 0.153125
4 0.70234375 0.89375 0.1890625 0.11640625
4 0.734375 0.70625 0.21640625 0.1546875
8 0.146875 0.56328125 0.21171875 0.078125
8 0.69140625 0.79921875 0.22890625 0.11484375
9 0.59140625 0.7484375 0.10078125 0.128125
9 0.49765625 0.421875 0.19609375 0.078125
10 0.378125 0.63828125 0.08671875 0.1953125
10 0.75 0.67890625 0.17890625 0.084375
11 0.5890625 0.103125 0.19140625 0.1109375
11 0.675 0.21875 0.128125 0.1703125
5 0.64609375 0.60625 0.17890625 0.09921875
5 0.48046875 0.75546875 0.13828125 0.1609375
6 0.428125 0.80625 0.17734375 0.11640625
6 0.221875 0.3375 0.18125 0.09375
7 0.4921875 0.58515625 0.16875 0.11484375
7 0.784375 0.6578125 0.09765625 0.19921875
12 0.54609375 0.23046875 0.08203125 0.146875
12 0.47109375 0.23359375 0.1328125 0.06875
13 0.73203125 0.3921875 0.12265625 0.08046875
13 0.51015625 0.346875 0.0578125 0.14375
14 0.73359375 0.828125 0.14296875 0.084375
14 0.63828125 0.315625 0.13984375 0.06875
15 0.67890625 0.478125 0.12265625 0.06484375
15 0.3171875 0.6203125 0.06171875 0.14375
16 0.703125 0.63515625 0.11640625 0.07265625
16 0.56875 0.47109375 0.08671875 0.08984375
17 0.44140625 0.53046875 0.059375 0.078125
17 0.48671875 0.5515625 0.0515625 0.09765625
18 0.646875 0.54296875 0.06171875 0.103125
18 0.34921875 0.2921875 0.08359375 0.08046875
19 0.66484375 0.421875 0.08359375 0.09375
19 0.75546875 0.52265625 0.059375 0.109375
20 0.66328125 0.90625 0.08671875 0.07265625
20 0.4375 0.5828125 0.0703125 0.05390625
21 0.484375 0.47265625 0.071875 0.084375
21 0.584375 0.52578125 0.08046875 0.0609375
22 0.23046875 0.4484375 0.10546875 0.11640625
23 0.74765625 0.21640625 0.06484375 0.0953125