0 0.678125 0.675 0.07578125 0.16640625
0 0.478125 0.4984375 0.14453125 0.10859375
1 0.228125 0.34296875 0.0546875 0.2046875
1 0.57578125 0.47265625 0.09921875 0.10859375
2 0.23671875 0.1765625 0.06875 0.14375
2 0.8484375 0.303125 0.0703125 0.1
3 0.31640625 0.8640625 0.0609375 0.1734375
3 0.25234375 0.6953125 0.0859375 0.08984375
4 0.40859375 0.85703125 0.1140625 0.084375
4 0.6453125 0.8203125 0.0734375 0.1140625
8 0.6640625 0.58984375 0.05859375 0.15
8 0.44375 0.63046875 0.04921875 0.17890625
9 0.7265625 0.425 0.11796875 0.05078125
9 0.80625 0.51328125 0.11796875 0.1
10 0.209375 0.08984375 0.06640625 0.1046875
10 0.92890625 0.3671875 0.078125 0.07109375
11 0.07734375 0.42734375 0.0828125 0.0796875
11 0.28046875 0.91796875 0.09296875 0.08984375
5 0.56953125 0.5296875 0.05546875 0.0625
5 0.7640625 0.69453125 0.05703125 0.12578125
6 0.51328125 0.40234375 0.09921875 0.04375
6 0.815625 0.45703125 0.10234375 0.04296875
7 0.8609375 0.1515625 0.10390625 0.04140625
7 0.83515625 0.4390625 0.10546875 0.04375
12 0.2546875 0.65625 0.075 0.0609375
12 0.72421875 0.67421875 0.03671875 0.10625
13 0.45625 0.490625 0.06015625 0.0875
13 0.24296875 0.82109375 0.08359375 0.03828125
14 0.95625 0.27109375 0.0625 0.0734375
14 0.03984375 0.25859375 0.04375 0.090625
15 0.6625 0.46171875 0.0484375 0.0859375
15 0.378125 0.9328125 0.0640625 0.0578125
16 0.9390625 0.246875 0.06640625 0.0671875
16 0.21875 0.94921875 0.03828125 0.09609375
17 0.76484375 0.59296875 0.05703125 0.04765625
17 0.0359375 0.3484375 0.05078125 0.05078125
18 0.4890625 0.775 0.0375 0.06953125
18 0.78828125 0.275 0.046875 0.059375
19 0.78515625 0.3078125 0.04765625 0.05078125
19 0.82109375 0.41328125 0.04921875 0.046875
20 0.88359375 0.2390625 0.04765625 0.04609375
20 0.76875 0.33828125 0.04765625 0.04375
21 0.2828125 0.121875 0.0359375 0.0625
21 0.284375 0.0328125 0.0375 0.0640625
22 0.5921875 0.478125 0.04765625 0.1234375
23 0.49375 0.1484375 0.04453125 0.0375