0 0.7984375 0.4703125 0.16640625 0.09609375
0 0.4046875 0.6765625 0.17734375 0.1609375
1 0.309375 0.5671875 0.2453125 0.06640625
1 0.29375 0.42421875 0.2203125 0.065625
2 0.09609375 0.29375 0.18203125 0.10546875
2 0.6234375 0.64375 0.215625 0.05859375
3 0.7515625 0.3984375 0.15703125 0.06328125
3 0.57734375 0.4921875 0.10390625 0.12890625
4 0.81015625 0.58359375 0.07734375 0.140625
4 0.2125 0.4859375 0.2015625 0.06015625
8 0.9078125 0.59375 0.13984375 0.08828125
8 0.515625 0.7203125 0.13828125 0.0765625
9 0.3203125 0.1953125 0.09609375 0.0765625
9 0.19921875 0.4859375 0.09609375 0.11875
10 0.20234375 0.5515625 0.15234375 0.05078125
10 0.8171875 0.23671875 0.12109375 0.06484375
11 0.33359375 0.94375 0.11953125 0.0984375
11 0.70234375 0.1796875 0.10859375 0.1078125
5 0.38359375 0.353125 0.12265625 0.090625
5 0.5171875 0.39140625 0.07578125 0.10859375
6 0.49609375 0.18359375 0.12734375 0.065625
6 0.63515625 0.3953125 0.09140625 0.09375
7 0.34375 0.628125 0.08046875 0.08359375
7 0.32421875 0.69765625 0.11015625 0.075
12 0.2703125 0.94921875 0.08515625 0.0859375
12 0.15703125 0.03984375 0.12890625 0.0546875
13 0.78828125 0.30390625 0.11796875 0.06015625
13 0.76640625 0.178125 0.13359375 0.05546875
14 0.56328125 0.5953125 0.07890625 0.0765625
14 0.44609375 0.63359375 0.08359375 0.05625
15 0.48984375 0.45546875 0.09921875 0.06640625
15 0.21796875 0.16328125 0.0609375 0.07109375
16 0.5734375 0.41328125 0.0609375 0.065625
16 0.75625 0.271875 0.11015625 0.05
17 0.45234375 0.4703125 0.07734375 0.0625
17 0.24140625 0.25078125 0.0546875 0.07265625
18 0.37890625 0.3984375 0.08515625 0.05
18 0.31796875 0.45703125 0.07890625 0.04296875
19 0.60390625 0.125 0.08203125 0.05546875
19 0.61484375 0.5953125 0.05625 0.05546875
20 0.4015625 0.4828125 0.07734375 0.03984375
20 0.29140625 0.2546875 0.07109375 0.04296875
21 0.30234375 0.54453125 0.07109375 0.05078125
21 0.56015625 0.31015625 0.0609375 0.053125
22 0.2640625 0.13515625 0.07890625 0.1078125
23 0.4296875 0.334375 0.0546875 0.053125