0 0.271875 0.10859375 0.234375 0.1515625
0 0.59140625 0.14296875 0.3046875 0.22109375
1 0.77265625 0.56171875 0.1421875 0.2109375
1 0.56328125 0.69609375 0.1546875 0.2109375
2 0.725 0.153125 0.18125 0.1671875
2 0.63671875 0.321875 0.3265625 0.09375
3 0.221875 0.675 0.140625 0.20859375
3 0.11171875 0.5609375 0.1578125 0.1984375
4 0.68515625 0.85546875 0.2734375 0.0734375
4 0.775 0.365625 0.1375 0.11640625
8 0.884375 0.53984375 0.090625 0.24921875
8 0.284375 0.34140625 0.134375 0.20390625
9 0.14453125 0.36171875 0.0921875 0.20859375
9 0.43671875 0.1421875 0.1859375 0.19140625
10 0.5234375 0.15546875 0.184375 0.1171875
10 0.68203125 0.78125 0.2015625 0.10625
11 0.3703125 0.8953125 0.18125 0.1078125
11 0.196875 0.70234375 0.1 0.15859375
5 0.59921875 0.36640625 0.1265625 0.1546875
5 0.5359375 0.80234375 0.15 0.1234375
6 0.14609375 0.77890625 0.1328125 0.178125
6 0.565625 0.7296875 0.215625 0.0453125
7 0.465625 0.89140625 0.1875 0.11171875
7 0.22890625 0.36171875 0.2328125 0.0640625
12 0.4734375 0.396875 0.146875 0.1359375
12 0.64921875 0.84375 0.0546875 0.14609375
13 0.47421875 0.25390625 0.1578125 0.0796875
13 0.540625 0.52890625 0.090625 0.1484375
14 0.5734375 0.284375 0.15 0.06953125
14 0.434375 0.76875 0.159375 0.0484375
15 0.46328125 0.49921875 0.0921875 0.09453125
15 0.703125 0.678125 0.134375 0.07109375
16 0.28515625 0.24296875 0.1515625 0.08046875
16 0.27265625 0.76328125 0.1453125 0.05078125
17 0.21875 0.29453125 0.090625 0.09609375
17 0.384375 0.459375 0.0875 0.0890625
18 0.66953125 0.29296875 0.0953125 0.0765625
18 0.41953125 0.8109375 0.0953125 0.071875
19 0.27109375 0.8046875 0.0984375 0.0765625
19 0.23203125 0.559375 0.0953125 0.0734375
20 0.3625 0.52109375 0.096875 0.059375
20 0.21953125 0.5125 0.0546875 0.06796875
21 0.30078125 0.615625 0.0828125 0.0578125
21 0.50859375 0.69453125 0.0984375 0.046875
22 0.75546875 0.78359375 0.1953125 0.125
23 0.17265625 0.54921875 0.0546875 0.0921875