0 0.840625 0.3921875 0.21953125 0.1265625
0 0.75234375 0.353125 0.16640625 0.1421875
1 0.11328125 0.46875 0.1625 0.21015625
1 0.38203125 0.82421875 0.2125 0.11953125
2 0.2421875 0.84140625 0.16953125 0.2015625
2 0.67109375 0.359375 0.1484375 0.1328125
3 0.346875 0.19140625 0.184375 0.103125
3 0.29375 0.621875 0.159375 0.18046875
4 0.66953125 0.7109375 0.08671875 0.16953125
4 0.40234375 0.59921875 0.20703125 0.13515625
8 0.64453125 0.1921875 0.18046875 0.103125
8 0.315625 0.44765625 0.05859375 0.19921875
9 0.73046875 0.5453125 0.146875 0.13984375
9 0.29609375 0.590625 0.1859375 0.11953125
10 0.0671875 0.35859375 0.08125 0.16328125
10 0.3328125 0.15234375 0.14140625 0.14375
11 0.61171875 0.7140625 0.07578125 0.14140625
11 0.5 0.1171875 0.19296875 0.05078125
5 0.6046875 0.31015625 0.12890625 0.13828125
5 0.7375 0.65546875 0.09765625 0.15390625
6 0.71171875 0.48828125 0.1875 0.07890625
6 0.20234375 0.3125 0.1046875 0.13984375
7 0.33515625 0.5125 0.19609375 0.0609375
7 0.4078125 0.9375 0.19296875 0.08359375
12 0.72890625 0.15 0.159375 0.06640625
12 0.75546875 0.54375 0.159375 0.0859375
13 0.7421875 0.26328125 0.146875 0.05234375
13 0.234375 0.42109375 0.14375 0.0578125
14 0.59921875 0.42421875 0.13984375 0.06875
14 0.5078125 0.08359375 0.1453125 0.05078125
15 0.4796875 0.65546875 0.0921875 0.0875
15 0.55859375 0.1765625 0.08671875 0.1015625
16 0.4625 0.75546875 0.10078125 0.1
16 0.60703125 0.46171875 0.0921875 0.09140625
17 0.371875 0.8765625 0.1203125 0.0578125
17 0.52578125 0.7515625 0.078125 0.090625
18 0.6359375 0.6046875 0.06875 0.090625
18 0.5375 0.66015625 0.0546875 0.090625
19 0.26171875 0.23828125 0.109375 0.0453125
19 0.115625 0.2625 0.065625 0.0875
20 0.5109375 0.05546875 0.10078125 0.046875
20 0.3375 0.390625 0.1078125 0.0421875
21 0.84375 0.2671875 0.06171875 0.08359375
21 0.2265625 0.31484375 0.0640625 0.07890625
22 0.86484375 0.5234375 0.1609375 0.13515625