0 0.603125 0.29375 0.17265625 0.1296875
0 0.89609375 0.74609375 0.17421875 0.071875
1 0.3078125 0.81796875 0.11875 0.1828125
1 0.25 0.87265625 0.16015625 0.10703125
2 0.27109375 0.565625 0.109375 0.14765625
2 0.565625 0.51875 0.1375 0.07578125
3 0.4328125 0.32421875 0.115625 0.13125
3 0.1890625 0.79765625 0.13125 0.0828125
4 0.828125 0.575 0.13125 0.06640625
4 0.16484375 0.4703125 0.08984375 0.15
8 0.47109375 0.74140625 0.121875 0.1
8 0.7390625 0.46484375 0.1265625 0.06484375
9 0.16015625 0.21171875 0.1171875 0.09453125
9 0.5296875 0.41796875 0.08046875 0.13671875
10 0.8203125 0.79375 0.09140625 0.1125
10 0.6578125 0.625 0.10625 0.07734375
11 0.11484375 0.75390625 0.08515625 0.11484375
11 0.6703125 0.5234375 0.06953125 0.1109375
5 0.24609375 0.7109375 0.07578125 0.1203125
5 0.73828125 0.64140625 0.06953125 0.121875
6 0.8046875 0.67265625 0.096875 0.1
6 0.49609375 0.64296875 0.103125 0.0921875
7 0.5984375 0.41484375 0.0984375 0.1015625
7 0.43125 0.25546875 0.09375 0.103125
12 0.16875 0.92421875 0.09140625 0.07734375
12 0.58515625 0.69140625 0.08359375 0.08125
13 0.38828125 0.0609375 0.09375 0.0890625
13 0.58203125 0.35859375 0.08359375 0.07421875
14 0.8875 0.6671875 0.07109375 0.09609375
14 0.2390625 0.4125 0.05234375 0.10703125
15 0.72109375 0.7265625 0.07578125 0.08125
15 0.43125 0.53828125 0.08515625 0.0703125
16 0.3203125 0.3953125 0.07890625 0.07734375
16 0.31640625 0.68984375 0.05546875 0.0921875
17 0.35546875 0.58671875 0.07265625 0.06875
17 0.7765625 0.7109375 0.06796875 0.0609375
18 0.56875 0.58046875 0.06328125 0.07734375
18 0.765625 0.40859375 0.07109375 0.059375
19 0.32890625 0.45 0.06484375 0.071875
19 0.725 0.3578125 0.05546875 0.0796875
20 0.83125 0.63671875 0.05703125 0.06484375
20 0.25625 0.51875 0.05546875 0.06484375
21 0.2125 0.18125 0.06328125 0.05546875
21 0.66484375 0.38515625 0.05234375 0.07578125
22 0.403125 0.83359375 0.0984375 0.1109375
22 0.32890625 0.50859375 0.09296875 0.11484375