0 0.28671875 0.43125 0.1171875 0.0921875
0 0.49921875 0.3078125 0.14765625 0.0796875
1 0.7453125 0.2421875 0.1453125 0.09296875
1 0.721875 0.3390625 0.06484375 0.18125
2 0.2890625 0.76015625 0.13671875 0.0890625
2 0.7078125 0.659375 0.06484375 0.15078125
3 0.746875 0.15625 0.08046875 0.09765625
3 0.75703125 0.20078125 0.05 0.15546875
4 0.54609375 0.66328125 0.11953125 0.084375
4 0.73515625 0.32109375 0.13359375 0.04921875
8 0.48046875 0.49453125 0.11640625 0.0734375
8 0.2703125 0.4265625 0.053125 0.12578125
9 0.528125 0.15546875 0.0484375 0.1265625
9 0.553125 0.4203125 0.09375 0.1015625
10 0.37421875 0.4046875 0.07109375 0.09765625
10 0.71015625 0.75546875 0.06796875 0.1140625
11 0.52734375 0.35390625 0.07265625 0.078125
11 0.39375 0.51015625 0.07734375 0.075
5 0.425 0.4546875 0.06796875 0.1
5 0.27421875 0.92109375 0.06171875 0.1234375
6 0.496875 0.23046875 0.0390625 0.096875
6 0.61328125 0.33671875 0.09921875 0.0453125
7 0.42109375 0.2578125 0.0765625 0.0734375
7 0.71640625 0.08828125 0.09375 0.04921875
12 0.31640625 0.4421875 0.0734375 0.053125
12 0.61328125 0.3859375 0.03984375 0.096875
13 0.4015625 0.165625 0.07734375 0.0453125
13 0.61171875 0.475 0.03515625 0.1046875
14 0.6765625 0.75625 0.07734375 0.06796875
14 0.4828125 0.37421875 0.0515625 0.08046875
15 0.5640625 0.62109375 0.04453125 0.07578125
15 0.8125 0.2328125 0.07109375 0.04609375
16 0.4703125 0.67890625 0.071875 0.05625
16 0.35234375 0.9 0.0421875 0.09296875
17 0.571875 0.45703125 0.04453125 0.07265625
17 0.38828125 0.56484375 0.03984375 0.07109375
18 0.48046875 0.16328125 0.05546875 0.04609375
18 0.48203125 0.5671875 0.0359375 0.06796875
19 0.59765625 0.72265625 0.05546875 0.05625
19 0.64140625 0.39921875 0.05390625 0.05859375
20 0.81015625 0.3984375 0.0390625 0.0625
20 0.8109375 0.34765625 0.0390625 0.0515625
21 0.61484375 0.2921875 0.03515625 0.05859375
21 0.5265625 0.59140625 0.05 0.0453125
22 0.46796875 0.22421875 0.03359375 0.109375
23 0.58125 0.2296875 0.046875 0.0515625