0 0.559375 0.3125 0.12734375 0.15703125
0 0.43984375 0.6359375 0.159375 0.04609375
1 0.8046875 0.50625 0.14609375 0.08828125
1 0.7765625 0.53671875 0.1265625 0.14765625
2 0.9171875 0.6421875 0.134375 0.096875
2 0.24140625 0.21875 0.07578125 0.090625
3 0.50234375 0.35234375 0.1 0.1015625
3 0.62734375 0.19609375 0.1015625 0.11015625
4 0.046875 0.471875 0.0796875 0.125
4 0.471875 0.93671875 0.11796875 0.0421875
8 0.28125 0.47421875 0.0484375 0.12890625
8 0.8140625 0.38828125 0.034375 0.15
9 0.3984375 0.8046875 0.10234375 0.05546875
9 0.784375 0.80625 0.09296875 0.10078125
10 0.4671875 0.93359375 0.0546875 0.10625
10 0.35546875 0.9203125 0.0953125 0.0484375
11 0.409375 0.58359375 0.0875 0.06328125
11 0.60546875 0.89375 0.0921875 0.0375
5 0.6765625 0.87109375 0.0625 0.08515625
5 0.45546875 0.6484375 0.06171875 0.1046875
6 0.37265625 0.38984375 0.09140625 0.0671875
6 0.57109375 0.71484375 0.04453125 0.11015625
7 0.68671875 0.5953125 0.0328125 0.109375
7 0.60546875 0.346875 0.0875 0.0796875
12 0.465625 0.378125 0.0515625 0.07421875
12 0.3625 0.53671875 0.0453125 0.078125
13 0.4078125 0.4234375 0.07109375 0.0515625
13 0.58515625 0.6515625 0.05703125 0.0796875
14 0.709375 0.546875 0.05 0.078125
14 0.54765625 0.659375 0.05625 0.0671875
15 0.32109375 0.725 0.0640625 0.04765625
15 0.35390625 0.65078125 0.053125 0.06953125
16 0.4765625 0.78203125 0.06015625 0.06484375
16 0.28671875 0.49140625 0.07109375 0.03671875
17 0.36015625 0.36015625 0.05703125 0.04296875
17 0.57109375 0.59296875 0.0546875 0.05625
18 0.4015625 0.48203125 0.04296875 0.06171875
18 0.3859375 0.33125 0.0328125 0.0640625
19 0.7296875 0.684375 0.046875 0.059375
19 0.7453125 0.92421875 0.053125 0.04453125
20 0.69921875 0.49140625 0.0390625 0.04765625
20 0.4796875 0.43203125 0.046875 0.03828125
21 0.61953125 0.7625 0.05 0.03828125
21 0.3 0.1625 0.046875 0.05
22 0.2890625 0.55546875 0.0734375 0.10078125
23 0.32109375 0.0390625 0.04921875 0.05