0 0.36796875 0.83203125 0.259375 0.27421875
0 0.284375 0.75234375 0.12265625 0.18984375
1 0.3203125 0.4671875 0.115625 0.246875
1 0.328125 0.503125 0.39140625 0.09453125
2 0.20625 0.75234375 0.13203125 0.22578125
2 0.7203125 0.43125 0.18203125 0.290625
3 0.31953125 0.56484375 0.13046875 0.3015625
3 0.20859375 0.2625 0.10546875 0.1578125
4 0.6609375 0.6671875 0.225 0.17890625
4 0.834375 0.5453125 0.12578125 0.1625
8 0.19140625 0.49609375 0.109375 0.28046875
8 0.74921875 0.35546875 0.2265625 0.165625
9 0.48671875 0.1703125 0.1140625 0.22734375
9 0.52734375 0.35390625 0.15859375 0.1234375
10 0.6015625 0.134375 0.24140625 0.10078125
10 0.57109375 0.115625 0.18671875 0.16875
11 0.74453125 0.21171875 0.07109375 0.2125
11 0.79375 0.48359375 0.1125 0.2171875
5 0.73359375 0.36328125 0.12578125 0.2046875
5 0.32890625 0.346875 0.23125 0.06640625
6 0.3828125 0.26875 0.18984375 0.10546875
6 0.20546875 0.4125 0.16328125 0.10390625
7 0.1 0.5375 0.1109375 0.1984375
7 0.61953125 0.41015625 0.05625 0.21953125
12 0.41171875 0.55 0.0828125 0.1296875
12 0.403125 0.6234375 0.16171875 0.14296875
13 0.2703125 0.5828125 0.10078125 0.1328125
13 0.7421875 0.46796875 0.1453125 0.0765625
14 0.45078125 0.71640625 0.15390625 0.0765625
14 0.90234375 0.55625 0.0828125 0.1671875
15 0.39609375 0.18515625 0.0609375 0.14296875
15 0.50625 0.32734375 0.0609375 0.115625
16 0.44296875 0.825 0.15234375 0.06796875
16 0.38125 0.13828125 0.18359375 0.08125
17 0.82890625 0.64609375 0.0609375 0.13671875
17 0.4515625 0.20703125 0.1125 0.0765625
18 0.790625 0.24765625 0.07109375 0.10234375
18 0.54375 0.60625 0.06640625 0.115625
19 0.7234375 0.50234375 0.10078125 0.06953125
19 0.3328125 0.15078125 0.09765625 0.1203125
20 0.621875 0.5796875 0.0890625 0.06171875
20 0.35703125 0.26796875 0.0796875 0.06796875
21 0.4109375 0.44296875 0.0875 0.084375
21 0.6546875 0.34140625 0.07578125 0.0921875
22 0.47109375 0.58671875 0.109375 0.22265625
23 0.40859375 0.37265625 0.07578125 0.06953125