0 0.46171875 0.70703125 0.22265625 0.1359375
0 0.0546875 0.72578125 0.0859375 0.209375
1 0.28359375 0.5796875 0.2453125 0.06328125
1 0.41640625 0.4390625 0.184375 0.1609375
2 0.72421875 0.4875 0.09375 0.1734375
2 0.62265625 0.434375 0.2171875 0.046875
3 0.59453125 0.525 0.1421875 0.1296875
3 0.46015625 0.89140625 0.09375 0.159375
4 0.89453125 0.728125 0.10546875 0.1546875
4 0.63515625 0.48515625 0.1453125 0.0796875
8 0.35859375 0.45078125 0.13671875 0.11015625
8 0.57578125 0.60703125 0.16328125 0.07734375
9 0.22421875 0.79765625 0.08671875 0.109375
9 0.68125 0.4921875 0.165625 0.08046875
10 0.2796875 0.82578125 0.1171875 0.09765625
10 0.48515625 0.52890625 0.1015625 0.0953125
11 0.46484375 0.86640625 0.16328125 0.046875
11 0.13046875 0.66640625 0.13203125 0.08984375
5 0.41171875 0.83203125 0.1359375 0.08046875
5 0.771875 0.55859375 0.11875 0.1
6 0.2921875 0.734375 0.13046875 0.10078125
6 0.14609375 0.51796875 0.11328125 0.0875
7 0.39609375 0.67734375 0.0859375 0.11328125
7 0.246875 0.44453125 0.140625 0.05703125
12 0.84140625 0.03671875 0.13828125 0.06875
12 0.215625 0.48203125 0.11484375 0.05390625
13 0.42265625 0.56328125 0.0765625 0.0828125
13 0.840625 0.5625 0.08984375 0.09140625
14 0.27890625 0.61328125 0.09375 0.0671875
14 0.55 0.54296875 0.0515625 0.10390625
15 0.12578125 0.6015625 0.1015625 0.065625
15 0.50546875 0.6484375 0.090625 0.07109375
16 0.88203125 0.71875 0.05703125 0.08671875
16 0.41796875 0.6140625 0.1015625 0.040625
17 0.45390625 0.53515625 0.090625 0.046875
17 0.22890625 0.52578125 0.065625 0.0671875
18 0.2375 0.6125 0.07265625 0.05703125
18 0.6578125 0.5875 0.08046875 0.0515625
19 0.46875 0.634375 0.065625 0.0625
19 0.77890625 0.51875 0.05546875 0.06875
20 0.27265625 0.51171875 0.05 0.0546875
20 0.31953125 0.53515625 0.0484375 0.0578125
21 0.3109375 0.63984375 0.06875 0.03828125
21 0.35390625 0.6265625 0.0484375 0.0609375
22 0.3875 0.78203125 0.15 0.0671875
23 0.3265625 0.465625 0.06328125 0.0546875