0 0.54921875 0.51015625 0.25625 0.15703125
0 0.59453125 0.15078125 0.1859375 0.20390625
1 0.24140625 0.2234375 0.2109375 0.184375
1 0.30625 0.340625 0.1359375 0.140625
2 0.746875 0.61328125 0.09296875 0.24921875
2 0.40625 0.32421875 0.13046875 0.19609375
3 0.23828125 0.62578125 0.12734375 0.25078125
3 0.64609375 0.85703125 0.209375 0.11171875
4 0.69296875 0.31328125 0.21328125 0.16328125
4 0.365625 0.1953125 0.14609375 0.10546875
8 0.28828125 0.68515625 0.2265625 0.11796875
8 0.81484375 0.371875 0.06171875 0.19453125
9 0.23046875 0.41328125 0.18046875 0.140625
9 0.51328125 0.528125 0.1578125 0.13125
10 0.11796875 0.37109375 0.1421875 0.16640625
10 0.5046875 0.3609375 0.07421875 0.19453125
11 0.63046875 0.8609375 0.13203125 0.1296875
11 0.45 0.7203125 0.0546875 0.19765625
5 0.23125 0.30859375 0.15625 0.0984375
5 0.859375 0.58828125 0.11171875 0.1859375
6 0.67890625 0.22734375 0.16015625 0.14375
6 0.75703125 0.178125 0.18515625 0.09375
7 0.66953125 0.28046875 0.13359375 0.16015625
7 0.58125 0.3171875 0.11328125 0.16171875
12 0.553125 0.78359375 0.14609375 0.06015625
12 0.84765625 0.66875 0.1421875 0.0921875
13 0.83203125 0.56640625 0.0671875 0.1421875
13 0.7859375 0.659375 0.09609375 0.12109375
14 0.6765625 0.58203125 0.053125 0.16328125
14 0.38046875 0.47421875 0.153125 0.08125
15 0.88046875 0.265625 0.11328125 0.08125
15 0.54765625 0.48046875 0.07734375 0.11015625
16 0.434375 0.8234375 0.1375 0.0546875
16 0.9 0.74921875 0.0546875 0.12265625
17 0.46796875 0.88515625 0.11328125 0.0875
17 0.840625 0.7671875 0.1046875 0.09375
18 0.51328125 0.6546875 0.0859375 0.07890625
18 0.06875 0.46875 0.06328125 0.11796875
19 0.640625 0.6578125 0.0515625 0.10859375
19 0.453125 0.38828125 0.07890625 0.10390625
20 0.5171875 0.69765625 0.0890625 0.0546875
20 0.859375 0.646875 0.065625 0.06796875
21 0.634375 0.5203125 0.0828125 0.11171875
21 0.571875 0.40703125 0.09140625 0.05
22 0.1359375 0.58671875 0.20078125 0.10546875
22 0.45234375 0.74296875 0.18359375 0.06484375