0 0.35 0.7859375 0.03828125 0.19453125
0 0.29140625 0.83359375 0.09765625 0.12578125
1 0.57421875 0.29765625 0.140625 0.115625
1 0.2375 0.79453125 0.1015625 0.1578125
2 0.3640625 0.4015625 0.125 0.05546875
2 0.315625 0.85546875 0.05625 0.165625
3 0.5921875 0.38359375 0.1109375 0.084375
3 0.23984375 0.28671875 0.10625 0.06796875
4 0.20390625 0.35390625 0.08515625 0.1203125
4 0.26015625 0.3875 0.0828125 0.084375
8 0.6703125 0.60859375 0.078125 0.11796875
8 0.0765625 0.209375 0.03984375 0.14765625
9 0.41484375 0.2515625 0.09765625 0.065625
9 0.30234375 0.29140625 0.09375 0.07578125
10 0.18515625 0.28203125 0.07421875 0.0796875
10 0.9265625 0.9421875 0.09375 0.06171875
11 0.4984375 0.33515625 0.08828125 0.0578125
11 0.5078125 0.146875 0.07421875 0.0984375
5 0.590625 0.24453125 0.065625 0.115625
5 0.10625 0.18984375 0.05859375 0.10234375
6 0.27578125 0.78125 0.07890625 0.08828125
6 0.603125 0.49375 0.08203125 0.0640625
7 0.384375 0.30859375 0.07421875 0.08046875
7 0.28671875 0.21875 0.078125 0.08359375
12 0.36875 0.37578125 0.06796875 0.0515625
12 0.171875 0.23671875 0.06640625 0.04765625
13 0.5828125 0.396875 0.04375 0.09375
13 0.1609375 0.1984375 0.06796875 0.05234375
14 0.6296875 0.5703125 0.06796875 0.05859375
14 0.4796875 0.24140625 0.06796875 0.0515625
15 0.1625 0.17421875 0.0609375 0.05859375
15 0.17890625 0.1453125 0.0625 0.04765625
16 0.4578125 0.353125 0.05 0.078125
16 0.83203125 0.05859375 0.06328125 0.06171875
17 0.384375 0.73046875 0.05703125 0.05234375
17 0.2125 0.1984375 0.03515625 0.0796875
18 0.49453125 0.3 0.04375 0.06640625
18 0.28828125 0.25078125 0.0390625 0.05234375
19 0.6875 0.63984375 0.0484375 0.05859375
19 0.57265625 0.6953125 0.04140625 0.0703125
20 0.31796875 0.3234375 0.03828125 0.04453125
20 0.34921875 0.30859375 0.034375 0.05390625
21 0.05390625 0.23125 0.03359375 0.0625
21 0.13046875 0.2125 0.03515625 0.05
22 0.625 0.60546875 0.09140625 0.0515625
22 0.159375 0.31484375 0.0609375 0.1015625