0 0.5078125 0.4828125 0.16953125 0.1109375
0 0.69609375 0.5078125 0.12421875 0.1296875
1 0.8828125 0.2671875 0.17109375 0.11640625
1 0.65859375 0.5609375 0.1578125 0.1546875
2 0.69453125 0.19296875 0.11484375 0.175
2 0.7015625 0.21015625 0.11484375 0.13828125
3 0.51015625 0.1546875 0.14609375 0.11953125
3 0.43671875 0.83828125 0.1109375 0.11171875
4 0.69765625 0.3390625 0.09375 0.15078125
4 0.2828125 0.6265625 0.0609375 0.17578125
8 0.25 0.9265625 0.09296875 0.115625
8 0.11328125 0.8359375 0.09921875 0.134375
9 0.58828125 0.40625 0.14296875 0.065625
9 0.709375 0.21171875 0.09921875 0.1328125
10 0.425 0.50625 0.04921875 0.1484375
10 0.28125 0.61953125 0.07734375 0.1265625
11 0.13046875 0.8546875 0.0453125 0.159375
11 0.446875 0.61171875 0.06640625 0.1328125
5 0.29296875 0.84921875 0.1328125 0.059375
5 0.3625 0.4515625 0.071875 0.0859375
6 0.58828125 0.11484375 0.05546875 0.15078125
6 0.334375 0.9140625 0.15 0.04140625
7 0.8984375 0.140625 0.11484375 0.10546875
7 0.20390625 0.6765625 0.05078125 0.12421875
12 0.88828125 0.36015625 0.08984375 0.08828125
12 0.42578125 0.72734375 0.0546875 0.125
13 0.3359375 0.546875 0.0703125 0.09140625
13 0.34609375 0.575 0.09609375 0.040625
14 0.78125 0.09609375 0.05 0.11328125
14 0.2515625 0.92734375 0.08828125 0.07265625
15 0.3875 0.496875 0.0578125 0.08671875
15 0.3890625 0.5984375 0.05546875 0.084375
16 0.36171875 0.70078125 0.078125 0.075
16 0.059375 0.6546875 0.07734375 0.084375
17 0.7328125 0.2515625 0.07421875 0.059375
17 0.21484375 0.54375 0.06875 0.075
18 0.34140625 0.62421875 0.0515625 0.06796875
18 0.26015625 0.75234375 0.0421875 0.084375
19 0.16953125 0.7109375 0.06640625 0.0703125
19 0.6046875 0.2578125 0.07578125 0.05390625
20 0.18828125 0.93203125 0.05703125 0.0625
20 0.19453125 0.61171875 0.06171875 0.04921875
21 0.628125 0.36875 0.05703125 0.0359375
21 0.24765625 0.6734375 0.04921875 0.04921875
22 0.23828125 0.5328125 0.09375 0.125
23 0.303125 0.71015625 0.05 0.0484375