0 0.5109375 0.8515625 0.2328125 0.2015625
0 0.66171875 0.2953125 0.2359375 0.10078125
1 0.6265625 0.77578125 0.20546875 0.1078125
1 0.2875 0.80703125 0.0953125 0.2015625
2 0.5515625 0.271875 0.1796875 0.10546875
2 0.70390625 0.2734375 0.07734375 0.18671875
3 0.38984375 0.30703125 0.1640625 0.13203125
3 0.30234375 0.52265625 0.18984375 0.07421875
4 0.41171875 0.89453125 0.2015625 0.0671875
4 0.83671875 0.7734375 0.1421875 0.1296875
8 0.5328125 0.12578125 0.09375 0.134375
8 0.840625 0.54765625 0.0734375 0.1484375
9 0.615625 0.55078125 0.15234375 0.08046875
9 0.6328125 0.7140625 0.1265625 0.11640625
10 0.64140625 0.384375 0.1125 0.096875
10 0.453125 0.72421875 0.15234375 0.0453125
11 0.71328125 0.8453125 0.12265625 0.09609375
11 0.60859375 0.4484375 0.1234375 0.09140625
5 0.63125 0.65625 0.13125 0.08125
5 0.775 0.49375 0.07890625 0.11484375
6 0.48203125 0.77109375 0.13828125 0.06015625
6 0.42265625 0.06015625 0.15859375 0.05546875
7 0.44296875 0.81640625 0.14375 0.0453125
7 0.6140625 0.190625 0.140625 0.07421875
12 0.51953125 0.53203125 0.0953125 0.0890625
12 0.378125 0.1890625 0.11484375 0.06328125
13 0.38125 0.1375 0.10390625 0.07421875
13 0.43828125 0.5859375 0.1046875 0.07578125
14 0.5890625 0.09921875 0.09921875 0.09609375
14 0.60546875 0.453125 0.06640625 0.09375
15 0.1625 0.7203125 0.10625 0.0609375
15 0.31171875 0.5796875 0.10234375 0.05859375
16 0.58359375 0.88671875 0.08515625 0.08046875
16 0.0578125 0.24296875 0.10390625 0.0734375
17 0.315625 0.12734375 0.059375 0.08125
17 0.52734375 0.60390625 0.0875 0.0609375
18 0.66640625 0.625 0.08046875 0.04453125
18 0.74609375 0.86328125 0.08515625 0.053125
19 0.5328125 0.9125 0.0765625 0.0671875
19 0.2265625 0.67421875 0.059375 0.0765625
20 0.096875 0.6421875 0.0734375 0.05859375
20 0.3265625 0.37265625 0.07734375 0.05625
21 0.13359375 0.68671875 0.06640625 0.05546875
21 0.27890625 0.321875 0.0546875 0.07109375
22 0.58203125 0.5 0.1484375 0.06953125
22 0.709375 0.4625 0.071875 0.128125