0 0.68828125 0.34296875 0.371875 0.10859375
0 0.2046875 0.3828125 0.23828125 0.15625
1 0.6546875 0.8 0.23125 0.20234375
1 0.2671875 0.74140625 0.27109375 0.20703125
2 0.5046875 0.6046875 0.23671875 0.153125
2 0.76015625 0.65703125 0.1875 0.2203125
3 0.30703125 0.4625 0.1765625 0.21015625
3 0.83984375 0.52265625 0.09453125 0.221875
4 0.68203125 0.6390625 0.19140625 0.18671875
4 0.628125 0.0953125 0.26953125 0.0609375
8 0.43046875 0.7515625 0.15859375 0.18203125
8 0.759375 0.3359375 0.1859375 0.1453125
9 0.18203125 0.54609375 0.0984375 0.1578125
9 0.36171875 0.86875 0.20234375 0.071875
10 0.5890625 0.91015625 0.165625 0.11015625
10 0.5171875 0.7140625 0.07265625 0.17421875
11 0.3390625 0.5171875 0.11640625 0.17421875
11 0.51875 0.1375 0.1890625 0.0796875
5 0.91328125 0.4390625 0.0890625 0.18984375
5 0.2515625 0.7703125 0.11640625 0.159375
6 0.659375 0.27109375 0.19296875 0.0921875
6 0.54375 0.753125 0.1984375 0.0671875
7 0.346875 0.37734375 0.09296875 0.18671875
7 0.5046875 0.546875 0.1203125 0.171875
12 0.18515625 0.81796875 0.13671875 0.10859375
12 0.1046875 0.55546875 0.1515625 0.075
13 0.67734375 0.76484375 0.13515625 0.078125
13 0.64765625 0.79140625 0.078125 0.12421875
14 0.67109375 0.4828125 0.0890625 0.12890625
14 0.66953125 0.225 0.1546875 0.0640625
15 0.49453125 0.9265625 0.11875 0.0796875
15 0.56953125 0.1984375 0.12578125 0.08125
16 0.8796875 0.659375 0.12421875 0.06875
16 0.746875 0.490625 0.11328125 0.078125
17 0.2625 0.51875 0.08046875 0.090625
17 0.35703125 0.21875 0.08359375 0.09921875
18 0.5 0.34921875 0.1 0.0703125
18 0.4671875 0.69609375 0.0859375 0.078125
19 0.178125 0.75078125 0.09140625 0.090625
19 0.30234375 0.71328125 0.08359375 0.0828125
20 0.42265625 0.26484375 0.0875 0.0609375
20 0.6484375 0.13671875 0.0875 0.06875
21 0.675 0.690625 0.07109375 0.0765625
21 0.38828125 0.43359375 0.06953125 0.0796875
22 0.52890625 0.40546875 0.18359375 0.10546875
22 0.47109375 0.453125 0.1328125 0.10546875