0 0.44375 0.19375 0.22734375 0.13515625
0 0.75390625 0.60390625 0.2359375 0.12578125
1 0.8265625 0.440625 0.21484375 0.12734375
1 0.1828125 0.62265625 0.1703125 0.10546875
2 0.42734375 0.77109375 0.2125 0.1390625
2 0.19375 0.925 0.1828125 0.0890625
3 0.7734375 0.5203125 0.27890625 0.15859375
3 0.51484375 0.48046875 0.2640625 0.125
4 0.596875 0.83046875 0.12109375 0.20078125
4 0.23515625 0.75859375 0.19375 0.1015625
8 0.48515625 0.684375 0.29765625 0.0796875
8 0.4 0.446875 0.29375 0.05625
9 0.2734375 0.7765625 0.24921875 0.125
9 0.6109375 0.22890625 0.1359375 0.1625
10 0.409375 0.5 0.2234375 0.06796875
10 0.49765625 0.35078125 0.259375 0.0578125
11 0.59609375 0.39609375 0.2296875 0.05546875
11 0.434375 0.2328125 0.08046875 0.13671875
5 0.35390625 0.39609375 0.24921875 0.06796875
5 0.2734375 0.50546875 0.2234375 0.059375
6 0.1796875 0.8828125 0.24921875 0.05625
6 0.5890625 0.31015625 0.20859375 0.075
7 0.12734375 0.753125 0.10625 0.146875
7 0.27734375 0.29609375 0.2703125 0.04375
12 0.32734375 0.5703125 0.17890625 0.0640625
12 0.246875 0.3375 0.19609375 0.04921875
13 0.7421875 0.5375 0.1828125 0.0578125
13 0.6 0.684375 0.19609375 0.053125
14 0.37109375 0.08515625 0.13828125 0.10546875
14 0.315625 0.26796875 0.1 0.11484375
15 0.55625 0.46484375 0.1421875 0.075
15 0.69453125 0.32734375 0.13828125 0.08125
16 0.340625 0.38515625 0.14921875 0.0796875
16 0.53203125 0.28671875 0.07265625 0.10703125
17 0.59140625 0.6046875 0.1234375 0.07734375
17 0.3125 0.64609375 0.13203125 0.06171875
18 0.25546875 0.44765625 0.11484375 0.0671875
18 0.47578125 0.63671875 0.12578125 0.05625
19 0.2203125 0.21328125 0.13828125 0.04140625
19 0.4765625 0.5578125 0.12734375 0.0375
20 0.55 0.51640625 0.0578125 0.05390625
20 0.62265625 0.490625 0.07890625 0.03203125
21 0.3734375 0.6078125 0.1125 0.04609375
21 0.49921875 0.6375 0.09140625 0.06015625
22 0.4875 0.8484375 0.19140625 0.09921875
23 0.44921875 0.584375 0.10234375 0.0359375