0 0.56875 0.63984375 0.0515625 0.28828125
0 0.39453125 0.3671875 0.1546875 0.1109375
1 0.21015625 0.43671875 0.11171875 0.21640625
1 0.42734375 0.5734375 0.12578125 0.165625
2 0.45546875 0.49375 0.11171875 0.09375
2 0.38125 0.39765625 0.0515625 0.2359375
3 0.3421875 0.75546875 0.109375 0.14765625
3 0.325 0.190625 0.0796875 0.1875
4 0.1171875 0.43046875 0.0828125 0.17421875
4 0.14375 0.3453125 0.0828125 0.096875
8 0.4359375 0.71796875 0.084375 0.17265625
8 0.21796875 0.7 0.10546875 0.08046875
9 0.234375 0.27890625 0.08671875 0.1390625
9 0.60546875 0.65234375 0.03125 0.21640625
10 0.43125 0.1015625 0.0375 0.17265625
10 0.38515625 0.225 0.03828125 0.15546875
11 0.53203125 0.73046875 0.07890625 0.12734375
11 0.86171875 0.48828125 0.071875 0.15546875
5 0.4109375 0.85234375 0.07890625 0.134375
5 0.38203125 0.44609375 0.084375 0.065625
6 0.5203125 0.14453125 0.07578125 0.1390625
6 0.13828125 0.8625 0.09140625 0.06015625
7 0.109375 0.75703125 0.04140625 0.14765625
7 0.18359375 0.56171875 0.075 0.12265625
12 0.62109375 0.75390625 0.05625 0.12421875
12 0.35546875 0.525 0.03828125 0.13203125
13 0.4546875 0.40859375 0.05859375 0.1109375
13 0.9609375 0.16328125 0.04765625 0.159375
14 0.34921875 0.14765625 0.046875 0.12421875
14 0.17109375 0.45546875 0.053125 0.10390625
15 0.171875 0.40625 0.05390625 0.08515625
15 0.46328125 0.52421875 0.04296875 0.1140625
16 0.2296875 0.42109375 0.05859375 0.0890625
16 0.3109375 0.559375 0.0484375 0.10703125
17 0.29140625 0.30703125 0.03515625 0.10546875
17 0.56171875 0.12578125 0.0546875 0.06328125
18 0.1234375 0.9328125 0.04375 0.096875
18 0.2328125 0.75234375 0.04921875 0.090625
19 0.54921875 0.45390625 0.05 0.08359375
19 0.2328125 0.16796875 0.04921875 0.071875
20 0.3859375 0.11640625 0.03046875 0.075
20 0.03515625 0.6546875 0.04140625 0.0703125
21 0.28203125 0.53671875 0.03828125 0.0890625
21 0.228125 0.47578125 0.0359375 0.0703125
22 0.2015625 0.3046875 0.06875 0.1375
23 0.59375 0.50703125 0.0296875 0.08515625