0 0.746875 0.56640625 0.18046875 0.17265625
0 0.6328125 0.2625 0.33359375 0.17734375
1 0.7328125 0.696875 0.24765625 0.1109375
1 0.11484375 0.6921875 0.16171875 0.17421875
2 0.5015625 0.2109375 0.2390625 0.1671875
2 0.159375 0.33671875 0.20390625 0.10859375
3 0.70859375 0.78359375 0.1546875 0.14921875
3 0.25390625 0.61640625 0.2125 0.1109375
4 0.2859375 0.75859375 0.2359375 0.0703125
4 0.42421875 0.30234375 0.2625 0.075
8 0.86640625 0.40390625 0.20703125 0.10859375
8 0.50078125 0.84453125 0.0828125 0.19921875
9 0.234375 0.8890625 0.221875 0.1140625
9 0.4578125 0.70625 0.07421875 0.1859375
10 0.43359375 0.5984375 0.1734375 0.06015625
10 0.32421875 0.2265625 0.16640625 0.1125
11 0.5453125 0.803125 0.1953125 0.06875
11 0.36171875 0.1578125 0.084375 0.1671875
5 0.5953125 0.47734375 0.12265625 0.134375
5 0.37109375 0.5671875 0.196875 0.0484375
6 0.0625 0.49296875 0.1109375 0.17421875
6 0.5375 0.55859375 0.06875 0.15078125
7 0.6484375 0.56875 0.0875 0.15390625
7 0.3390625 0.4359375 0.0828125 0.159375
12 0.4015625 0.4703125 0.1296875 0.10234375
12 0.39609375 0.30078125 0.13671875 0.11875
13 0.409375 0.8421875 0.07109375 0.134375
13 0.259375 0.4859375 0.134375 0.0671875
14 0.6265625 0.37734375 0.128125 0.0953125
14 0.38515625 0.37265625 0.1046875 0.0953125
15 0.53125 0.3953125 0.09609375 0.096875
15 0.16171875 0.43828125 0.10078125 0.10078125
16 0.2515625 0.81328125 0.0859375 0.10390625
16 0.71875 0.521875 0.10078125 0.10390625
17 0.4125 0.6796875 0.0671875 0.096875
17 0.84296875 0.6328125 0.11640625 0.07578125
18 0.2625 0.40546875 0.0671875 0.07578125
18 0.609375 0.228125 0.1109375 0.05234375
19 0.5984375 0.88046875 0.065625 0.0953125
19 0.8296875 0.4765625 0.0609375 0.0890625
20 0.26875 0.6796875 0.09296875 0.05859375
20 0.36484375 0.715625 0.06875 0.0640625
21 0.47890625 0.4515625 0.0890625 0.0484375
21 0.46640625 0.3875 0.07421875 0.075
22 0.56875 0.13984375 0.18828125 0.121875
22 0.75625 0.35 0.13125 0.14609375