0 0.503125 0.75625 0.1671875 0.16640625
0 0.4625 0.1578125 0.2578125 0.1796875
1 0.28828125 0.31015625 0.21640625 0.12421875
1 0.840625 0.3453125 0.18046875 0.1890625
2 0.48984375 0.35078125 0.21015625 0.12734375
2 0.240625 0.56640625 0.140625 0.17109375
3 0.3484375 0.68671875 0.21484375 0.08203125
3 0.1546875 0.57421875 0.2296875 0.07734375
4 0.61328125 0.63046875 0.1390625 0.153125
4 0.4734375 0.10390625 0.203125 0.07734375
8 0.14921875 0.33046875 0.13359375 0.1828125
8 0.53515625 0.19921875 0.16875 0.1375
9 0.51953125 0.45 0.18359375 0.07421875
9 0.33984375 0.25390625 0.2 0.0875
10 0.68515625 0.43046875 0.09765625 0.16484375
10 0.1375 0.4359375 0.165625 0.10625
11 0.79921875 0.74765625 0.1765625 0.06953125
11 0.78046875 0.57734375 0.18203125 0.059375
5 0.5890625 0.51953125 0.1171875 0.12265625
5 0.7390625 0.77890625 0.15859375 0.084375
6 0.79609375 0.61640625 0.15390625 0.07421875
6 0.7609375 0.7671875 0.08125 0.17265625
7 0.68984375 0.88515625 0.13359375 0.1546875
7 0.78828125 0.45859375 0.18203125 0.06328125
12 0.68828125 0.203125 0.15078125 0.05625
12 0.553125 0.41171875 0.084375 0.1390625
13 0.5609375 0.909375 0.10390625 0.11484375
13 0.7390625 0.35390625 0.12265625 0.09375
14 0.85234375 0.5140625 0.1375 0.0578125
14 0.41796875 0.5609375 0.05625 0.12109375
15 0.26640625 0.07578125 0.13203125 0.07265625
15 0.14765625 0.503125 0.07421875 0.1046875
16 0.21953125 0.43125 0.0625 0.12109375
16 0.2390625 0.16484375 0.10390625 0.1
17 0.24140625 0.3328125 0.109375 0.0578125
17 0.6265625 0.54765625 0.0890625 0.07578125
18 0.334375 0.371875 0.0578125 0.09375
18 0.45625 0.61171875 0.059375 0.0890625
19 0.4921875 0.85078125 0.09921875 0.05
19 0.36640625 0.5109375 0.08125 0.07734375
20 0.2125 0.2265625 0.09453125 0.046875
20 0.48984375 0.41796875 0.07734375 0.059375
21 0.5140625 0.50234375 0.09609375 0.0578125
21 0.63125 0.371875 0.0796875 0.07578125
22 0.8453125 0.65546875 0.13046875 0.153125
23 0.76875 0.52578125 0.053125 0.07109375