0 0.39375 0.09375 0.32421875 0.128125
0 0.64765625 0.8546875 0.2421875 0.1953125
1 0.20234375 0.32734375 0.33828125 0.24453125
1 0.359375 0.62109375 0.20703125 0.13828125
2 0.45859375 0.77578125 0.19453125 0.246875
2 0.5875 0.84921875 0.2703125 0.19921875
3 0.6953125 0.21484375 0.184375 0.240625
3 0.27265625 0.66484375 0.19140625 0.15390625
4 0.85703125 0.5625 0.12421875 0.26796875
4 0.72890625 0.146875 0.12421875 0.1796875
8 0.8703125 0.4421875 0.16875 0.17734375
8 0.67265625 0.71796875 0.2578125 0.1140625
9 0.19296875 0.3 0.16484375 0.21328125
9 0.78046875 0.346875 0.2421875 0.0828125
10 0.453125 0.5234375 0.2125 0.10078125
10 0.73125 0.58125 0.07734375 0.234375
11 0.48125 0.6015625 0.18046875 0.0671875
11 0.3046875 0.759375 0.18046875 0.11796875
5 0.3796875 0.31953125 0.13515625 0.134375
5 0.5703125 0.815625 0.1578125 0.159375
6 0.484375 0.390625 0.140625 0.18125
6 0.31015625 0.7703125 0.09453125 0.2265625
7 0.27578125 0.26796875 0.06640625 0.2015625
7 0.134375 0.459375 0.1140625 0.209375
12 0.57265625 0.21953125 0.1171875 0.1640625
12 0.2484375 0.44296875 0.1421875 0.0890625
13 0.17109375 0.5390625 0.0578125 0.171875
13 0.4484375 0.696875 0.0578125 0.16796875
14 0.61640625 0.45 0.06875 0.165625
14 0.09140625 0.45546875 0.115625 0.1578125
15 0.30234375 0.55546875 0.0578125 0.14375
15 0.49375 0.46484375 0.12109375 0.096875
16 0.3765625 0.48125 0.128125 0.0671875
17 0.571875 0.3234375 0.05625 0.134375
17 0.4453125 0.36171875 0.084375 0.08125
18 0.515625 0.2546875 0.10859375 0.06328125
18 0.65703125 0.45859375 0.06171875 0.1203125
19 0.87109375 0.5390625 0.0828125 0.1046875
19 0.4515625 0.19609375 0.103125 0.08515625
20 0.58359375 0.403125 0.07890625 0.08515625
20 0.68046875 0.31875 0.0875 0.05703125
21 0.365625 0.203125 0.06875 0.0984375
21 0.38828125 0.3546875 0.07890625 0.059375
22 0.2671875 0.48515625 0.17734375 0.165625
22 0.45234375 0.66796875 0.17578125 0.10859375