0 0.775 0.31484375 0.19296875 0.159375
0 0.41875 0.684375 0.2296875 0.22265625
1 0.14609375 0.6484375 0.20078125 0.31875
1 0.2921875 0.43125 0.35546875 0.10234375
2 0.3640625 0.3875 0.265625 0.1
2 0.4390625 0.60625 0.12421875 0.165625
3 0.51171875 0.27265625 0.1625 0.1734375
3 0.821875 0.45625 0.1640625 0.16328125
4 0.25078125 0.66875 0.25234375 0.08984375
4 0.17421875 0.50546875 0.10703125 0.265625
8 0.246875 0.209375 0.25625 0.1125
8 0.7484375 0.27578125 0.1703125 0.159375
9 0.71953125 0.86171875 0.21953125 0.18203125
9 0.2703125 0.12890625 0.24296875 0.07734375
10 0.84765625 0.2453125 0.178125 0.1796875
10 0.2140625 0.72578125 0.2140625 0.0859375
11 0.39375 0.2484375 0.1109375 0.19453125
11 0.72109375 0.6765625 0.09921875 0.12265625
5 0.7703125 0.5140625 0.16796875 0.14921875
5 0.58984375 0.203125 0.2046875 0.0671875
6 0.7046875 0.58515625 0.18515625 0.11015625
6 0.54140625 0.4359375 0.19921875 0.09375
7 0.5609375 0.13515625 0.18515625 0.13515625
7 0.3734375 0.66953125 0.13203125 0.1984375
12 0.6671875 0.74765625 0.1609375 0.09609375
12 0.60390625 0.35546875 0.12265625 0.11484375
13 0.3125 0.30078125 0.146875 0.11484375
13 0.6640625 0.37421875 0.146875 0.0734375
14 0.61953125 0.22109375 0.06875 0.1796875
14 0.6125 0.49609375 0.12421875 0.12890625
15 0.5296875 0.6203125 0.08046875 0.13671875
15 0.7140625 0.5640625 0.10546875 0.13125
16 0.5140625 0.50390625 0.09921875 0.12890625
16 0.2609375 0.5859375 0.10546875 0.1125
17 0.56015625 0.5375 0.05703125 0.13125
17 0.67265625 0.63359375 0.09140625 0.12265625
18 0.32734375 0.54296875 0.11875 0.0671875
18 0.61015625 0.565625 0.06484375 0.1125
19 0.32890625 0.18984375 0.103125 0.06953125
19 0.48203125 0.47890625 0.09140625 0.09375
20 0.54375 0.25859375 0.09375 0.071875
20 0.3984375 0.41171875 0.08984375 0.06328125
21 0.4046875 0.5 0.08984375 0.0671875
21 0.64140625 0.44921875 0.0671875 0.10390625
22 0.74296875 0.4 0.17421875 0.165625
23 0.65390625 0.434375 0.0953125 0.09609375