0 0.76796875 0.28125 0.11953125 0.1375
0 0.296875 0.35625 0.18046875 0.12734375
1 0.365625 0.40625 0.21171875 0.12109375
1 0.73203125 0.64140625 0.1375 0.11640625
2 0.19296875 0.63203125 0.084375 0.1875
2 0.803125 0.45625 0.06953125 0.2421875
3 0.31953125 0.25859375 0.11328125 0.21328125
3 0.84453125 0.1734375 0.18984375 0.1078125
4 0.5609375 0.3875 0.0765625 0.17578125
4 0.8859375 0.265625 0.1875 0.07421875
8 0.1328125 0.6703125 0.12734375 0.16796875
8 0.1 0.6796875 0.11484375 0.17421875
9 0.71015625 0.54140625 0.1484375 0.1015625
9 0.153125 0.49765625 0.125 0.15
10 0.63125 0.640625 0.12734375 0.13046875
10 0.56171875 0.615625 0.078125 0.15625
11 0.58046875 0.5109375 0.13125 0.11484375
11 0.56015625 0.2375 0.13984375 0.08046875
5 0.6421875 0.08203125 0.13125 0.07265625
5 0.41328125 0.32734375 0.11328125 0.12421875
6 0.459375 0.80625 0.12109375 0.13671875
6 0.7 0.3578125 0.04765625 0.16640625
7 0.51796875 0.553125 0.06171875 0.1609375
7 0.85234375 0.50234375 0.04765625 0.18046875
12 0.58984375 0.484375 0.096875 0.1046875
12 0.45390625 0.1140625 0.11484375 0.06796875
13 0.45078125 0.7375 0.05546875 0.12578125
13 0.16328125 0.409375 0.109375 0.06953125
14 0.87890625 0.3328125 0.0859375 0.11328125
14 0.62265625 0.27421875 0.09453125 0.07578125
15 0.51015625 0.3875 0.0453125 0.12265625
15 0.2375 0.646875 0.06953125 0.06640625
16 0.66953125 0.20625 0.0921875 0.090625
16 0.07109375 0.53671875 0.09453125 0.07890625
17 0.09296875 0.47265625 0.090625 0.07578125
17 0.625 0.175 0.0921875 0.059375
18 0.55 0.13125 0.0796875 0.059375
18 0.72265625 0.47734375 0.053125 0.090625
19 0.62421875 0.12421875 0.0796875 0.0578125
19 0.44765625 0.30234375 0.06640625 0.08046875
20 0.34453125 0.13046875 0.046875 0.07578125
20 0.53125 0.209375 0.04765625 0.06953125
21 0.6578125 0.43984375 0.0578125 0.07734375
21 0.74765625 0.43515625 0.04921875 0.07890625
22 0.178125 0.89921875 0.0921875 0.18359375
23 0.30078125 0.2140625 0.05546875 0.08359375