0 0.58828125 0.4640625 0.121875 0.07734375
0 0.86953125 0.4859375 0.15859375 0.17890625
1 0.3546875 0.3 0.0796875 0.2234375
1 0.59921875 0.38203125 0.0984375 0.17265625
2 0.928125 0.5484375 0.1 0.103125
2 0.88359375 0.7609375 0.09921875 0.1
3 0.79140625 0.2703125 0.13046875 0.1546875
3 0.5125 0.8578125 0.0859375 0.178125
4 0.4796875 0.7015625 0.08203125 0.10390625
4 0.6671875 0.56796875 0.05625 0.09140625
8 0.86953125 0.6171875 0.11328125 0.15234375
8 0.48671875 0.35078125 0.1328125 0.07734375
9 0.80078125 0.396875 0.078125 0.12578125
9 0.49296875 0.35859375 0.13984375 0.06171875
10 0.53203125 0.72265625 0.06015625 0.12890625
10 0.553125 0.734375 0.09453125 0.08984375
11 0.33984375 0.2890625 0.10234375 0.0828125
11 0.55546875 0.3125 0.10703125 0.08203125
5 0.7234375 0.50078125 0.0875 0.07265625
5 0.428125 0.71484375 0.1375 0.06171875
6 0.5453125 0.9109375 0.05703125 0.13671875
6 0.603125 0.8546875 0.04921875 0.13671875
7 0.73046875 0.54453125 0.08671875 0.08125
7 0.371875 0.6875 0.04921875 0.1453125
12 0.8390625 0.14140625 0.09453125 0.09140625
12 0.8953125 0.8328125 0.1046875 0.059375
13 0.82265625 0.5921875 0.07421875 0.09140625
13 0.8703125 0.0875 0.08359375 0.065625
14 0.61875 0.84140625 0.103125 0.0453125
14 0.5765625 0.9046875 0.034375 0.103125
15 0.9 0.7734375 0.0796875 0.0546875
15 0.5796875 0.7875 0.065625 0.06015625
16 0.365625 0.703125 0.08828125 0.07734375
16 0.70234375 0.5453125 0.0875 0.075
17 0.6375 0.934375 0.07890625 0.0578125
17 0.88671875 0.71015625 0.0390625 0.08828125
18 0.58359375 0.52734375 0.03828125 0.0734375
18 0.79375 0.5875 0.07890625 0.046875
19 0.84140625 0.8296875 0.059375 0.06171875
19 0.34921875 0.45859375 0.07734375 0.04453125
20 0.05546875 0.3234375 0.0609375 0.053125
20 0.04609375 0.35234375 0.053125 0.059375
21 0.625 0.79375 0.0484375 0.065625
21 0.7953125 0.37890625 0.0515625 0.0453125
22 0.47578125 0.1546875 0.0984375 0.06171875
22 0.81328125 0.090625 0.0484375 0.1453125