0 0.10703125 0.4359375 0.2015625 0.12421875
0 0.63984375 0.70546875 0.1109375 0.21484375
1 0.60703125 0.39453125 0.153125 0.115625
1 0.31875 0.27109375 0.0734375 0.2140625
2 0.2703125 0.2796875 0.1609375 0.115625
2 0.11875 0.28671875 0.178125 0.06796875
3 0.1609375 0.64140625 0.12265625 0.13125
3 0.4921875 0.315625 0.121875 0.1421875
4 0.534375 0.4046875 0.06640625 0.16015625
4 0.88984375 0.22578125 0.078125 0.15703125
8 0.42890625 0.51796875 0.1125 0.11328125
8 0.60625 0.38125 0.10078125 0.13828125
9 0.1796875 0.5421875 0.14765625 0.05625
9 0.10390625 0.184375 0.0875 0.10078125
10 0.56875 0.72265625 0.11796875 0.0921875
10 0.4359375 0.90078125 0.07421875 0.1328125
11 0.24140625 0.684375 0.13203125 0.08515625
11 0.1890625 0.21875 0.08515625 0.109375
5 0.32421875 0.09453125 0.05234375 0.1265625
5 0.546875 0.8859375 0.05859375 0.12890625
6 0.41015625 0.29140625 0.065625 0.11640625
6 0.40625 0.62890625 0.13046875 0.059375
7 0.27109375 0.85625 0.12421875 0.08125
7 0.16328125 0.1375 0.13359375 0.07265625
12 0.2875 0.809375 0.11796875 0.06328125
12 0.33828125 0.48046875 0.05078125 0.103125
13 0.34140625 0.678125 0.0734375 0.08984375
13 0.4765625 0.740625 0.05078125 0.0984375
14 0.7390625 0.628125 0.08515625 0.0921875
14 0.5671875 0.66015625 0.06015625 0.0921875
15 0.2578125 0.2140625 0.0734375 0.06796875
15 0.41796875 0.57265625 0.07578125 0.07421875
16 0.78828125 0.728125 0.09375 0.0703125
16 0.6578125 0.63203125 0.0640625 0.08984375
17 0.803125 0.64609375 0.0640625 0.08359375
17 0.20546875 0.47109375 0.0859375 0.0546875
18 0.67890625 0.57890625 0.05390625 0.06953125
18 0.5578125 0.79609375 0.07734375 0.0609375
19 0.65703125 0.496875 0.07421875 0.06328125
19 0.096875 0.5921875 0.0625 0.07421875
20 0.28125 0.6328125 0.06015625 0.04375
20 0.45234375 0.27734375 0.06796875 0.04609375
21 0.3828125 0.83359375 0.0625 0.0609375
21 0.51875 0.6703125 0.06015625 0.06171875
22 0.44140625 0.11640625 0.1265625 0.10234375
23 0.465625 0.66328125 0.0625 0.04375