0 0.2234375 0.5328125 0.1453125 0.25234375
0 0.46484375 0.246875 0.3171875 0.10546875
1 0.68828125 0.325 0.25234375 0.15078125
1 0.5046875 0.50234375 0.12265625 0.2546875
2 0.86796875 0.421875 0.18359375 0.1390625
2 0.5484375 0.5703125 0.08046875 0.18046875
3 0.87265625 0.77890625 0.14375 0.11796875
3 0.5953125 0.11796875 0.18515625 0.17890625
4 0.3046875 0.90859375 0.18203125 0.14921875
4 0.45 0.57734375 0.1703125 0.15234375
8 0.27734375 0.24765625 0.18359375 0.16640625
8 0.49453125 0.77890625 0.146875 0.15234375
9 0.6140625 0.1359375 0.24453125 0.103125
9 0.490625 0.7796875 0.15078125 0.15078125
10 0.159375 0.78515625 0.13203125 0.1171875
10 0.62109375 0.4859375 0.1109375 0.084375
11 0.1265625 0.63984375 0.1109375 0.1421875
11 0.33828125 0.3671875 0.18359375 0.07734375
5 0.28359375 0.34609375 0.19296875 0.0703125
5 0.46171875 0.375 0.178125 0.0828125
6 0.265625 0.825 0.1375 0.0828125
6 0.146875 0.54140625 0.153125 0.08046875
7 0.46484375 0.91796875 0.1265625 0.10859375
7 0.65859375 0.07265625 0.20078125 0.071875
12 0.2890625 0.503125 0.13359375 0.09296875
12 0.3671875 0.20234375 0.103125 0.10859375
13 0.38046875 0.80625 0.09921875 0.10546875
13 0.38125 0.45390625 0.09375 0.1140625
14 0.47109375 0.7609375 0.146875 0.0734375
14 0.3125 0.72734375 0.109375 0.103125
15 0.75546875 0.14921875 0.0765625 0.10390625
15 0.125 0.46171875 0.1125 0.06796875
16 0.403125 0.3125 0.13359375 0.06796875
16 0.08203125 0.63203125 0.09921875 0.07734375
17 0.87109375 0.43125 0.09765625 0.06484375
17 0.90546875 0.1921875 0.10546875 0.06640625
18 0.3625 0.5890625 0.078125 0.0828125
18 0.66796875 0.28203125 0.109375 0.05390625
19 0.5 0.2609375 0.10546875 0.06328125
19 0.628125 0.37421875 0.07421875 0.0828125
20 0.52109375 0.06796875 0.08984375 0.05390625
20 0.475 0.16953125 0.0859375 0.0546875
21 0.4515625 0.42734375 0.0609375 0.06875
21 0.52421875 0.58203125 0.0609375 0.0734375
22 0.571875 0.7234375 0.13359375 0.1109375
23 0.44453125 0.125 0.09765625 0.0609375