0 0.7234375 0.5015625 0.19140625 0.17265625
0 0.815625 0.7546875 0.19921875 0.2796875
1 0.71796875 0.60234375 0.22109375 0.24296875
1 0.246875 0.15703125 0.2578125 0.2296875
2 0.3828125 0.59609375 0.1765625 0.16484375
2 0.175 0.6984375 0.1734375 0.2546875
3 0.11796875 0.44921875 0.11796875 0.18984375
3 0.51328125 0.17890625 0.215625 0.2125
4 0.83125 0.29375 0.12734375 0.28125
4 0.40390625 0.58203125 0.1125 0.271875
8 0.7765625 0.24453125 0.1453125 0.26640625
8 0.53046875 0.50859375 0.1765625 0.1359375
9 0.775 0.8203125 0.16171875 0.12265625
9 0.5859375 0.37265625 0.1546875 0.11328125
10 0.3640625 0.77890625 0.07578125 0.19765625
10 0.28515625 0.63203125 0.0703125 0.21484375
11 0.75390625 0.66953125 0.1046875 0.15546875
11 0.47578125 0.69921875 0.071875 0.1875
5 0.50078125 0.75078125 0.084375 0.19921875
5 0.85390625 0.65546875 0.08671875 0.203125
6 0.278125 0.44453125 0.09609375 0.18359375
6 0.16796875 0.8203125 0.16171875 0.15703125
7 0.3203125 0.2203125 0.16953125 0.1453125
7 0.5984375 0.178125 0.19140625 0.13046875
12 0.14921875 0.57890625 0.12890625 0.103125
12 0.49921875 0.4359375 0.13984375 0.09375
13 0.40390625 0.74296875 0.0609375 0.1609375
13 0.271875 0.8078125 0.0828125 0.13203125
14 0.61171875 0.778125 0.1140625 0.13046875
14 0.690625 0.64765625 0.0625 0.153125
15 0.3234375 0.22734375 0.12734375 0.08203125
15 0.215625 0.7578125 0.08828125 0.128125
16 0.42734375 0.32265625 0.0625 0.15546875
16 0.9125 0.66875 0.09765625 0.13828125
17 0.4671875 0.9015625 0.12734375 0.09375
17 0.3421875 0.31484375 0.11015625 0.07109375
18 0.5875 0.71953125 0.07734375 0.1015625
18 0.16171875 0.70625 0.06640625 0.10546875
19 0.4515625 0.2125 0.11015625 0.084375
19 0.66484375 0.8171875 0.06640625 0.1203125
20 0.58671875 0.92421875 0.08671875 0.075
20 0.2421875 0.67421875 0.0609375 0.0765625
21 0.3390625 0.871875 0.08828125 0.08046875
21 0.36484375 0.5453125 0.06640625 0.109375
22 0.315625 0.325 0.17890625 0.128125
23 0.221875 0.57265625 0.0828125 0.06484375