0 0.4140625 0.54765625 0.14609375 0.2375
0 0.56328125 0.4421875 0.16171875 0.17109375
1 0.49921875 0.78984375 0.2078125 0.184375
1 0.19921875 0.72734375 0.28125 0.0765625
2 0.52421875 0.096875 0.11875 0.11640625
2 0.71171875 0.25625 0.2140625 0.12421875
3 0.553125 0.59375 0.1984375 0.0515625
3 0.23828125 0.51796875 0.06328125 0.1859375
4 0.72890625 0.35390625 0.16796875 0.1296875
4 0.56875 0.9109375 0.2015625 0.1046875
8 0.10078125 0.509375 0.12890625 0.1578125
8 0.37734375 0.209375 0.1796875 0.08515625
9 0.31015625 0.1671875 0.14765625 0.1015625
9 0.45390625 0.465625 0.05703125 0.1640625
10 0.24296875 0.65546875 0.15546875 0.06640625
10 0.6234375 0.41484375 0.1109375 0.109375
11 0.5640625 0.63671875 0.15390625 0.06015625
11 0.8515625 0.2078125 0.15390625 0.059375
5 0.86015625 0.36640625 0.0765625 0.14921875
5 0.64375 0.69453125 0.12578125 0.10625
6 0.5484375 0.16484375 0.15078125 0.0484375
6 0.546875 0.34921875 0.06484375 0.1296875
7 0.1890625 0.284375 0.14609375 0.059375
7 0.5 0.228125 0.12734375 0.0984375
12 0.58828125 0.23828125 0.10625 0.06015625
12 0.5953125 0.35 0.12734375 0.06328125
13 0.3875 0.80234375 0.1171875 0.0734375
13 0.3625 0.70390625 0.08125 0.11484375
14 0.83984375 0.25234375 0.1109375 0.0796875
14 0.41328125 0.39296875 0.06171875 0.1109375
15 0.446875 0.71015625 0.10625 0.0578125
15 0.3484375 0.32109375 0.10625 0.0484375
16 0.70234375 0.4875 0.06796875 0.08125
16 0.63984375 0.81171875 0.06015625 0.1015625
17 0.07421875 0.37265625 0.0921875 0.06328125
17 0.71875 0.4171875 0.0921875 0.07109375
18 0.603125 0.31328125 0.0765625 0.0546875
18 0.696875 0.3796875 0.06640625 0.06953125
19 0.7078125 0.675 0.0828125 0.06953125
19 0.746875 0.5546875 0.07421875 0.0765625
20 0.7546875 0.49375 0.04921875 0.06484375
20 0.5296875 0.71171875 0.07421875 0.04609375
21 0.6421875 0.5640625 0.06796875 0.0546875
21 0.65 0.2765625 0.06484375 0.0484375
22 0.21484375 0.45078125 0.090625 0.13984375
23 0.09765625 0.4171875 0.06796875 0.04453125