0 0.2296875 0.82890625 0.15625 0.20234375
0 0.6796875 0.71953125 0.27734375 0.146875
1 0.92578125 0.3734375 0.14375 0.20234375
1 0.77265625 0.65703125 0.16484375 0.14921875
2 0.50234375 0.36484375 0.20859375 0.078125
2 0.74296875 0.43671875 0.17578125 0.1546875
3 0.2796875 0.36484375 0.075 0.1828125
3 0.71640625 0.409375 0.1390625 0.14140625
4 0.3296875 0.8671875 0.09296875 0.20390625
4 0.8515625 0.68828125 0.08359375 0.1625
8 0.30546875 0.6875 0.1828125 0.078125
8 0.39296875 0.65703125 0.13671875 0.1296875
9 0.9125 0.69765625 0.1234375 0.09140625
9 0.5390625 0.80703125 0.10546875 0.1171875
10 0.40078125 0.89375 0.1140625 0.134375
10 0.58828125 0.8078125 0.140625 0.0671875
11 0.44609375 0.5125 0.12734375 0.0734375
11 0.77890625 0.7734375 0.09296875 0.11875
5 0.14921875 0.7671875 0.1359375 0.084375
5 0.6484375 0.3734375 0.0546875 0.13671875
6 0.6359375 0.12421875 0.16015625 0.1
6 0.7328125 0.646875 0.1390625 0.08828125
7 0.67578125 0.17734375 0.1171875 0.10390625
7 0.3484375 0.7140625 0.0984375 0.13046875
12 0.58203125 0.57890625 0.0921875 0.10234375
12 0.68359375 0.3 0.05 0.11484375
13 0.3296875 0.5625 0.125 0.0625
13 0.59296875 0.89765625 0.0765625 0.13046875
14 0.43828125 0.8328125 0.09453125 0.08046875
14 0.5703125 0.73046875 0.07265625 0.06875
15 0.6640625 0.5390625 0.08828125 0.08203125
15 0.68671875 0.83125 0.1015625 0.0671875
16 0.746875 0.07109375 0.053125 0.11328125
16 0.7171875 0.34921875 0.09296875 0.0828125
17 0.4203125 0.77734375 0.09453125 0.0671875
17 0.55234375 0.559375 0.0875 0.078125
18 0.61953125 0.35625 0.04609375 0.08671875
18 0.59375 0.64765625 0.06640625 0.05703125
19 0.54140625 0.5109375 0.084375 0.04765625
19 0.4375 0.90078125 0.0953125 0.04140625
20 0.7328125 0.5125 0.053125 0.06484375
20 0.525 0.7140625 0.059375 0.034375
21 0.7203125 0.24296875 0.06796875 0.05625
21 0.63359375 0.784375 0.04453125 0.08203125
22 0.76484375 0.559375 0.08828125 0.0953125
22 0.065625 0.7234375 0.08359375 0.115625