0 0.4140625 0.74765625 0.178125 0.1671875
0 0.31640625 0.29765625 0.12734375 0.20625
1 0.5078125 0.77734375 0.26484375 0.14453125
1 0.33671875 0.5984375 0.1828125 0.31875
2 0.825 0.4203125 0.12734375 0.3046875
2 0.875 0.80390625 0.12734375 0.1703125
3 0.3015625 0.90703125 0.1859375 0.1484375
3 0.7015625 0.76015625 0.19296875 0.14296875
4 0.38671875 0.5828125 0.1796875 0.0953125
4 0.74453125 0.46640625 0.1421875 0.153125
8 0.58515625 0.43359375 0.209375 0.0796875
8 0.35625 0.6890625 0.09765625 0.13828125
9 0.1375 0.43984375 0.140625 0.1328125
9 0.31015625 0.27109375 0.1578125 0.18046875
10 0.621875 0.17109375 0.19453125 0.128125
10 0.1171875 0.57734375 0.1140625 0.146875
11 0.41875 0.403125 0.15078125 0.10703125
11 0.734375 0.31484375 0.0859375 0.19453125
5 0.7109375 0.60078125 0.17109375 0.1109375
5 0.76328125 0.509375 0.134375 0.15
6 0.25234375 0.67890625 0.115625 0.16171875
6 0.44140625 0.1828125 0.134375 0.1140625
7 0.11640625 0.30234375 0.14765625 0.16875
7 0.7 0.53671875 0.14296875 0.15
12 0.30078125 0.19140625 0.12421875 0.13828125
12 0.49921875 0.20625 0.12421875 0.08828125
13 0.22421875 0.56015625 0.109375 0.12265625
13 0.428125 0.215625 0.1109375 0.13828125
14 0.24375 0.4546875 0.10390625 0.0984375
14 0.825 0.765625 0.12734375 0.13125
15 0.40703125 0.28046875 0.09765625 0.128125
15 0.278125 0.496875 0.0953125 0.1140625
16 0.65078125 0.67578125 0.09375 0.1515625
16 0.84921875 0.625 0.08203125 0.12265625
17 0.17734375 0.4015625 0.0953125 0.090625
17 0.5421875 0.29765625 0.0734375 0.0796875
18 0.8828125 0.60390625 0.090625 0.08359375
18 0.50390625 0.27265625 0.07421875 0.10546875
19 0.3453125 0.51640625 0.06171875 0.075
19 0.53984375 0.20234375 0.06875 0.10234375
20 0.4828125 0.33046875 0.07421875 0.0578125
20 0.57421875 0.53671875 0.05703125 0.0984375
21 0.41484375 0.359375 0.07421875 0.06796875
21 0.89609375 0.50078125 0.05546875 0.08515625
22 0.578125 0.3328125 0.16796875 0.16171875
23 0.27890625 0.82421875 0.0703125 0.06796875