0 0.14296875 0.43046875 0.18515625 0.17890625
0 0.259375 0.61484375 0.2375 0.225
1 0.7171875 0.72265625 0.128125 0.30234375
1 0.515625 0.82890625 0.24765625 0.184375
2 0.14296875 0.52265625 0.19609375 0.14921875
2 0.61015625 0.20703125 0.27421875 0.1265625
3 0.50625 0.8546875 0.19375 0.17734375
3 0.7828125 0.6984375 0.22734375 0.14921875
4 0.22265625 0.428125 0.16484375 0.17421875
4 0.68828125 0.3921875 0.26015625 0.084375
8 0.39375 0.77734375 0.19375 0.10703125
8 0.58671875 0.8140625 0.0984375 0.196875
9 0.38359375 0.44921875 0.20625 0.1109375
9 0.725 0.378125 0.16484375 0.19296875
10 0.34140625 0.59140625 0.18359375 0.1140625
10 0.79296875 0.7625 0.1578125 0.10546875
11 0.2875 0.26875 0.2078125 0.1015625
11 0.36015625 0.63125 0.13515625 0.13671875
5 0.609375 0.3140625 0.10546875 0.16328125
5 0.6328125 0.76328125 0.19375 0.08984375
6 0.7234375 0.7703125 0.16484375 0.0859375
6 0.91171875 0.5984375 0.10078125 0.15625
7 0.4 0.66875 0.15234375 0.1
7 0.8703125 0.6453125 0.13515625 0.1546875
12 0.509375 0.6546875 0.08671875 0.1390625
12 0.690625 0.27890625 0.1578125 0.07578125
13 0.65390625 0.54296875 0.1125 0.12265625
13 0.34375 0.42109375 0.1578125 0.0546875
14 0.671875 0.6578125 0.07421875 0.12109375
14 0.31953125 0.40078125 0.11640625 0.20390625
15 0.56328125 0.30703125 0.128125 0.09296875
15 0.8171875 0.60625 0.07421875 0.10859375
16 0.76875 0.44609375 0.13359375 0.06328125
16 0.3578125 0.27578125 0.08515625 0.16484375
17 0.76640625 0.5828125 0.08984375 0.07578125
17 0.36484375 0.3109375 0.109375 0.1015625
18 0.59453125 0.11953125 0.0796875 0.1125
18 0.64765625 0.34921875 0.05703125 0.1
19 0.7 0.3328125 0.065625 0.0859375
19 0.69375 0.90078125 0.078125 0.096875
20 0.55546875 0.484375 0.08125 0.06171875
20 0.36171875 0.3703125 0.08828125 0.06171875
21 0.50703125 0.11328125 0.0984375 0.071875
21 0.49921875 0.83828125 0.05546875 0.059375
22 0.55234375 0.1984375 0.20625 0.1015625
22 0.60859375 0.79765625 0.0484375 0.23515625