0 0.6453125 0.584375 0.1890625 0.115625
0 0.15625 0.4078125 0.09296875 0.2453125
1 0.66015625 0.9171875 0.1484375 0.14453125
1 0.496875 0.72578125 0.175 0.20078125
2 0.3015625 0.11328125 0.18671875 0.175
2 0.83984375 0.7421875 0.21484375 0.1015625
3 0.865625 0.80234375 0.0875 0.1609375
3 0.6890625 0.5046875 0.15390625 0.15390625
4 0.4859375 0.51640625 0.1328125 0.0859375
4 0.73671875 0.78515625 0.11015625 0.14453125
8 0.58046875 0.51171875 0.19609375 0.115625
8 0.41796875 0.43671875 0.2203125 0.05859375
9 0.27890625 0.85 0.1734375 0.11015625
9 0.13515625 0.35859375 0.16953125 0.08515625
10 0.48359375 0.8671875 0.06796875 0.13828125
10 0.20078125 0.853125 0.146875 0.10546875
11 0.2640625 0.71796875 0.178125 0.07265625
11 0.53359375 0.84375 0.059375 0.13671875
5 0.41015625 0.59296875 0.1453125 0.08515625
5 0.70546875 0.92109375 0.16953125 0.07109375
6 0.565625 0.8203125 0.14140625 0.103125
6 0.690625 0.78203125 0.18515625 0.06328125
7 0.571875 0.91015625 0.1046875 0.115625
7 0.70546875 0.92109375 0.16953125 0.07109375
12 0.30703125 0.19453125 0.134375 0.09375
12 0.425 0.9140625 0.0734375 0.11171875
13 0.271875 0.76328125 0.159375 0.0421875
13 0.8328125 0.71015625 0.0890625 0.08515625
14 0.44765625 0.64296875 0.13671875 0.046875
14 0.55859375 0.6671875 0.13125 0.046875
15 0.52109375 0.5890625 0.08046875 0.07890625
15 0.16796875 0.59453125 0.06328125 0.10546875
16 0.371875 0.53203125 0.103125 0.0859375
16 0.2375 0.41875 0.115625 0.07109375
17 0.65703125 0.73515625 0.090625 0.0734375
17 0.90390625 0.7328125 0.1015625 0.06953125
18 0.29375 0.67734375 0.0875 0.0671875
18 0.81328125 0.71484375 0.1015625 0.05234375
19 0.34453125 0.6140625 0.08046875 0.0609375
19 0.23046875 0.5796875 0.06640625 0.0671875
20 0.0953125 0.61328125 0.0859375 0.05078125
20 0.27890625 0.80390625 0.0890625 0.0421875
21 0.26015625 0.48984375 0.06640625 0.065625
21 0.4125 0.5484375 0.059375 0.06328125
22 0.37734375 0.4640625 0.11875 0.06484375
22 0.23671875 0.603125 0.190625 0.06328125