0 0.5078125 0.44375 0.18125 0.11328125
0 0.37578125 0.08515625 0.225 0.11953125
1 0.1171875 0.33984375 0.13828125 0.171875
1 0.378125 0.15859375 0.2140625 0.1046875
2 0.19921875 0.6953125 0.1546875 0.1234375
2 0.39765625 0.68359375 0.11875 0.13671875
3 0.39375 0.6921875 0.1171875 0.13671875
3 0.5265625 0.21171875 0.1640625 0.0765625
4 0.8046875 0.49765625 0.10390625 0.1328125
4 0.5390625 0.20546875 0.11484375 0.12421875
8 0.1953125 0.37109375 0.06875 0.13671875
8 0.27578125 0.26953125 0.10546875 0.11484375
9 0.503125 0.34453125 0.14296875 0.065625
9 0.465625 0.41796875 0.13125 0.08671875
10 0.1359375 0.2671875 0.0609375 0.121875
10 0.70625 0.50703125 0.13515625 0.0546875
11 0.4984375 0.30859375 0.10390625 0.0828125
11 0.253125 0.56328125 0.0859375 0.09921875
5 0.3046875 0.66328125 0.125 0.06484375
5 0.23671875 0.69140625 0.11875 0.09296875
6 0.87265625 0.93203125 0.14140625 0.08203125
6 0.55 0.5015625 0.04921875 0.11015625
7 0.64140625 0.80859375 0.125 0.0890625
7 0.31796875 0.375 0.0546875 0.1078125
12 0.59453125 0.4703125 0.04609375 0.09765625
12 0.6484375 0.45078125 0.08515625 0.084375
13 0.3734375 0.46328125 0.11015625 0.04296875
13 0.40234375 0.53984375 0.07265625 0.08046875
14 0.23671875 0.6171875 0.11015625 0.04765625
14 0.4671875 0.3 0.0953125 0.0546875
15 0.3515625 0.14140625 0.08359375 0.06953125
15 0.396875 0.34453125 0.0578125 0.08046875
16 0.30859375 0.5765625 0.1 0.05
16 0.49609375 0.4890625 0.04609375 0.0796875
17 0.2296875 0.725 0.07578125 0.05703125
17 0.328125 0.70234375 0.0875 0.0375
18 0.4296875 0.03203125 0.0859375 0.04765625
18 0.7015625 0.3734375 0.0578125 0.06875
19 0.89921875 0.40546875 0.07265625 0.06328125
19 0.45859375 0.57265625 0.06875 0.05859375
20 0.80078125 0.4109375 0.0625 0.05703125
20 0.309375 0.3015625 0.04140625 0.05390625
21 0.36484375 0.28671875 0.08046875 0.0390625
21 0.3171875 0.3703125 0.08359375 0.03203125
22 0.25078125 0.7640625 0.1203125 0.06328125
22 0.81796875 0.325 0.14765625 0.05859375