0 0.07265625 0.1828125 0.0953125 0.08203125
0 0.62265625 0.7203125 0.134375 0.0953125
1 0.7 0.13203125 0.11640625 0.08125
1 0.6734375 0.63671875 0.1296875 0.12578125
2 0.95625 0.43359375 0.08046875 0.11875
2 0.6546875 0.3625 0.08359375 0.08984375
3 0.6640625 0.8015625 0.10625 0.08984375
3 0.640625 0.87109375 0.05390625 0.11328125
4 0.72421875 0.19375 0.08046875 0.0984375
4 0.6 0.5953125 0.0484375 0.12421875
8 0.91953125 0.30703125 0.059375 0.10703125
8 0.56796875 0.6375 0.0578125 0.090625
9 0.578125 0.9484375 0.10859375 0.06953125
9 0.47265625 0.91015625 0.08671875 0.090625
10 0.73359375 0.84453125 0.04140625 0.1109375
10 0.5921875 0.79921875 0.03671875 0.1109375
11 0.93203125 0.1171875 0.04140625 0.11171875
11 0.60859375 0.61171875 0.07265625 0.05078125
5 0.61484375 0.2453125 0.0796875 0.059375
5 0.70546875 0.36875 0.07890625 0.04140625
6 0.296875 0.66171875 0.06484375 0.103125
6 0.6625 0.8890625 0.059375 0.08359375
7 0.70859375 0.05 0.065625 0.078125
7 0.76953125 0.4453125 0.0453125 0.10078125
12 0.54453125 0.46015625 0.06171875 0.07109375
12 0.57109375 0.47578125 0.03125 0.08671875
13 0.91796875 0.4234375 0.04140625 0.08828125
13 0.2078125 0.29453125 0.0328125 0.08828125
14 0.8171875 0.6234375 0.03359375 0.084375
14 0.025 0.3046875 0.02578125 0.08046875
15 0.73125 0.4234375 0.05234375 0.05625
15 0.5171875 0.5921875 0.03671875 0.075
16 0.18125 0.80546875 0.034375 0.06796875
16 0.54453125 0.209375 0.0625 0.03671875
17 0.57578125 0.26640625 0.03046875 0.06640625
17 0.62109375 0.7875 0.034375 0.06328125
18 0.42109375 0.61796875 0.03515625 0.05
18 0.56796875 0.73984375 0.034375 0.046875
19 0.28359375 0.83515625 0.0328125 0.05703125
19 0.5375 0.78828125 0.03046875 0.0640625
20 0.64609375 0.6875 0.03046875 0.05
20 0.61171875 0.80859375 0.021875 0.04453125
21 0.690625 0.84609375 0.0265625 0.0515625
21 0.590625 0.71328125 0.02578125 0.0515625
22 0.8421875 0.0515625 0.09296875 0.03984375
23 0.74375 0.76875 0.02578125 0.06328125