0 0.30546875 0.340625 0.140625 0.2171875
0 0.840625 0.5359375 0.14296875 0.21015625
1 0.4109375 0.8796875 0.27109375 0.14609375
1 0.69609375 0.38359375 0.2609375 0.12734375
2 0.59921875 0.153125 0.27109375 0.11328125
2 0.79296875 0.59921875 0.13671875 0.16796875
3 0.140625 0.6234375 0.15546875 0.1796875
3 0.38671875 0.196875 0.21875 0.121875
4 0.62578125 0.303125 0.25078125 0.09453125
4 0.58046875 0.640625 0.29609375 0.17265625
8 0.81640625 0.8015625 0.1671875 0.18984375
8 0.2640625 0.48125 0.1203125 0.1390625
9 0.43046875 0.7703125 0.12265625 0.221875
9 0.32109375 0.7734375 0.21875 0.17109375
10 0.37890625 0.24921875 0.20625 0.11875
10 0.55234375 0.67578125 0.12890625 0.11328125
11 0.76328125 0.3234375 0.2 0.0609375
11 0.484375 0.80546875 0.15703125 0.08125
5 0.21640625 0.6375 0.20390625 0.115625
5 0.74765625 0.4078125 0.15703125 0.1375
6 0.22578125 0.52734375 0.22265625 0.06796875
6 0.665625 0.85 0.2203125 0.07265625
7 0.6640625 0.76015625 0.21875 0.07265625
7 0.7 0.73125 0.20390625 0.10703125
12 0.39765625 0.65390625 0.11875 0.115625
12 0.390625 0.19921875 0.1859375 0.06953125
13 0.4625 0.4734375 0.1203125 0.11328125
13 0.715625 0.76015625 0.12890625 0.140625
14 0.55703125 0.87109375 0.06953125 0.14609375
14 0.36953125 0.7328125 0.1671875 0.05234375
15 0.6671875 0.61640625 0.13046875 0.0828125
15 0.5265625 0.215625 0.09375 0.08828125
16 0.61953125 0.8796875 0.07578125 0.12578125
16 0.59375 0.4015625 0.159375 0.08125
17 0.590625 0.2671875 0.12890625 0.06953125
17 0.68046875 0.70546875 0.11640625 0.084375
18 0.68671875 0.540625 0.09609375 0.084375
18 0.59453125 0.41640625 0.08359375 0.0796875
19 0.52734375 0.36015625 0.1203125 0.059375
19 0.56875 0.62421875 0.09609375 0.08984375
20 0.42890625 0.6328125 0.07734375 0.0625
20 0.3734375 0.446875 0.09765625 0.059375
21 0.51015625 0.5140625 0.11015625 0.04609375
21 0.534375 0.5765625 0.07734375 0.07109375
22 0.5765625 0.4671875 0.12421875 0.18828125
23 0.884375 0.28828125 0.059375 0.09453125