0 0.77421875 0.3984375 0.21171875 0.2609375
0 0.42265625 0.90546875 0.36953125 0.090625
1 0.2796875 0.66328125 0.15234375 0.27890625
1 0.590625 0.65390625 0.1625 0.37734375
2 0.83125 0.5265625 0.20078125 0.13984375
2 0.7453125 0.1890625 0.24765625 0.0984375
3 0.84609375 0.3421875 0.17890625 0.225
3 0.29140625 0.5140625 0.18203125 0.14765625
4 0.60234375 0.48125 0.20625 0.24296875
4 0.50625 0.60625 0.15390625 0.196875
8 0.62265625 0.66640625 0.15390625 0.24609375
8 0.67890625 0.43359375 0.21328125 0.17421875
9 0.73984375 0.1484375 0.13671875 0.1890625
9 0.83359375 0.5046875 0.08515625 0.2578125
10 0.8609375 0.6703125 0.171875 0.13125
10 0.490625 0.8234375 0.05703125 0.23515625
11 0.440625 0.296875 0.10703125 0.20703125
11 0.5234375 0.59921875 0.11640625 0.19375
5 0.36875 0.41640625 0.11796875 0.11015625
5 0.54921875 0.84453125 0.07109375 0.225
6 0.37734375 0.85078125 0.190625 0.10859375
6 0.68359375 0.48203125 0.04140625 0.23125
7 0.37265625 0.7484375 0.1765625 0.11484375
7 0.33203125 0.58828125 0.19765625 0.08046875
12 0.60703125 0.27421875 0.1234375 0.128125
12 0.76015625 0.43359375 0.10390625 0.15078125
13 0.409375 0.7703125 0.0796875 0.1546875
13 0.50703125 0.7109375 0.16953125 0.10859375
14 0.2875 0.6 0.06796875 0.165625
14 0.6921875 0.253125 0.14375 0.05546875
15 0.7109375 0.11640625 0.1390625 0.0984375
15 0.5953125 0.15390625 0.1234375 0.096875
16 0.60859375 0.5046875 0.08515625 0.1359375
16 0.56875 0.515625 0.1109375 0.0625
17 0.7390625 0.3859375 0.08125 0.11796875
17 0.74140625 0.7109375 0.1078125 0.10546875
18 0.634375 0.56171875 0.0796875 0.0921875
18 0.6 0.18828125 0.07109375 0.090625
19 0.6328125 0.88984375 0.10546875 0.06875
19 0.12265625 0.77109375 0.1265625 0.0703125
20 0.65703125 0.6609375 0.0625 0.08046875
20 0.765625 0.746875 0.07578125 0.0625
21 0.57578125 0.365625 0.05546875 0.1
21 0.70078125 0.65078125 0.05234375 0.11015625
22 0.5078125 0.2171875 0.09375 0.221875
23 0.39375 0.50703125 0.04296875 0.11484375