0 0.9015625 0.25 0.1484375 0.30390625
0 0.18671875 0.30078125 0.2328125 0.13671875
1 0.43046875 0.70859375 0.11484375 0.1953125
1 0.68203125 0.5453125 0.175 0.13515625
2 0.15234375 0.4421875 0.17734375 0.16484375
2 0.46328125 0.2703125 0.15625 0.12578125
3 0.3890625 0.84140625 0.17578125 0.13984375
3 0.5421875 0.50703125 0.1296875 0.20078125
4 0.20703125 0.52578125 0.1984375 0.08046875
4 0.209375 0.803125 0.11484375 0.15390625
8 0.33828125 0.6328125 0.1109375 0.22265625
8 0.49453125 0.753125 0.1375 0.15078125
9 0.3953125 0.59296875 0.09296875 0.11171875
9 0.20546875 0.24296875 0.1953125 0.0984375
10 0.58515625 0.340625 0.07578125 0.19609375
10 0.1859375 0.26171875 0.115625 0.1578125
11 0.13046875 0.70625 0.07265625 0.203125
11 0.56953125 0.58046875 0.078125 0.178125
5 0.41015625 0.32265625 0.09453125 0.13671875
5 0.75 0.3671875 0.090625 0.16171875
6 0.25390625 0.7109375 0.1046875 0.18828125
6 0.64765625 0.4171875 0.11484375 0.14765625
7 0.0859375 0.646875 0.05703125 0.203125
7 0.53828125 0.44375 0.04453125 0.1828125
12 0.18984375 0.44453125 0.1171875 0.08984375
12 0.2484375 0.63828125 0.07265625 0.12890625
13 0.32421875 0.40703125 0.10546875 0.10078125
13 0.1921875 0.7328125 0.11796875 0.10546875
14 0.7125 0.41484375 0.10703125 0.09921875
14 0.27890625 0.2671875 0.10234375 0.0859375
15 0.4484375 0.9078125 0.11796875 0.07890625
15 0.4640625 0.69765625 0.09453125 0.109375
16 0.2 0.7125 0.09609375 0.1078125
16 0.28203125 0.5875 0.0734375 0.11171875
17 0.35703125 0.52265625 0.0921875 0.06328125
17 0.08203125 0.4328125 0.0625 0.12421875
18 0.4796875 0.25078125 0.0875 0.0625
18 0.22890625 0.48359375 0.07265625 0.0875
19 0.28203125 0.8328125 0.0578125 0.09921875
19 0.3859375 0.4390625 0.04765625 0.0953125
20 0.3578125 0.5640625 0.06796875 0.046875
20 0.64609375 0.35859375 0.04765625 0.09375
21 0.68359375 0.5796875 0.065625 0.071875
21 0.34375 0.75234375 0.07578125 0.05546875
22 0.6703125 0.67421875 0.1234375 0.1234375
23 0.41328125 0.4890625 0.05 0.08984375