0 0.2640625 0.4171875 0.14296875 0.18984375
0 0.53828125 0.91796875 0.1578125 0.14609375
1 0.40859375 0.7203125 0.18671875 0.09296875
1 0.4859375 0.22734375 0.17890625 0.15546875
2 0.4046875 0.78203125 0.11875 0.13984375
2 0.4375 0.65 0.16875 0.0828125
3 0.565625 0.6578125 0.21796875 0.04765625
3 0.5390625 0.734375 0.12421875 0.090625
4 0.66796875 0.79765625 0.1890625 0.08984375
4 0.6171875 0.5015625 0.0921875 0.10703125
8 0.46875 0.328125 0.2125 0.05703125
8 0.3796875 0.5125 0.16015625 0.1109375
9 0.53359375 0.8 0.12109375 0.06328125
9 0.5859375 0.5921875 0.12265625 0.1125
10 0.171875 0.5984375 0.06640625 0.12421875
10 0.13125 0.565625 0.071875 0.115625
11 0.65234375 0.39453125 0.171875 0.05078125
11 0.275 0.63359375 0.10234375 0.10859375
5 0.4375 0.18125 0.08984375 0.10546875
5 0.51328125 0.22734375 0.10390625 0.0984375
6 0.26953125 0.765625 0.171875 0.059375
6 0.703125 0.47421875 0.06796875 0.11328125
7 0.36171875 0.2703125 0.1140625 0.10390625
7 0.64296875 0.48203125 0.12109375 0.09609375
12 0.38984375 0.41328125 0.08984375 0.0765625
12 0.1875 0.67578125 0.10703125 0.0890625
13 0.4171875 0.82890625 0.059375 0.09453125
13 0.36875 0.1296875 0.11015625 0.0515625
14 0.3328125 0.45390625 0.14296875 0.0453125
14 0.66796875 0.60234375 0.12421875 0.06328125
15 0.359375 0.36875 0.10859375 0.0421875
15 0.60390625 0.221875 0.0921875 0.07109375
16 0.34375 0.8609375 0.0578125 0.08515625
16 0.3890625 0.175 0.0953125 0.05390625
17 0.21171875 0.4015625 0.0625 0.07265625
17 0.63125 0.40546875 0.075 0.0671875
18 0.29453125 0.62109375 0.0578125 0.0578125
18 0.6390625 0.78359375 0.09140625 0.05390625
19 0.4859375 0.0359375 0.06328125 0.0703125
19 0.4859375 0.86328125 0.04921875 0.0625
20 0.1640625 0.41328125 0.06484375 0.059375
20 0.521875 0.5921875 0.071875 0.046875
21 0.346875 0.42265625 0.06953125 0.053125
21 0.53046875 0.61484375 0.08125 0.03828125
22 0.5640625 0.903125 0.08828125 0.11953125
23 0.2953125 0.8359375 0.0765625 0.0609375