0 0.378125 0.17890625 0.21875 0.23671875
0 0.5375 0.7359375 0.2890625 0.09921875
1 0.2265625 0.37734375 0.2046875 0.1609375
1 0.19453125 0.60703125 0.12578125 0.159375
2 0.5765625 0.4125 0.1140625 0.16875
2 0.80390625 0.7953125 0.22890625 0.09453125
3 0.165625 0.646875 0.109375 0.1671875
3 0.70390625 0.696875 0.18984375 0.06015625
4 0.4953125 0.3546875 0.159375 0.14140625
4 0.8796875 0.35234375 0.1328125 0.11015625
8 0.0953125 0.48515625 0.10078125 0.14609375
8 0.55078125 0.88359375 0.16484375 0.0859375
9 0.85 0.4921875 0.1109375 0.14609375
9 0.32109375 0.74921875 0.10234375 0.14140625
10 0.68515625 0.3875 0.08046875 0.1765625
10 0.171875 0.4359375 0.128125 0.125
11 0.415625 0.5703125 0.12421875 0.10234375
11 0.66953125 0.8734375 0.0859375 0.13984375
5 0.52265625 0.12109375 0.11640625 0.14140625
5 0.34375 0.765625 0.10625 0.09921875
6 0.1515625 0.18046875 0.11640625 0.13984375
6 0.2703125 0.125 0.1546875 0.1265625
7 0.71875 0.6390625 0.1359375 0.11171875
7 0.56640625 0.65078125 0.13984375 0.05859375
12 0.2203125 0.20859375 0.10234375 0.115625
12 0.64296875 0.42890625 0.05703125 0.13671875
13 0.7359375 0.5140625 0.1140625 0.0890625
13 0.6390625 0.20703125 0.07890625 0.13125
14 0.28125 0.42578125 0.10625 0.0921875
14 0.3625 0.11875 0.12109375 0.09453125
15 0.28671875 0.2140625 0.109375 0.08125
15 0.5953125 0.37421875 0.0640625 0.121875
16 0.784375 0.36015625 0.05703125 0.1234375
16 0.82890625 0.47421875 0.084375 0.10703125
17 0.271875 0.49453125 0.0609375 0.10234375
17 0.5671875 0.68203125 0.065625 0.06484375
18 0.396875 0.2734375 0.07265625 0.0921875
18 0.25859375 0.5453125 0.08203125 0.08125
19 0.70625 0.10390625 0.0875 0.08125
19 0.32578125 0.65546875 0.05546875 0.08125
20 0.4234375 0.66640625 0.0671875 0.06640625
20 0.3375 0.31875 0.07265625 0.05
21 0.4875 0.2671875 0.07265625 0.06953125
21 0.34140625 0.55625 0.0609375 0.0734375
22 0.225 0.8 0.08203125 0.1203125
22 0.571875 0.19140625 0.11640625 0.15546875