0 0.196875 0.6109375 0.13046875 0.1375
0 0.3890625 0.08671875 0.08515625 0.14765625
1 0.39453125 0.746875 0.04453125 0.17109375
1 0.296875 0.48125 0.0890625 0.1515625
2 0.35390625 0.77421875 0.08203125 0.071875
2 0.41484375 0.1203125 0.03984375 0.140625
3 0.259375 0.46640625 0.08515625 0.11640625
3 0.27265625 0.721875 0.05625 0.05390625
4 0.24375 0.5828125 0.0984375 0.08671875
4 0.27109375 0.37734375 0.0984375 0.065625
8 0.1 0.66953125 0.0453125 0.1453125
8 0.30546875 0.65625 0.04765625 0.128125
9 0.18125 0.82109375 0.03203125 0.13046875
9 0.3359375 0.84921875 0.0578125 0.0765625
10 0.08046875 0.95234375 0.0578125 0.08359375
10 0.0609375 0.76015625 0.04453125 0.121875
11 0.45 0.196875 0.0453125 0.0953125
11 0.17734375 0.66171875 0.0578125 0.10859375
5 0.29375 0.79609375 0.02890625 0.11171875
5 0.28828125 0.32890625 0.07421875 0.06796875
6 0.28203125 0.4125 0.059375 0.10625
6 0.13125 0.90078125 0.03828125 0.10625
7 0.0578125 0.91015625 0.08125 0.075
7 0.3203125 0.70234375 0.075 0.08359375
12 0.34921875 0.1671875 0.0390625 0.08046875
12 0.18828125 0.83359375 0.07421875 0.0359375
13 0.371875 0.2078125 0.0640625 0.04609375
13 0.1234375 0.7765625 0.034375 0.09765625
14 0.09609375 0.8359375 0.04375 0.0859375
14 0.32109375 0.175 0.0296875 0.08984375
15 0.484375 0.25078125 0.05 0.06640625
15 0.178125 0.403125 0.034375 0.075
16 0.22109375 0.70703125 0.03203125 0.07890625
16 0.33203125 0.81796875 0.05859375 0.04296875
17 0.10859375 0.503125 0.04921875 0.065625
17 0.39296875 0.278125 0.040625 0.06640625
18 0.2515625 0.73828125 0.04609375 0.04453125
18 0.2703125 0.86640625 0.0484375 0.03515625
19 0.2546875 0.77578125 0.028125 0.05390625
19 0.13984375 0.78984375 0.0296875 0.059375
20 0.14140625 0.84375 0.0375 0.03984375
20 0.17109375 0.3375 0.03125 0.05078125
21 0.2828125 0.89609375 0.0484375 0.0328125
21 0.95546875 0.5515625 0.053125 0.0359375
22 0.2078125 0.91171875 0.0515625 0.10859375
22 0.34375 0.67109375 0.040625 0.09375