0 0.7890625 0.4046875 0.10390625 0.26796875
0 0.4640625 0.453125 0.11484375 0.140625
1 0.303125 0.490625 0.13671875 0.21875
1 0.53046875 0.27734375 0.21640625 0.1484375
2 0.54609375 0.82265625 0.06953125 0.19453125
2 0.68046875 0.38828125 0.0875 0.2015625
3 0.51953125 0.70703125 0.15078125 0.1625
3 0.4546875 0.5953125 0.10390625 0.159375
4 0.46953125 0.3734375 0.11640625 0.165625
4 0.78046875 0.603125 0.18359375 0.0515625
8 0.2046875 0.3484375 0.1765625 0.0546875
8 0.6828125 0.4421875 0.075 0.1828125
9 0.31875 0.6578125 0.13828125 0.0890625
9 0.2421875 0.48671875 0.11796875 0.1046875
10 0.8875 0.540625 0.13984375 0.06484375
10 0.909375 0.47734375 0.1453125 0.07890625
11 0.6296875 0.2046875 0.1328125 0.090625
11 0.4234375 0.646875 0.11484375 0.1046875
5 0.63046875 0.690625 0.09296875 0.13515625
5 0.6390625 0.5734375 0.05078125 0.13984375
6 0.634375 0.3296875 0.06015625 0.13515625
6 0.6765625 0.69609375 0.0546875 0.13203125
7 0.596875 0.1140625 0.146875 0.07890625
7 0.19140625 0.3765625 0.0984375 0.13125
12 0.41484375 0.18515625 0.11484375 0.059375
12 0.559375 0.25546875 0.08359375 0.09921875
13 0.8328125 0.22265625 0.1234375 0.0515625
13 0.5765625 0.459375 0.109375 0.0515625
14 0.42421875 0.25390625 0.05078125 0.125
14 0.353125 0.33515625 0.07265625 0.1125
15 0.81796875 0.3515625 0.0984375 0.0734375
15 0.5984375 0.33515625 0.0546875 0.0890625
16 0.21796875 0.74140625 0.1125 0.059375
16 0.2171875 0.4640625 0.0890625 0.07890625
17 0.59140625 0.490625 0.0859375 0.04609375
17 0.49609375 0.61328125 0.06015625 0.0765625
18 0.72265625 0.50234375 0.08046875 0.04609375
18 0.34140625 0.17578125 0.0578125 0.0890625
19 0.42421875 0.69921875 0.075 0.04296875
19 0.346875 0.93828125 0.04921875 0.0953125
20 0.80859375 0.30390625 0.06171875 0.04296875
20 0.4078125 0.60859375 0.0453125 0.06875
21 0.74296875 0.43359375 0.0671875 0.06796875
21 0.39296875 0.4203125 0.04375 0.06875
22 0.0859375 0.4171875 0.14375 0.06875
23 0.4828125 0.059375 0.07265625 0.053125