0 0.2546875 0.76015625 0.1671875 0.23984375
0 0.28203125 0.80859375 0.24921875 0.21875
1 0.1359375 0.37578125 0.1515625 0.33203125
1 0.7859375 0.76328125 0.22578125 0.19921875
2 0.6953125 0.33125 0.1734375 0.2375
2 0.53046875 0.86953125 0.16171875 0.13828125
3 0.221875 0.35078125 0.14375 0.2734375
3 0.58828125 0.6125 0.14609375 0.25859375
4 0.9078125 0.7625 0.06796875 0.26484375
4 0.8484375 0.36171875 0.14375 0.19296875
8 0.56796875 0.11953125 0.159375 0.2140625
8 0.26953125 0.39609375 0.1421875 0.1953125
9 0.3453125 0.43984375 0.18125 0.18671875
9 0.6 0.82890625 0.19296875 0.12421875
10 0.48828125 0.3921875 0.07421875 0.2078125
10 0.86796875 0.3578125 0.07421875 0.22890625
11 0.6453125 0.525 0.07578125 0.18046875
11 0.38515625 0.23984375 0.10859375 0.23125
5 0.3796875 0.50625 0.190625 0.0921875
5 0.38515625 0.16484375 0.21015625 0.0734375
6 0.72265625 0.6609375 0.11875 0.153125
6 0.80234375 0.77109375 0.11875 0.159375
7 0.28515625 0.61171875 0.165625 0.084375
7 0.40625 0.896875 0.17109375 0.12578125
12 0.546875 0.37265625 0.0703125 0.165625
12 0.61484375 0.6734375 0.17109375 0.115625
13 0.6359375 0.2328125 0.09765625 0.15546875
13 0.49609375 0.69453125 0.08984375 0.153125
14 0.75390625 0.50859375 0.15 0.109375
14 0.23515625 0.69140625 0.13203125 0.11796875
15 0.196875 0.5828125 0.12421875 0.115625
15 0.84609375 0.50234375 0.1359375 0.0671875
16 0.5 0.58515625 0.11640625 0.09453125
16 0.45 0.8484375 0.06015625 0.121875
17 0.6375 0.35 0.103125 0.0984375
17 0.43515625 0.30703125 0.103125 0.1046875
18 0.79296875 0.5796875 0.1109375 0.06328125
18 0.79296875 0.42578125 0.09921875 0.06484375
19 0.678125 0.159375 0.0796875 0.109375
19 0.46015625 0.6953125 0.071875 0.10078125
20 0.84140625 0.64296875 0.071875 0.084375
20 0.578125 0.51015625 0.08203125 0.05859375
21 0.3859375 0.6046875 0.06796875 0.109375
21 0.55234375 0.61328125 0.0625 0.0921875
22 0.7375 0.4140625 0.1515625 0.159375
22 0.2375 0.85 0.08984375 0.1453125