0 0.56953125 0.27578125 0.1796875 0.09609375
0 0.68046875 0.13984375 0.20546875 0.1421875
1 0.63046875 0.18671875 0.23203125 0.08125
1 0.68671875 0.3046875 0.1140625 0.1234375
2 0.89296875 0.41796875 0.20390625 0.08828125
2 0.71328125 0.26796875 0.11796875 0.09140625
3 0.7578125 0.834375 0.15390625 0.1125
3 0.703125 0.5546875 0.1890625 0.0453125
4 0.55234375 0.19453125 0.1609375 0.11171875
4 0.5921875 0.553125 0.140625 0.12421875
8 0.40859375 0.17421875 0.0859375 0.1421875
8 0.64296875 0.31796875 0.14375 0.065625
9 0.5109375 0.43046875 0.05390625 0.1421875
9 0.60625 0.540625 0.0734375 0.09921875
10 0.5578125 0.11640625 0.15 0.07578125
10 0.8703125 0.3703125 0.14765625 0.05625
11 0.60546875 0.4984375 0.1109375 0.06484375
11 0.63046875 0.16953125 0.1515625 0.0421875
5 0.3859375 0.21953125 0.1125 0.11484375
5 0.775 0.6640625 0.09375 0.11640625
6 0.7015625 0.45390625 0.046875 0.1171875
6 0.69765625 0.9109375 0.10078125 0.08984375
7 0.64921875 0.36796875 0.084375 0.10859375
7 0.73828125 0.52109375 0.1390625 0.03828125
12 0.621875 0.390625 0.078125 0.08359375
12 0.63828125 0.51640625 0.09140625 0.0734375
13 0.559375 0.35390625 0.0765625 0.08046875
13 0.5578125 0.4390625 0.06953125 0.0875
14 0.5484375 0.37734375 0.078125 0.08828125
14 0.73671875 0.4640625 0.05234375 0.09453125
15 0.45 0.41953125 0.0734375 0.0875
15 0.41171875 0.37421875 0.05390625 0.0921875
16 0.55078125 0.58359375 0.0640625 0.0859375
16 0.6796875 0.46328125 0.09921875 0.0359375
17 0.4390625 0.29140625 0.0921875 0.04453125
17 0.93515625 0.95546875 0.08984375 0.03984375
18 0.6734375 0.128125 0.06875 0.0671875
18 0.3796875 0.37109375 0.05078125 0.07890625
19 0.45234375 0.2546875 0.0765625 0.0515625
19 0.54921875 0.26484375 0.07265625 0.06015625
20 0.6359375 0.4484375 0.046875 0.05859375
20 0.465625 0.2203125 0.06328125 0.0578125
21 0.4765625 0.39375 0.06328125 0.0515625
21 0.48984375 0.34765625 0.04921875 0.06328125
22 0.8109375 0.48046875 0.14765625 0.04765625
23 0.04453125 0.72890625 0.0671875 0.05390625