0 0.44609375 0.84453125 0.14296875 0.18828125
0 0.48828125 0.24765625 0.16953125 0.11875
1 0.48984375 0.85390625 0.1828125 0.134375
1 0.35703125 0.3953125 0.1484375 0.2296875
2 0.3484375 0.34296875 0.1453125 0.1390625
2 0.0734375 0.64140625 0.06171875 0.21484375
3 0.409375 0.66640625 0.15 0.11953125
3 0.50078125 0.2375 0.0875 0.1796875
4 0.36796875 0.22890625 0.11328125 0.14453125
4 0.07421875 0.45078125 0.1 0.0953125
8 0.3359375 0.68515625 0.1421875 0.08359375
8 0.684375 0.3953125 0.12109375 0.12421875
9 0.4734375 0.36953125 0.06875 0.140625
9 0.13671875 0.4796875 0.090625 0.12890625
10 0.7984375 0.28828125 0.05546875 0.1640625
10 0.54765625 0.32734375 0.11953125 0.05546875
11 0.73046875 0.5828125 0.12421875 0.0859375
11 0.63359375 0.41796875 0.0984375 0.08515625
5 0.4359375 0.3890625 0.07109375 0.12890625
5 0.5140625 0.609375 0.0765625 0.12890625
6 0.49296875 0.51015625 0.1140625 0.05234375
6 0.23359375 0.51640625 0.10546875 0.0703125
7 0.3859375 0.075 0.1 0.0953125
7 0.2296875 0.446875 0.0578125 0.12734375
12 0.3203125 0.60390625 0.0578125 0.1171875
12 0.19921875 0.71953125 0.06328125 0.12265625
13 0.44375 0.55625 0.08671875 0.071875
13 0.5125 0.69375 0.0453125 0.12109375
14 0.6921875 0.50546875 0.08515625 0.0640625
14 0.31953125 0.36953125 0.0765625 0.08046875
15 0.94296875 0.32734375 0.0453125 0.1171875
15 0.5640625 0.58671875 0.046875 0.10703125
16 0.07734375 0.58828125 0.0875 0.07421875
16 0.29296875 0.37578125 0.07109375 0.0875
17 0.57890625 0.3625 0.071875 0.05
17 0.27734375 0.83203125 0.06953125 0.08203125
18 0.321875 0.41171875 0.0640625 0.0453125
18 0.484375 0.5953125 0.0640625 0.05859375
19 0.659375 0.634375 0.065625 0.0734375
19 0.71640625 0.41640625 0.06796875 0.0671875
20 0.14609375 0.54296875 0.0578125 0.0484375
20 0.30078125 0.90546875 0.06328125 0.0625
21 0.13984375 0.71875 0.06171875 0.06875
21 0.553125 0.8765625 0.05546875 0.0625
22 0.64140625 0.190625 0.07890625 0.1421875
23 0.12265625 0.63828125 0.05625 0.06875