0 0.6046875 0.3109375 0.10078125 0.159375
0 0.41015625 0.71640625 0.121875 0.10859375
1 0.16640625 0.8703125 0.06328125 0.165625
1 0.46875 0.79921875 0.1359375 0.059375
2 0.2609375 0.9125 0.07421875 0.1203125
2 0.9328125 0.23828125 0.10234375 0.0890625
3 0.19453125 0.81328125 0.03828125 0.14296875
3 0.73984375 0.328125 0.103125 0.0796875
4 0.41484375 0.63125 0.08828125 0.078125
4 0.52890625 0.22890625 0.06015625 0.1296875
8 0.58984375 0.4109375 0.071875 0.11328125
8 0.56640625 0.05859375 0.0484375 0.0921875
9 0.37890625 0.85 0.08671875 0.07578125
9 0.43359375 0.678125 0.053125 0.10546875
10 0.0359375 0.90078125 0.03203125 0.11484375
10 0.54140625 0.73515625 0.03203125 0.10546875
11 0.07734375 0.8390625 0.05390625 0.1046875
11 0.4109375 0.5609375 0.0328125 0.10234375
5 0.6078125 0.53984375 0.0359375 0.1046875
5 0.44140625 0.90625 0.07734375 0.06640625
6 0.14921875 0.90390625 0.0671875 0.0875
6 0.38203125 0.68671875 0.07265625 0.06015625
7 0.63515625 0.1125 0.0546875 0.08203125
7 0.4828125 0.63984375 0.03671875 0.09453125
12 0.56640625 0.62265625 0.03671875 0.08203125
12 0.5234375 0.62890625 0.03203125 0.08203125
13 0.3953125 0.7609375 0.03046875 0.0859375
13 0.60234375 0.640625 0.034375 0.08203125
14 0.51171875 0.67265625 0.053125 0.0546875
14 0.48125 0.8484375 0.05703125 0.0375
15 0.453125 0.834375 0.04765625 0.06953125
15 0.3625 0.6953125 0.03828125 0.07890625
16 0.6265625 0.234375 0.04140625 0.06875
16 0.51171875 0.8921875 0.05234375 0.0703125
17 0.37734375 0.62265625 0.040625 0.0625
17 0.48671875 0.06953125 0.03359375 0.06015625
18 0.21875 0.803125 0.0375 0.059375
18 0.6546875 0.27109375 0.034375 0.0578125
19 0.54765625 0.534375 0.04453125 0.05
19 0.49453125 0.71328125 0.03046875 0.05703125
20 0.57578125 0.6890625 0.02578125 0.053125
20 0.51875 0.74296875 0.0328125 0.04453125
21 0.5703125 0.565625 0.02734375 0.05390625
21 0.515625 0.70703125 0.0234375 0.05078125
22 0.58046875 0.74453125 0.0703125 0.08828125
23 0.3796875 0.80625 0.0421875 0.0359375