0 0.51640625 0.37109375 0.20625 0.21328125
0 0.8203125 0.33984375 0.10390625 0.3203125
1 0.8515625 0.16796875 0.1953125 0.228125
1 0.80234375 0.24453125 0.13203125 0.3296875
2 0.25 0.55546875 0.18984375 0.159375
2 0.46796875 0.675 0.16953125 0.171875
3 0.62578125 0.14140625 0.16484375 0.1609375
3 0.66875 0.36484375 0.12265625 0.2
4 0.59296875 0.615625 0.08359375 0.25390625
4 0.6828125 0.8453125 0.121875 0.2015625
8 0.5140625 0.465625 0.075 0.16484375
8 0.73046875 0.81953125 0.11796875 0.209375
9 0.56015625 0.16171875 0.09375 0.209375
9 0.48828125 0.91015625 0.153125 0.090625
10 0.77734375 0.60546875 0.12578125 0.13671875
10 0.62578125 0.59609375 0.10234375 0.16640625
11 0.709375 0.46953125 0.0671875 0.18359375
11 0.71015625 0.63984375 0.10546875 0.14296875
5 0.88359375 0.33046875 0.07109375 0.18671875
5 0.78984375 0.434375 0.05078125 0.1796875
6 0.5125 0.60546875 0.115625 0.1515625
6 0.51171875 0.55390625 0.09375 0.17421875
7 0.66640625 0.2046875 0.06484375 0.19453125
7 0.76015625 0.65625 0.10234375 0.1390625
12 0.5796875 0.2609375 0.09765625 0.11875
12 0.36015625 0.36171875 0.0453125 0.17578125
13 0.109375 0.65078125 0.1203125 0.0796875
13 0.38359375 0.7265625 0.1078125 0.090625
14 0.43984375 0.36796875 0.07109375 0.13515625
14 0.3984375 0.78359375 0.10546875 0.059375
15 0.44609375 0.52578125 0.065625 0.121875
15 0.7109375 0.19921875 0.05546875 0.13515625
16 0.55 0.8609375 0.08125 0.1109375
16 0.4984375 0.265625 0.05546875 0.13515625
17 0.3390625 0.59140625 0.0875 0.08359375
17 0.44140625 0.815625 0.08125 0.090625
18 0.14609375 0.7109375 0.08125 0.078125
18 0.6046875 0.39296875 0.0484375 0.10703125
19 0.65 0.659375 0.0734375 0.06640625
19 0.63515625 0.4734375 0.07578125 0.071875
20 0.76015625 0.4453125 0.053125 0.08359375
20 0.69921875 0.728125 0.06171875 0.06640625
21 0.625 0.321875 0.07109375 0.059375
21 0.78671875 0.540625 0.0671875 0.059375
22 0.33046875 0.7046875 0.13671875 0.11328125
23 0.56171875 0.44609375 0.05859375 0.0703125