0 0.70859375 0.51484375 0.12421875 0.1609375
0 0.59375 0.4796875 0.16171875 0.11875
1 0.7390625 0.221875 0.11328125 0.1875
1 0.4515625 0.17890625 0.0734375 0.16328125
2 0.69765625 0.3875 0.1125 0.13671875
2 0.7 0.26171875 0.13515625 0.08046875
3 0.49296875 0.40390625 0.1265625 0.0609375
3 0.90703125 0.6953125 0.1421875 0.084375
4 0.696875 0.64453125 0.053125 0.1578125
4 0.0734375 0.31328125 0.11328125 0.0875
8 0.77265625 0.72734375 0.11953125 0.0890625
8 0.2453125 0.44140625 0.0953125 0.13515625
9 0.24375 0.31328125 0.1015625 0.12109375
9 0.78203125 0.65078125 0.09765625 0.10859375
10 0.321875 0.5421875 0.1109375 0.0546875
10 0.15078125 0.2984375 0.04375 0.13671875
11 0.5 0.10625 0.05703125 0.1140625
11 0.1 0.18828125 0.0890625 0.11953125
5 0.65625 0.20546875 0.1015625 0.06640625
5 0.4890625 0.178125 0.06171875 0.1140625
6 0.21484375 0.39140625 0.1015625 0.0890625
6 0.1046875 0.496875 0.075 0.13125
7 0.54765625 0.2328125 0.0578125 0.11875
7 0.2953125 0.0703125 0.0953125 0.0734375
12 0.44921875 0.50390625 0.0734375 0.09453125
12 0.2546875 0.1625 0.0484375 0.11875
13 0.0890625 0.38203125 0.084375 0.07890625
13 0.58046875 0.18515625 0.05390625 0.1
14 0.42890625 0.26796875 0.0640625 0.09609375
14 0.3640625 0.49609375 0.08046875 0.0609375
15 0.77265625 0.64609375 0.06171875 0.08203125
15 0.55625 0.3703125 0.04375 0.09140625
16 0.53828125 0.63046875 0.0703125 0.09296875
16 0.7265625 0.86171875 0.05546875 0.09609375
17 0.37265625 0.58671875 0.0671875 0.06171875
17 0.31484375 0.10859375 0.0625 0.0703125
18 0.36484375 0.1015625 0.06171875 0.06171875
18 0.740625 0.28984375 0.0578125 0.04921875
19 0.3625 0.04375 0.06640625 0.059375
19 0.71640625 0.76171875 0.0625 0.05390625
20 0.7234375 0.459375 0.05546875 0.046875
20 0.31015625 0.48828125 0.0578125 0.04765625
21 0.62578125 0.31484375 0.03984375 0.06875
21 0.63515625 0.70703125 0.0640625 0.0578125
22 0.72109375 0.93203125 0.12265625 0.07578125
23 0.334375 0.17734375 0.05703125 0.07578125