0 0.58359375 0.13125 0.2015625 0.1984375
0 0.809375 0.275 0.14296875 0.1671875
1 0.66015625 0.28984375 0.1421875 0.17265625
1 0.72578125 0.13828125 0.21015625 0.11640625
2 0.4921875 0.20859375 0.1625 0.13984375
2 0.83046875 0.43828125 0.12578125 0.22421875
3 0.51328125 0.4578125 0.11875 0.19140625
3 0.73125 0.11796875 0.15859375 0.13984375
4 0.0890625 0.84140625 0.1296875 0.14375
4 0.121875 0.703125 0.1703125 0.0734375
8 0.5015625 0.271875 0.09375 0.11953125
8 0.603125 0.415625 0.13359375 0.13984375
9 0.5828125 0.2234375 0.109375 0.17265625
9 0.6421875 0.54453125 0.13515625 0.0765625
10 0.7171875 0.3890625 0.1375 0.06015625
10 0.47890625 0.50546875 0.06015625 0.1625
11 0.6765625 0.2296875 0.10625 0.13515625
11 0.584375 0.6203125 0.1375 0.075
5 0.86953125 0.0828125 0.11875 0.1453125
5 0.1546875 0.8765625 0.05859375 0.17421875
6 0.696875 0.46875 0.09296875 0.14375
6 0.1828125 0.55234375 0.1390625 0.10625
7 0.9125 0.16953125 0.08984375 0.11640625
7 0.525 0.33828125 0.13671875 0.06484375
12 0.79140625 0.38203125 0.08984375 0.1109375
12 0.81953125 0.0875 0.07109375 0.1296875
13 0.5453125 0.4296875 0.07265625 0.11796875
13 0.9109375 0.415625 0.0734375 0.13359375
14 0.82734375 0.48046875 0.1046875 0.11640625
14 0.8 0.27578125 0.0640625 0.11796875
15 0.65390625 0.58203125 0.0890625 0.08359375
15 0.58046875 0.43671875 0.07265625 0.10390625
16 0.72109375 0.3421875 0.09375 0.07890625
16 0.7546875 0.2 0.08984375 0.0546875
17 0.90546875 0.30078125 0.06953125 0.09921875
17 0.89453125 0.3921875 0.053125 0.10390625
18 0.73515625 0.165625 0.07109375 0.0546875
18 0.82109375 0.2984375 0.04375 0.0875
19 0.678125 0.30703125 0.06796875 0.08359375
19 0.7640625 0.2796875 0.06015625 0.0765625
20 0.9421875 0.25546875 0.075 0.06640625
20 0.84453125 0.36875 0.04375 0.06640625
21 0.434375 0.4125 0.06953125 0.06015625
21 0.37421875 0.6125 0.05625 0.08046875
22 0.4828125 0.49921875 0.1171875 0.11953125
23 0.7484375 0.475 0.0421875 0.08203125