0 0.34296875 0.62734375 0.078125 0.1359375
0 0.65625 0.5828125 0.16328125 0.1203125
1 0.52109375 0.2921875 0.0609375 0.146875
1 0.6328125 0.39921875 0.1546875 0.125
2 0.75625 0.809375 0.0671875 0.16640625
2 0.34765625 0.08125 0.07421875 0.13359375
3 0.4109375 0.31875 0.0734375 0.1265625
3 0.48828125 0.8359375 0.1265625 0.078125
4 0.6953125 0.934375 0.1265625 0.0984375
4 0.88671875 0.5859375 0.04609375 0.18203125
8 0.81796875 0.56640625 0.0984375 0.1015625
8 0.7796875 0.80234375 0.06796875 0.11953125
9 0.46875 0.66484375 0.115625 0.09140625
9 0.87890625 0.61015625 0.1140625 0.12734375
10 0.51171875 0.61015625 0.084375 0.121875
10 0.59296875 0.84375 0.078125 0.1375
11 0.54140625 0.525 0.03203125 0.14921875
11 0.48125 0.453125 0.084375 0.10546875
5 0.390625 0.45078125 0.10078125 0.0765625
5 0.9328125 0.85078125 0.125 0.08125
6 0.12265625 0.40390625 0.08046875 0.1359375
6 0.6703125 0.40234375 0.07265625 0.1359375
7 0.40703125 0.75 0.07421875 0.07421875
7 0.5984375 0.85703125 0.1015625 0.08046875
12 0.6515625 0.5328125 0.07890625 0.0828125
12 0.7109375 0.50625 0.05859375 0.0921875
13 0.7015625 0.36015625 0.059375 0.10625
13 0.44921875 0.43828125 0.0609375 0.09921875
14 0.71953125 0.5609375 0.0765625 0.05546875
14 0.7171875 0.5234375 0.0921875 0.04765625
15 0.62734375 0.53515625 0.0640625 0.08125
15 0.73046875 0.65390625 0.053125 0.07890625
16 0.565625 0.47421875 0.0484375 0.09921875
16 0.58671875 0.7359375 0.05546875 0.09375
17 0.52109375 0.4609375 0.02734375 0.0875
17 0.7640625 0.5625 0.034375 0.08515625
18 0.14609375 0.81015625 0.040625 0.09609375
18 0.60078125 0.77265625 0.05546875 0.0625
19 0.48359375 0.48671875 0.0421875 0.06875
19 0.721875 0.77421875 0.03359375 0.078125
20 0.634375 0.653125 0.04921875 0.04140625
20 0.4109375 0.5109375 0.05234375 0.04765625
21 0.46796875 0.61328125 0.05078125 0.0640625
21 0.90625 0.91796875 0.0609375 0.0625
22 0.9046875 0.55 0.078125 0.10390625
23 0.0359375 0.6375 0.06640625 0.0484375