0 0.6984375 0.559375 0.1375 0.14921875
0 0.36015625 0.54609375 0.075 0.13125
1 0.41328125 0.53359375 0.06328125 0.121875
1 0.4671875 0.31484375 0.159375 0.109375
2 0.40625 0.87265625 0.06484375 0.16171875
2 0.48671875 0.78515625 0.15625 0.05234375
3 0.67421875 0.41328125 0.046875 0.15390625
3 0.59140625 0.5796875 0.10234375 0.1203125
4 0.5734375 0.36015625 0.13203125 0.109375
4 0.5359375 0.6 0.04609375 0.15390625
8 0.50859375 0.528125 0.0703125 0.12890625
8 0.58828125 0.6171875 0.09375 0.1265625
9 0.92578125 0.725 0.09296875 0.121875
9 0.7046875 0.21171875 0.14609375 0.05859375
10 0.59140625 0.29453125 0.11640625 0.03828125
10 0.4609375 0.52890625 0.03828125 0.1296875
11 0.3640625 0.68359375 0.08125 0.10625
11 0.42265625 0.609375 0.11015625 0.04609375
5 0.684375 0.5125 0.06171875 0.1171875
5 0.4734375 0.4078125 0.07890625 0.10234375
6 0.7234375 0.20703125 0.04375 0.12890625
6 0.59296875 0.25 0.06484375 0.0765625
7 0.6984375 0.55234375 0.09296875 0.096875
7 0.575 0.3640625 0.0890625 0.09453125
12 0.62890625 0.484375 0.03203125 0.09453125
12 0.53125 0.43984375 0.078125 0.07421875
13 0.353125 0.9140625 0.06796875 0.090625
13 0.31953125 0.6421875 0.059375 0.09296875
14 0.465625 0.21015625 0.0578125 0.0953125
14 0.4875 0.82265625 0.03671875 0.10625
15 0.5140625 0.60078125 0.04765625 0.071875
15 0.68125 0.371875 0.08359375 0.04296875
16 0.4875 0.83046875 0.08359375 0.040625
16 0.5828125 0.559375 0.0625 0.05625
17 0.5265625 0.85546875 0.0578125 0.0640625
17 0.65703125 0.465625 0.03359375 0.075
18 0.596875 0.4484375 0.05703125 0.05859375
18 0.59296875 0.59609375 0.03984375 0.06640625
19 0.55703125 0.49375 0.06015625 0.03359375
19 0.64921875 0.56796875 0.03125 0.06328125
20 0.5953125 0.5140625 0.03203125 0.05390625
20 0.5609375 0.515625 0.04609375 0.0390625
21 0.58359375 0.32265625 0.046875 0.05
21 0.4890625 0.3296875 0.05 0.0515625
22 0.58125 0.21640625 0.09296875 0.09921875
23 0.2984375 0.9359375 0.03671875 0.0609375