0 0.79140625 0.75703125 0.246875 0.09453125
0 0.59453125 0.15 0.17734375 0.140625
1 0.33515625 0.66796875 0.1734375 0.1171875
1 0.59296875 0.68671875 0.12265625 0.16484375
2 0.4921875 0.65 0.084375 0.20703125
2 0.3578125 0.14765625 0.18984375 0.09609375
3 0.64921875 0.5609375 0.0984375 0.16484375
3 0.84140625 0.54765625 0.19765625 0.0609375
4 0.37109375 0.57109375 0.14921875 0.1375
4 0.21875 0.7375 0.15234375 0.14375
8 0.4953125 0.41171875 0.1390625 0.1
8 0.21640625 0.5984375 0.184375 0.0796875
9 0.16328125 0.4890625 0.11328125 0.15234375
9 0.884375 0.4671875 0.1671875 0.09140625
10 0.51953125 0.5953125 0.14140625 0.07890625
10 0.853125 0.5796875 0.1390625 0.06953125
11 0.771875 0.628125 0.1125 0.07109375
11 0.36953125 0.28984375 0.0890625 0.12109375
5 0.44140625 0.1390625 0.1453125 0.08828125
5 0.6140625 0.7265625 0.071875 0.14453125
6 0.13046875 0.4 0.0546875 0.159375
6 0.29453125 0.8 0.1 0.1109375
7 0.32734375 0.88671875 0.09609375 0.14453125
7 0.6140625 0.7265625 0.071875 0.14453125
12 0.8609375 0.6796875 0.1203125 0.09453125
12 0.08828125 0.4828125 0.053125 0.13125
13 0.371875 0.35859375 0.1109375 0.05859375
13 0.646875 0.5671875 0.084375 0.1046875
14 0.32578125 0.10625 0.0640625 0.1234375
14 0.60859375 0.29140625 0.109375 0.06015625
15 0.4671875 0.49453125 0.06640625 0.08125
15 0.0671875 0.3796875 0.0546875 0.1109375
16 0.21875 0.63984375 0.1015625 0.06484375
16 0.17890625 0.66953125 0.09609375 0.07734375
17 0.8546875 0.1546875 0.09375 0.07734375
17 0.69609375 0.365625 0.07109375 0.0875
18 0.584375 0.5234375 0.05703125 0.0671875
18 0.57890625 0.0890625 0.0890625 0.05625
19 0.4890625 0.54375 0.084375 0.04765625
19 0.63046875 0.715625 0.08125 0.05703125
20 0.1109375 0.2375 0.07734375 0.06640625
20 0.48984375 0.884375 0.05859375 0.06875
21 0.553125 0.4765625 0.0734375 0.0484375
21 0.2328125 0.2046875 0.08671875 0.05
22 0.60234375 0.3875 0.06171875 0.14453125
22 0.85859375 0.32109375 0.14140625 0.08359375
22 0.8328125 0.55546875 0.08515625 0.128125