0 0.54140625 0.4125 0.3359375 0.21875
0 0.45390625 0.803125 0.20078125 0.18359375
1 0.52109375 0.1765625 0.38203125 0.1078125
1 0.7125 0.58203125 0.40859375 0.13828125
2 0.73828125 0.30703125 0.1703125 0.13984375
2 0.834375 0.4125 0.22265625 0.1015625
3 0.6640625 0.23671875 0.26171875 0.1265625
3 0.790625 0.5765625 0.165625 0.14609375
4 0.29453125 0.21796875 0.2578125 0.1375
4 0.775 0.48828125 0.15703125 0.07578125
8 0.50078125 0.13984375 0.290625 0.11171875
8 0.65703125 0.90078125 0.2359375 0.11015625
9 0.4390625 0.39140625 0.175 0.1703125
9 0.77421875 0.390625 0.1640625 0.153125
10 0.6453125 0.88515625 0.08984375 0.16484375
10 0.49921875 0.925 0.28203125 0.05703125
11 0.3484375 0.44140625 0.225 0.07578125
11 0.48046875 0.8421875 0.24921875 0.0515625
5 0.60234375 0.5046875 0.1875 0.1328125
5 0.58046875 0.73125 0.10078125 0.1625
6 0.37109375 0.84296875 0.196875 0.128125
6 0.2 0.3546875 0.1421875 0.14765625
7 0.178125 0.24375 0.23359375 0.10390625
7 0.23671875 0.496875 0.23828125 0.08515625
12 0.69765625 0.65859375 0.1765625 0.096875
12 0.3546875 0.4890625 0.19453125 0.07421875
13 0.46484375 0.6984375 0.1875 0.06015625
13 0.3328125 0.60546875 0.08984375 0.11171875
14 0.29765625 0.6578125 0.12890625 0.11953125
14 0.4859375 0.4265625 0.18125 0.0546875
15 0.46796875 0.65 0.10234375 0.08515625
15 0.41015625 0.078125 0.153125 0.08359375
16 0.653125 0.3171875 0.12265625 0.08671875
16 0.53359375 0.24609375 0.1328125 0.09609375
17 0.36328125 0.13359375 0.1546875 0.0546875
17 0.271875 0.21640625 0.14609375 0.0734375
18 0.36875 0.5234375 0.0875 0.071875
18 0.334375 0.36796875 0.10078125 0.07578125
19 0.37421875 0.403125 0.08046875 0.0703125
19 0.6953125 0.4125 0.08515625 0.07734375
20 0.4828125 0.5921875 0.11328125 0.053125
20 0.42265625 0.62109375 0.08046875 0.065625
21 0.54609375 0.48125 0.13125 0.04921875
21 0.615625 0.73203125 0.06953125 0.07421875
22 0.58828125 0.34453125 0.2203125 0.0921875
23 0.4640625 0.24296875 0.08046875 0.05703125