0 0.5140625 0.4109375 0.275 0.1609375
0 0.1421875 0.53515625 0.06171875 0.39609375
1 0.88203125 0.5046875 0.09375 0.3421875
1 0.81484375 0.39765625 0.078125 0.29921875
2 0.80234375 0.6828125 0.1578125 0.22109375
2 0.21796875 0.60390625 0.08671875 0.2578125
3 0.13515625 0.5296875 0.1296875 0.22578125
3 0.70078125 0.8046875 0.240625 0.0984375
4 0.31796875 0.69140625 0.13203125 0.22578125
4 0.309375 0.6015625 0.06015625 0.253125
8 0.39140625 0.35234375 0.0890625 0.1859375
8 0.521875 0.30546875 0.05390625 0.22890625
9 0.459375 0.81015625 0.140625 0.1125
9 0.5125 0.2828125 0.14140625 0.1109375
10 0.23515625 0.2578125 0.08828125 0.14609375
10 0.54921875 0.5921875 0.1609375 0.075
11 0.653125 0.315625 0.0578125 0.1703125
11 0.7578125 0.14921875 0.15703125 0.0734375
5 0.74765625 0.421875 0.0890625 0.1609375
5 0.4984375 0.54140625 0.15 0.09375
6 0.928125 0.37421875 0.09453125 0.1703125
6 0.58359375 0.4984375 0.04921875 0.1765625
7 0.290625 0.78203125 0.15 0.1015625
7 0.36171875 0.25390625 0.15390625 0.071875
12 0.60625 0.1484375 0.1171875 0.103125
12 0.32578125 0.175 0.1234375 0.0828125
13 0.49296875 0.85703125 0.07578125 0.13359375
13 0.67265625 0.7328125 0.071875 0.0890625
14 0.6484375 0.4359375 0.09453125 0.12421875
14 0.52578125 0.67421875 0.13046875 0.05390625
15 0.4140625 0.5734375 0.06015625 0.13828125
15 0.5953125 0.31953125 0.04375 0.1109375
16 0.7359375 0.5625 0.06875 0.11796875
16 0.38203125 0.725 0.11015625 0.0703125
17 0.796875 0.5359375 0.08671875 0.0921875
17 0.69609375 0.078125 0.08515625 0.0921875
18 0.3640625 0.3703125 0.08125 0.05390625
18 0.334375 0.31640625 0.06015625 0.0984375
19 0.4453125 0.3796875 0.0546875 0.0921875
19 0.7578125 0.09609375 0.07421875 0.0875
20 0.59140625 0.2296875 0.0546875 0.0875
20 0.49140625 0.4609375 0.04296875 0.0890625
21 0.540625 0.478125 0.046875 0.0875
21 0.3609375 0.51796875 0.05078125 0.0984375
22 0.7328125 0.31953125 0.09375 0.190625
23 0.22890625 0.3890625 0.0484375 0.090625