0 0.25 0.58203125 0.07890625 0.271875
0 0.91015625 0.20546875 0.12890625 0.225
1 0.68359375 0.22890625 0.15 0.2734375
1 0.48046875 0.86875 0.12578125 0.19375
2 0.52265625 0.30703125 0.12734375 0.12421875
2 0.734375 0.375 0.21484375 0.11953125
3 0.5796875 0.77265625 0.16171875 0.159375
3 0.3234375 0.421875 0.0578125 0.234375
4 0.56484375 0.66875 0.07578125 0.21171875
4 0.73203125 0.2109375 0.16875 0.18046875
8 0.8375 0.15078125 0.15546875 0.19375
8 0.4328125 0.609375 0.10078125 0.15078125
9 0.6640625 0.875 0.18671875 0.11640625
9 0.5078125 0.64609375 0.18359375 0.06875
10 0.3640625 0.66875 0.15234375 0.0984375
10 0.13046875 0.50703125 0.1453125 0.11796875
11 0.61015625 0.55078125 0.1453125 0.1078125
11 0.5796875 0.35859375 0.0640625 0.15078125
5 0.70625 0.29140625 0.0609375 0.1734375
5 0.11640625 0.409375 0.08125 0.16875
6 0.24765625 0.1328125 0.175 0.06875
6 0.27109375 0.2984375 0.165625 0.059375
7 0.0953125 0.4609375 0.12265625 0.15234375
7 0.625 0.67578125 0.165625 0.05390625
12 0.23671875 0.33515625 0.13046875 0.0671875
12 0.47890625 0.87109375 0.12109375 0.11484375
13 0.68828125 0.45078125 0.12265625 0.06875
13 0.48359375 0.40703125 0.09921875 0.09375
14 0.67734375 0.528125 0.11875 0.08046875
14 0.4234375 0.2984375 0.07109375 0.125
15 0.39375 0.40546875 0.0625 0.10859375
15 0.65390625 0.4875 0.07578125 0.07578125
16 0.48515625 0.225 0.09609375 0.0984375
16 0.3515625 0.18828125 0.0640625 0.12265625
17 0.359375 0.5109375 0.0546875 0.1
17 0.384375 0.2953125 0.0609375 0.1015625
18 0.57890625 0.4734375 0.08125 0.06875
18 0.2109375 0.409375 0.07265625 0.08203125
19 0.6015625 0.89609375 0.07109375 0.08515625
19 0.73046875 0.32734375 0.0859375 0.0609375
20 0.271875 0.24453125 0.0640625 0.065625
20 0.3421875 0.37578125 0.04765625 0.075
21 0.60625 0.41015625 0.053125 0.08359375
21 0.209375 0.53984375 0.0515625 0.08203125
22 0.325 0.18203125 0.1640625 0.05390625
23 0.5078125 0.728125 0.07734375 0.071875