0 0.4125 0.79375 0.3078125 0.13515625
0 0.52734375 0.16015625 0.1015625 0.278125
1 0.77265625 0.528125 0.1640625 0.23125
1 0.4078125 0.490625 0.07109375 0.26875
2 0.7546875 0.40625 0.22109375 0.1640625
2 0.4625 0.4359375 0.06953125 0.23203125
3 0.36953125 0.128125 0.22109375 0.1390625
3 0.46328125 0.26171875 0.1828125 0.16171875
4 0.5453125 0.4421875 0.1890625 0.12265625
4 0.228125 0.471875 0.11953125 0.18359375
8 0.08671875 0.27421875 0.11484375 0.19765625
8 0.75546875 0.31484375 0.1875 0.14609375
9 0.67109375 0.74140625 0.1203125 0.13046875
9 0.18046875 0.88515625 0.1484375 0.16015625
10 0.47890625 0.68046875 0.1640625 0.09296875
10 0.56484375 0.78203125 0.190625 0.05390625
11 0.31328125 0.4859375 0.109375 0.13203125
11 0.74765625 0.24609375 0.140625 0.09140625
5 0.86875 0.5734375 0.15 0.1375
5 0.24765625 0.52109375 0.13203125 0.0875
6 0.63046875 0.18359375 0.07578125 0.1640625
6 0.64296875 0.59296875 0.103125 0.14609375
7 0.33828125 0.62421875 0.13203125 0.1109375
7 0.31953125 0.23984375 0.165625 0.05390625
12 0.265625 0.58515625 0.09609375 0.11953125
12 0.596875 0.52265625 0.11171875 0.1109375
13 0.28203125 0.3640625 0.11328125 0.10703125
13 0.6953125 0.171875 0.07109375 0.13515625
14 0.35546875 0.38203125 0.05390625 0.1296875
14 0.375 0.55 0.121875 0.09609375
15 0.521875 0.64140625 0.121875 0.05546875
15 0.52578125 0.14765625 0.11484375 0.1
16 0.7109375 0.51953125 0.07578125 0.1015625
16 0.88515625 0.63359375 0.1078125 0.09609375
17 0.52734375 0.403125 0.08984375 0.0859375
17 0.7546875 0.4671875 0.078125 0.09140625
18 0.64296875 0.309375 0.0796875 0.0875
18 0.515625 0.3546875 0.09140625 0.05859375
19 0.52109375 0.53515625 0.0625 0.09140625
19 0.93203125 0.30625 0.07265625 0.09453125
20 0.784375 0.42421875 0.059375 0.06953125
20 0.94140625 0.4078125 0.07734375 0.0640625
21 0.390625 0.3203125 0.07734375 0.0484375
21 0.909375 0.45390625 0.0859375 0.06015625
22 0.2703125 0.346875 0.1078125 0.16796875
23 0.44296875 0.15859375 0.0859375 0.05546875