0 0.17890625 0.57890625 0.1140625 0.21953125
0 0.78671875 0.72421875 0.12734375 0.24453125
1 0.1734375 0.67578125 0.1984375 0.17109375
1 0.17265625 0.51484375 0.09609375 0.21796875
2 0.76171875 0.38671875 0.175 0.16796875
2 0.884375 0.5046875 0.16796875 0.14765625
3 0.53828125 0.12890625 0.15703125 0.1046875
3 0.7359375 0.88671875 0.2046875 0.09765625
4 0.18671875 0.33828125 0.134375 0.16640625
4 0.75390625 0.6953125 0.19375 0.075
8 0.64921875 0.43125 0.1015625 0.16953125
8 0.16796875 0.75703125 0.084375 0.19609375
9 0.39921875 0.43125 0.1234375 0.1375
9 0.64453125 0.734375 0.1625 0.08828125
10 0.478125 0.64765625 0.1453125 0.103125
10 0.76171875 0.1359375 0.0796875 0.16484375
11 0.6578125 0.1125 0.04921875 0.1546875
11 0.58984375 0.21796875 0.12109375 0.10625
5 0.8171875 0.40390625 0.13125 0.0796875
5 0.5671875 0.8734375 0.0921875 0.15625
6 0.7421875 0.26953125 0.06484375 0.1578125
6 0.69609375 0.81953125 0.14375 0.08671875
7 0.6453125 0.53359375 0.08515625 0.1359375
7 0.61875 0.3046875 0.084375 0.134375
12 0.26328125 0.78671875 0.1140625 0.11328125
12 0.38984375 0.10546875 0.12890625 0.0515625
13 0.23046875 0.33515625 0.0921875 0.0828125
13 0.5125 0.471875 0.0515625 0.11796875
14 0.4765625 0.6296875 0.08828125 0.10625
14 0.4671875 0.48046875 0.09921875 0.11640625
15 0.503125 0.378125 0.08125 0.0984375
15 0.4234375 0.5 0.084375 0.07109375
16 0.5265625 0.5953125 0.05703125 0.1046875
16 0.70703125 0.3015625 0.04921875 0.11328125
17 0.15 0.28359375 0.05859375 0.0984375
17 0.46328125 0.8 0.09375 0.07265625
18 0.3953125 0.36875 0.07734375 0.06171875
18 0.5515625 0.18203125 0.0828125 0.04609375
19 0.6109375 0.0953125 0.05546875 0.084375
19 0.40625 0.1578125 0.075 0.0734375
20 0.203125 0.76953125 0.04765625 0.0734375
20 0.3640625 0.1796875 0.06640625 0.053125
21 0.39921875 0.23125 0.07890625 0.06171875
21 0.12734375 0.79921875 0.07578125 0.05625
22 0.49609375 0.19140625 0.0796875 0.12109375
23 0.28125 0.3609375 0.06484375 0.0546875