0 0.509375 0.27109375 0.1234375 0.159375
0 0.67890625 0.771875 0.1296875 0.1546875
1 0.4046875 0.446875 0.06640625 0.19765625
1 0.40390625 0.328125 0.146875 0.08203125
2 0.146875 0.48046875 0.11328125 0.121875
2 0.19375 0.57734375 0.153125 0.06640625
3 0.534375 0.50390625 0.1515625 0.0796875
3 0.66015625 0.71796875 0.1125 0.1234375
4 0.91171875 0.72265625 0.11953125 0.08828125
4 0.571875 0.2640625 0.1 0.0765625
8 0.70703125 0.3921875 0.1125 0.08203125
8 0.72421875 0.7 0.040625 0.16484375
9 0.5671875 0.28671875 0.09140625 0.09375
9 0.65546875 0.79921875 0.06796875 0.11796875
10 0.44375 0.77734375 0.0859375 0.1078125
10 0.56875 0.421875 0.10703125 0.05390625
11 0.30234375 0.921875 0.07890625 0.08828125
11 0.5703125 0.82421875 0.053125 0.1078125
5 0.58203125 0.55859375 0.09609375 0.090625
5 0.421875 0.6984375 0.0890625 0.08984375
6 0.39296875 0.91015625 0.0765625 0.08203125
6 0.33671875 0.4890625 0.08125 0.1125
7 0.61796875 0.234375 0.08125 0.059375
7 0.26796875 0.834375 0.0453125 0.1265625
12 0.5140625 0.846875 0.06875 0.0765625
12 0.615625 0.1484375 0.040625 0.08359375
13 0.44296875 0.4203125 0.04453125 0.090625
13 0.11171875 0.62421875 0.09765625 0.05234375
14 0.28828125 0.71484375 0.1 0.08828125
14 0.69921875 0.61171875 0.0421875 0.09765625
15 0.32578125 0.29296875 0.0578125 0.0625
15 0.6734375 0.49921875 0.046875 0.09765625
16 0.90546875 0.62109375 0.06796875 0.08671875
16 0.525 0.80859375 0.08125 0.065625
17 0.796875 0.75546875 0.06640625 0.065625
17 0.48671875 0.665625 0.07421875 0.078125
18 0.475 0.55859375 0.0640625 0.06953125
18 0.6421875 0.42734375 0.0515625 0.06796875
19 0.52265625 0.30078125 0.0515625 0.0453125
19 0.48984375 0.86796875 0.04921875 0.06796875
20 0.5140625 0.4453125 0.0515625 0.05546875
20 0.63203125 0.56953125 0.0484375 0.05390625
21 0.73515625 0.58515625 0.046875 0.06796875
21 0.515625 0.5578125 0.0421875 0.06640625
22 0.31171875 0.8140625 0.0765625 0.08203125
22 0.6828125 0.196875 0.1 0.07265625