0 0.1421875 0.79375 0.1796875 0.31171875
0 0.3578125 0.446875 0.16328125 0.2671875
1 0.4890625 0.40390625 0.19140625 0.17421875
1 0.31796875 0.80625 0.134375 0.225
2 0.28203125 0.43125 0.22265625 0.12890625
2 0.59375 0.62421875 0.1546875 0.121875
3 0.82578125 0.53203125 0.08828125 0.2625
3 0.71015625 0.8359375 0.1375 0.19296875
4 0.25859375 0.6328125 0.1953125 0.13203125
4 0.153125 0.39453125 0.15625 0.23046875
8 0.23984375 0.4828125 0.159375 0.2015625
8 0.55390625 0.79609375 0.1578125 0.11640625
9 0.67890625 0.74296875 0.1125 0.2265625
9 0.896875 0.43125 0.121875 0.15234375
10 0.47265625 0.5875 0.09375 0.1796875
10 0.45234375 0.1 0.134375 0.1796875
11 0.20625 0.7171875 0.10546875 0.12890625
11 0.57421875 0.61015625 0.1390625 0.11640625
5 0.86171875 0.3953125 0.16640625 0.1203125
5 0.52578125 0.896875 0.14921875 0.09453125
6 0.15546875 0.6796875 0.11171875 0.13046875
6 0.2875 0.8203125 0.140625 0.09453125
7 0.6265625 0.70859375 0.16796875 0.06796875
7 0.53984375 0.125 0.08359375 0.18984375
12 0.675 0.24296875 0.12890625 0.1203125
12 0.63125 0.1703125 0.13046875 0.059375
13 0.71484375 0.6453125 0.12421875 0.11640625
13 0.48359375 0.4125 0.121875 0.0578125
14 0.42109375 0.825 0.09296875 0.14375
14 0.36640625 0.6328125 0.14765625 0.0578125
15 0.38828125 0.31328125 0.06484375 0.1421875
15 0.42265625 0.71015625 0.11875 0.06953125
16 0.17109375 0.4703125 0.08671875 0.121875
16 0.76796875 0.42265625 0.06796875 0.1421875
17 0.50078125 0.36875 0.10390625 0.0609375
17 0.37421875 0.590625 0.09375 0.05390625
18 0.3953125 0.22890625 0.09296875 0.06953125
18 0.1421875 0.81015625 0.0734375 0.1015625
19 0.5546875 0.23359375 0.0828125 0.09140625
19 0.3328125 0.5375 0.08125 0.0796875
20 0.36875 0.55078125 0.04375 0.065625
20 0.58203125 0.30625 0.07265625 0.06796875
21 0.603125 0.49765625 0.08671875 0.078125
21 0.728125 0.196875 0.075 0.11640625
22 0.5375 0.53984375 0.171875 0.07421875
22 0.528125 0.1390625 0.15078125 0.10859375