0 0.53671875 0.7203125 0.1546875 0.18515625
0 0.421875 0.35390625 0.14765625 0.16484375
1 0.19375 0.8359375 0.2640625 0.21484375
1 0.25625 0.73359375 0.159375 0.190625
2 0.5421875 0.48984375 0.1203125 0.11015625
2 0.171875 0.45625 0.1265625 0.14140625
3 0.215625 0.38828125 0.13203125 0.159375
3 0.33359375 0.6109375 0.190625 0.128125
4 0.43828125 0.45234375 0.0875 0.221875
4 0.5359375 0.43203125 0.1765625 0.10859375
8 0.55234375 0.3484375 0.13359375 0.16171875
8 0.1453125 0.8265625 0.16328125 0.1890625
9 0.6390625 0.690625 0.13203125 0.178125
9 0.10390625 0.48515625 0.11484375 0.115625
10 0.375 0.48359375 0.1421875 0.10859375
10 0.371875 0.8421875 0.09609375 0.17578125
11 0.2921875 0.3140625 0.1390625 0.084375
11 0.26015625 0.55234375 0.1015625 0.14296875
5 0.2296875 0.4375 0.14375 0.11953125
5 0.2953125 0.6296875 0.11015625 0.09140625
6 0.58046875 0.60703125 0.1765625 0.07734375
6 0.13828125 0.678125 0.1390625 0.1046875
7 0.60703125 0.55390625 0.11015625 0.103125
7 0.33203125 0.5703125 0.0875 0.16484375
12 0.525 0.41015625 0.11015625 0.11171875
12 0.3046875 0.40546875 0.15625 0.0515625
13 0.475 0.5953125 0.06875 0.13046875
13 0.45859375 0.2984375 0.09453125 0.115625
14 0.4359375 0.70390625 0.07578125 0.1265625
14 0.35234375 0.40625 0.08046875 0.12265625
15 0.1140625 0.5671875 0.11484375 0.084375
15 0.19375 0.5421875 0.07890625 0.096875
16 0.1953125 0.76328125 0.0890625 0.10625
16 0.1734375 0.61953125 0.10625 0.0640625
17 0.2375 0.75703125 0.09453125 0.071875
17 0.3796875 0.74296875 0.1046875 0.0546875
18 0.34375 0.69140625 0.09765625 0.06640625
18 0.284375 0.55078125 0.0546875 0.0953125
19 0.24296875 0.71640625 0.090625 0.04921875
19 0.54921875 0.753125 0.0546875 0.1046875
20 0.50234375 0.353125 0.071875 0.0640625
20 0.43515625 0.453125 0.06015625 0.084375
21 0.43671875 0.6046875 0.053125 0.09375
21 0.39375 0.4703125 0.11171875 0.053125
22 0.490625 0.81640625 0.11015625 0.13203125
22 0.13125 0.73828125 0.084375 0.13046875