0 0.32421875 0.23359375 0.2703125 0.11640625
0 0.5625 0.69140625 0.1171875 0.17109375
1 0.35703125 0.3640625 0.10234375 0.18984375
1 0.8953125 0.359375 0.1328125 0.1125
2 0.2921875 0.4421875 0.15234375 0.1484375
2 0.678125 0.25390625 0.10546875 0.11953125
3 0.19375 0.1921875 0.16015625 0.11640625
3 0.428125 0.06953125 0.17734375 0.08203125
4 0.815625 0.63203125 0.0546875 0.15390625
4 0.16171875 0.36015625 0.16953125 0.08203125
8 0.74453125 0.56796875 0.071875 0.13828125
8 0.5234375 0.44140625 0.10859375 0.071875
9 0.67578125 0.43671875 0.0625 0.13671875
9 0.4984375 0.52890625 0.11015625 0.11328125
10 0.80625 0.72578125 0.14375 0.05
10 0.49140625 0.3578125 0.146875 0.05625
11 0.68671875 0.55703125 0.09609375 0.0890625
11 0.62734375 0.5015625 0.0734375 0.1078125
5 0.47421875 0.16640625 0.1171875 0.10234375
5 0.803125 0.46875 0.0578125 0.13203125
6 0.79375 0.36953125 0.10546875 0.11484375
6 0.603125 0.359375 0.0765625 0.12265625
7 0.2640625 0.4890625 0.11171875 0.06015625
7 0.60078125 0.35234375 0.1171875 0.08359375
12 0.4546875 0.2890625 0.0734375 0.0921875
12 0.26640625 0.2125 0.08828125 0.08203125
13 0.5625 0.4875 0.11328125 0.0578125
13 0.48671875 0.23828125 0.0828125 0.0765625
14 0.6859375 0.8078125 0.11328125 0.053125
14 0.17421875 0.08671875 0.0609375 0.1046875
15 0.771875 0.303125 0.0625 0.08515625
15 0.746875 0.653125 0.08984375 0.0546875
16 0.8578125 0.50390625 0.0796875 0.07734375
16 0.87421875 0.428125 0.09765625 0.053125
17 0.52109375 0.28671875 0.071875 0.0703125
17 0.20546875 0.39140625 0.071875 0.075
18 0.325 0.12734375 0.09296875 0.04765625
18 0.4765625 0.5484375 0.0609375 0.071875
19 0.771875 0.82890625 0.08515625 0.0515625
19 0.72890625 0.35078125 0.059375 0.06875
20 0.57265625 0.6921875 0.0546875 0.071875
20 0.51015625 0.39453125 0.0609375 0.04921875
21 0.675 0.68671875 0.0515625 0.0703125
21 0.63515625 0.94296875 0.0703125 0.059375
22 0.93046875 0.634375 0.0625 0.13203125
23 0.88046875 0.5671875 0.071875 0.04609375