0 0.59453125 0.459375 0.15 0.45
0 0.58515625 0.73671875 0.12421875 0.20234375
1 0.425 0.6890625 0.22734375 0.34609375
1 0.48671875 0.13828125 0.234375 0.15234375
2 0.70234375 0.28203125 0.12421875 0.1640625
2 0.34765625 0.40390625 0.16875 0.14765625
3 0.46484375 0.396875 0.12734375 0.3140625
3 0.2265625 0.76015625 0.16328125 0.24765625
4 0.35 0.340625 0.115625 0.2578125
4 0.43515625 0.66875 0.07890625 0.28203125
8 0.2484375 0.284375 0.23203125 0.06796875
8 0.1984375 0.6 0.10859375 0.14375
9 0.2203125 0.296875 0.1890625 0.21796875
9 0.36640625 0.47265625 0.10703125 0.19375
10 0.6609375 0.13125 0.1203125 0.21015625
10 0.22578125 0.77421875 0.07578125 0.23203125
11 0.140625 0.7140625 0.1703125 0.16796875
11 0.68671875 0.4078125 0.12421875 0.128125
5 0.8390625 0.6828125 0.15 0.18984375
5 0.8625 0.365625 0.1 0.22421875
6 0.3125 0.571875 0.17734375 0.14765625
6 0.259375 0.76484375 0.19765625 0.1140625
7 0.85625 0.359375 0.18046875 0.165625
7 0.490625 0.62890625 0.1203125 0.2421875
12 0.14140625 0.584375 0.065625 0.17578125
12 0.85703125 0.51484375 0.09609375 0.1703125
13 0.2765625 0.45703125 0.084375 0.15390625
13 0.6875 0.434375 0.1015625 0.16015625
14 0.225 0.48515625 0.12578125 0.065625
14 0.24765625 0.40703125 0.11015625 0.121875
15 0.684375 0.53125 0.053125 0.15
15 0.60546875 0.25390625 0.11328125 0.06796875
16 0.45078125 0.8640625 0.05859375 0.14765625
16 0.609375 0.34609375 0.09609375 0.1078125
17 0.74921875 0.66328125 0.0984375 0.11015625
17 0.33359375 0.2078125 0.06875 0.128125
18 0.79375 0.628125 0.09296875 0.09609375
18 0.646875 0.5671875 0.0828125 0.07421875
19 0.81171875 0.5109375 0.07421875 0.1140625
19 0.4484375 0.64296875 0.11875 0.0703125
20 0.4796875 0.178125 0.084375 0.0921875
20 0.49453125 0.50078125 0.07421875 0.0703125
21 0.56953125 0.6328125 0.0828125 0.0578125
21 0.55078125 0.76171875 0.0546875 0.09609375
22 0.74375 0.12890625 0.103125 0.1703125
22 0.3875 0.9 0.14140625 0.16796875