0 0.76953125 0.51484375 0.32578125 0.096875
0 0.43984375 0.56328125 0.20390625 0.1125
1 0.65625 0.45859375 0.31015625 0.11640625
1 0.7625 0.8703125 0.1546875 0.1140625
2 0.20703125 0.3015625 0.0984375 0.16953125
2 0.53125 0.4078125 0.13125 0.16328125
3 0.86484375 0.88671875 0.18984375 0.14375
3 0.72421875 0.5703125 0.18046875 0.12421875
4 0.8734375 0.7859375 0.25 0.07265625
4 0.1859375 0.48984375 0.103125 0.1125
8 0.37578125 0.33203125 0.115625 0.12421875
8 0.740625 0.4578125 0.24375 0.07578125
9 0.3640625 0.4703125 0.1109375 0.1671875
9 0.6265625 0.7296875 0.1203125 0.1546875
10 0.15234375 0.325 0.06953125 0.159375
10 0.3921875 0.69296875 0.1109375 0.13359375
11 0.37734375 0.48125 0.16171875 0.1140625
11 0.6234375 0.85859375 0.1421875 0.06015625
5 0.56875 0.8859375 0.20859375 0.08125
5 0.43515625 0.4421875 0.1046875 0.08203125
6 0.71640625 0.7 0.15703125 0.11875
6 0.3 0.68203125 0.121875 0.146875
7 0.8046875 0.7015625 0.128125 0.11875
7 0.1 0.49375 0.08984375 0.165625
12 0.5078125 0.74140625 0.16328125 0.06171875
12 0.17578125 0.65 0.1265625 0.090625
13 0.35234375 0.1359375 0.115625 0.084375
13 0.26484375 0.31484375 0.05390625 0.11875
14 0.196875 0.7234375 0.096875 0.084375
14 0.55546875 0.59140625 0.08359375 0.103125
15 0.33046875 0.75234375 0.1109375 0.07578125
15 0.5859375 0.653125 0.06953125 0.10078125
16 0.65625 0.65546875 0.140625 0.04921875
16 0.36484375 0.78984375 0.13125 0.0671875
17 0.471875 0.78671875 0.1078125 0.07578125
17 0.36796875 0.71171875 0.07265625 0.090625
18 0.2640625 0.46171875 0.1109375 0.04140625
18 0.53828125 0.6875 0.07109375 0.0578125
19 0.54140625 0.06484375 0.05859375 0.08828125
19 0.46328125 0.6265625 0.1078125 0.04765625
20 0.1078125 0.58828125 0.07109375 0.0703125
20 0.43828125 0.39296875 0.05234375 0.0640625
21 0.57421875 0.815625 0.1046875 0.034375
21 0.54765625 0.92109375 0.09296875 0.040625
22 0.259375 0.36796875 0.1484375 0.10546875
22 0.35859375 0.253125 0.109375 0.090625