0 0.84765625 0.7640625 0.1453125 0.240625
0 0.1609375 0.68828125 0.21015625 0.10390625
1 0.259375 0.65 0.15625 0.15
1 0.67890625 0.7765625 0.17421875 0.1375
2 0.55 0.25546875 0.25078125 0.134375
2 0.76171875 0.47734375 0.1609375 0.13984375
3 0.37734375 0.78671875 0.20234375 0.134375
3 0.13671875 0.278125 0.15 0.10390625
4 0.6484375 0.49140625 0.09609375 0.2265625
4 0.1359375 0.41171875 0.1125 0.21328125
8 0.65 0.128125 0.1984375 0.16796875
8 0.77421875 0.6828125 0.16953125 0.1765625
9 0.78203125 0.27265625 0.16484375 0.11953125
9 0.55078125 0.8609375 0.1890625 0.07890625
10 0.3703125 0.36484375 0.13671875 0.16640625
10 0.19609375 0.571875 0.1125 0.14296875
11 0.77109375 0.38359375 0.0859375 0.13984375
11 0.60234375 0.865625 0.10234375 0.1609375
5 0.19609375 0.3890625 0.10625 0.16796875
5 0.68203125 0.38359375 0.14453125 0.1515625
6 0.2796875 0.64140625 0.0703125 0.16484375
6 0.43515625 0.6453125 0.18046875 0.07265625
7 0.875 0.7625 0.12890625 0.12734375
7 0.0953125 0.56171875 0.10625 0.1609375
12 0.32109375 0.25625 0.1828125 0.06015625
12 0.5578125 0.44765625 0.10078125 0.10078125
13 0.57890625 0.64609375 0.13671875 0.0921875
13 0.40078125 0.85 0.10546875 0.12734375
14 0.44453125 0.70546875 0.13203125 0.0859375
14 0.73671875 0.59296875 0.0671875 0.14921875
15 0.70234375 0.5734375 0.08125 0.10546875
15 0.66015625 0.76796875 0.121875 0.0640625
16 0.49765625 0.3734375 0.10078125 0.1140625
16 0.48671875 0.815625 0.1203125 0.0625
17 0.603125 0.34609375 0.09765625 0.0703125
17 0.34765625 0.51640625 0.0859375 0.10390625
18 0.36484375 0.60625 0.05390625 0.09765625
18 0.45703125 0.6296875 0.05546875 0.10078125
19 0.65390625 0.6046875 0.0796875 0.0875
19 0.6984375 0.340625 0.09296875 0.08046875
20 0.59375 0.69296875 0.05859375 0.071875
20 0.140625 0.471875 0.04375 0.07421875
21 0.5125 0.46328125 0.05859375 0.09765625
21 0.20859375 0.45390625 0.0484375 0.0875
22 0.4578125 0.340625 0.13515625 0.0890625
22 0.2984375 0.73046875 0.09765625 0.16796875