0 0.11328125 0.6796875 0.134375 0.15625
0 0.403125 0.62421875 0.15078125 0.22578125
1 0.48359375 0.24375 0.13203125 0.2046875
1 0.45234375 0.50703125 0.14140625 0.18359375
2 0.365625 0.3234375 0.14765625 0.14765625
2 0.40703125 0.08984375 0.175 0.10234375
3 0.121875 0.3921875 0.17578125 0.10546875
3 0.42578125 0.4015625 0.16953125 0.09609375
4 0.225 0.8921875 0.10859375 0.13984375
4 0.18984375 0.878125 0.15625 0.078125
8 0.56328125 0.10234375 0.1609375 0.165625
8 0.23515625 0.29609375 0.12890625 0.0875
9 0.278125 0.340625 0.15625 0.0859375
9 0.44921875 0.15859375 0.153125 0.11015625
10 0.30546875 0.45859375 0.0859375 0.1265625
10 0.321875 0.7421875 0.06015625 0.1578125
11 0.11796875 0.38984375 0.084375 0.1578125
11 0.828125 0.34296875 0.09140625 0.10546875
5 0.83359375 0.4203125 0.13203125 0.0859375
5 0.28359375 0.8484375 0.096875 0.1171875
6 0.21640625 0.221875 0.1421875 0.128125
6 0.31328125 0.87265625 0.08046875 0.1578125
7 0.1875 0.54296875 0.1140625 0.1140625
7 0.9203125 0.33984375 0.11796875 0.1109375
12 0.24296875 0.76171875 0.1078125 0.0828125
12 0.328125 0.540625 0.0890625 0.121875
13 0.2078125 0.82578125 0.08984375 0.078125
13 0.2046875 0.71015625 0.096875 0.1203125
14 0.54765625 0.390625 0.11953125 0.09921875
14 0.7859375 0.35625 0.0984375 0.071875
15 0.34296875 0.15234375 0.11328125 0.05546875
15 0.4296875 0.4765625 0.11171875 0.06328125
16 0.74375 0.20390625 0.07421875 0.0890625
16 0.46640625 0.278125 0.07265625 0.10859375
17 0.25859375 0.25859375 0.0796875 0.0875
17 0.221875 0.68515625 0.075 0.09765625
18 0.296875 0.76953125 0.05078125 0.0828125
18 0.53515625 0.34375 0.05625 0.0890625
19 0.4234375 0.2609375 0.05390625 0.0859375
19 0.75234375 0.30390625 0.06875 0.084375
20 0.34296875 0.384375 0.05078125 0.0703125
20 0.26953125 0.63671875 0.06328125 0.0734375
21 0.62890625 0.3265625 0.0890625 0.06015625
21 0.26640625 0.42578125 0.0484375 0.10234375
22 0.9171875 0.4265625 0.11171875 0.10078125
22 0.12734375 0.55703125 0.1515625 0.11015625