0 0.575 0.66328125 0.1890625 0.20625
0 0.68515625 0.6875 0.1171875 0.2671875
1 0.43515625 0.553125 0.2046875 0.209375
1 0.85625 0.4375 0.17578125 0.184375
2 0.60703125 0.4578125 0.20078125 0.2078125
2 0.5578125 0.684375 0.2546875 0.1421875
3 0.2953125 0.309375 0.14765625 0.11328125
3 0.553125 0.34921875 0.2140625 0.09453125
4 0.6890625 0.87265625 0.12421875 0.1296875
4 0.75390625 0.2234375 0.14921875 0.20625
8 0.6875 0.5640625 0.19453125 0.17109375
8 0.6171875 0.10546875 0.17109375 0.15390625
9 0.590625 0.59140625 0.08359375 0.16171875
9 0.2765625 0.59921875 0.09375 0.17421875
10 0.371875 0.42109375 0.1375 0.1859375
10 0.8703125 0.60234375 0.13359375 0.10078125
11 0.22890625 0.38984375 0.065625 0.209375
11 0.890625 0.2859375 0.1125 0.16171875
5 0.275 0.634375 0.15234375 0.10703125
5 0.56640625 0.70625 0.096875 0.15546875
6 0.4046875 0.3609375 0.0984375 0.15546875
6 0.45390625 0.671875 0.0671875 0.11171875
7 0.7375 0.23359375 0.16875 0.10234375
7 0.859375 0.1625 0.06171875 0.196875
12 0.5203125 0.18046875 0.11015625 0.11171875
12 0.5703125 0.165625 0.11875 0.10703125
13 0.36328125 0.60625 0.0640625 0.16015625
13 0.778125 0.4078125 0.06875 0.140625
14 0.76640625 0.10234375 0.08671875 0.11171875
14 0.7203125 0.13515625 0.05234375 0.1484375
15 0.67109375 0.7453125 0.1125 0.09921875
15 0.74609375 0.1390625 0.06015625 0.10859375
16 0.68046875 0.4859375 0.08515625 0.10390625
16 0.60390625 0.159375 0.06015625 0.1359375
17 0.68359375 0.209375 0.0703125 0.10859375
17 0.4921875 0.69921875 0.05 0.10546875
18 0.51171875 0.28828125 0.0953125 0.0734375
18 0.328125 0.5984375 0.040625 0.10859375
19 0.77734375 0.39921875 0.0875 0.0625
19 0.29296875 0.58046875 0.04375 0.09296875
20 0.584375 0.27890625 0.0640625 0.08125
20 0.59375 0.6890625 0.06328125 0.04921875
21 0.846875 0.46328125 0.06328125 0.06875
21 0.821875 0.528125 0.0953125 0.0515625
22 0.446875 0.240625 0.12265625 0.09765625
22 0.3015625 0.3890625 0.12890625 0.08671875