0 0.58203125 0.1375 0.14296875 0.23984375
0 0.8640625 0.5421875 0.084375 0.225
1 0.3390625 0.39296875 0.11171875 0.10703125
1 0.2515625 0.71484375 0.0921875 0.1703125
2 0.20390625 0.50703125 0.0796875 0.09765625
2 0.21328125 0.70390625 0.0671875 0.11171875
3 0.5703125 0.6859375 0.115625 0.15078125
3 0.346875 0.49140625 0.084375 0.1078125
4 0.70546875 0.50234375 0.0640625 0.1828125
4 0.353125 0.2375 0.08125 0.13046875
8 0.8015625 0.44453125 0.06484375 0.14765625
8 0.91796875 0.58515625 0.08046875 0.13046875
9 0.78828125 0.60859375 0.04609375 0.1828125
9 0.709375 0.67109375 0.103125 0.153125
10 0.2609375 0.4703125 0.06484375 0.1453125
10 0.3609375 0.665625 0.084375 0.15234375
11 0.75625 0.40703125 0.059375 0.15625
11 0.5921875 0.56328125 0.065625 0.115625
5 0.93203125 0.671875 0.1171875 0.06953125
5 0.8328125 0.5578125 0.0671875 0.15078125
6 0.246875 0.35234375 0.115625 0.071875
6 0.63203125 0.57890625 0.04296875 0.15703125
7 0.27578125 0.5953125 0.06796875 0.10546875
7 0.55234375 0.55546875 0.0828125 0.1265625
12 0.19609375 0.81328125 0.059375 0.1203125
12 0.3890625 0.89765625 0.0890625 0.0890625
13 0.82578125 0.6640625 0.0671875 0.10703125
13 0.365625 0.93671875 0.078125 0.07578125
14 0.05859375 0.80390625 0.0765625 0.109375
14 0.24140625 0.5734375 0.0671875 0.109375
15 0.4109375 0.49921875 0.07734375 0.09765625
15 0.73359375 0.6859375 0.0859375 0.065625
16 0.4265625 0.35 0.03828125 0.1296875
16 0.29453125 0.675 0.08046875 0.08671875
17 0.66875 0.6859375 0.05078125 0.0921875
17 0.34609375 0.88671875 0.053125 0.08828125
18 0.6375 0.3328125 0.05703125 0.0625
18 0.5078125 0.1390625 0.065625 0.065625
19 0.59375 0.375 0.0375 0.090625
19 0.69453125 0.346875 0.05703125 0.075
20 0.64140625 0.475 0.04921875 0.06953125
20 0.28671875 0.48125 0.05390625 0.05859375
21 0.32578125 0.60546875 0.04609375 0.06953125
21 0.75078125 0.63515625 0.05546875 0.05234375
22 0.9328125 0.71484375 0.090625 0.08828125
22 0.28203125 0.31640625 0.0796875 0.09453125