0 0.5984375 0.66171875 0.14375 0.134375
0 0.5921875 0.446875 0.15 0.10703125
1 0.7234375 0.34140625 0.11875 0.16640625
1 0.5296875 0.33046875 0.05703125 0.15703125
2 0.5359375 0.90390625 0.065625 0.16328125
2 0.5828125 0.16171875 0.06953125 0.16328125
3 0.76796875 0.3453125 0.0921875 0.13359375
3 0.42265625 0.32109375 0.109375 0.07578125
4 0.9390625 0.18046875 0.05859375 0.14609375
4 0.8328125 0.071875 0.0578125 0.14296875
8 0.715625 0.0515625 0.11640625 0.0609375
8 0.5015625 0.80625 0.03359375 0.14921875
9 0.484375 0.95703125 0.1015625 0.078125
9 0.609375 0.43515625 0.05859375 0.125
10 0.54453125 0.915625 0.084375 0.096875
10 0.54375 0.196875 0.02890625 0.11796875
11 0.590625 0.61796875 0.0484375 0.10703125
11 0.59921875 0.70703125 0.0484375 0.11875
5 0.4859375 0.753125 0.0875 0.0671875
5 0.596875 0.103125 0.0890625 0.08203125
6 0.56015625 0.69375 0.0609375 0.10234375
6 0.4453125 0.58125 0.059375 0.11015625
7 0.13203125 0.58515625 0.04453125 0.1296875
7 0.59765625 0.83125 0.0609375 0.11015625
12 0.69921875 0.48515625 0.05546875 0.09140625
12 0.46953125 0.90625 0.08203125 0.0421875
13 0.44140625 0.22265625 0.04296875 0.096875
13 0.68984375 0.86875 0.0765625 0.0375
14 0.5875 0.915625 0.07421875 0.0578125
14 0.23828125 0.2578125 0.06171875 0.0859375
15 0.53125 0.81171875 0.0609375 0.03359375
15 0.56796875 0.4609375 0.046875 0.07578125
16 0.5140625 0.5296875 0.0578125 0.06796875
16 0.48828125 0.796875 0.06640625 0.0359375
17 0.5203125 0.2015625 0.03125 0.07265625
17 0.81484375 0.23515625 0.05859375 0.04609375
18 0.46640625 0.76875 0.04921875 0.04453125
18 0.590625 0.1984375 0.02578125 0.07265625
19 0.61953125 0.82578125 0.04140625 0.0609375
19 0.4875 0.61328125 0.04921875 0.05078125
20 0.115625 0.090625 0.046875 0.034375
20 0.525 0.68203125 0.02578125 0.0515625
21 0.953125 0.25390625 0.0421875 0.04921875
21 0.1265625 0.1859375 0.046875 0.0390625
22 0.528125 0.44375 0.07421875 0.10703125