0 0.36875 0.15234375 0.21484375 0.165625
0 0.87421875 0.875 0.2046875 0.1046875
1 0.4640625 0.6546875 0.1640625 0.20078125
1 0.63203125 0.8734375 0.2203125 0.09140625
2 0.43125 0.7109375 0.11875 0.1546875
2 0.70546875 0.7875 0.1015625 0.0875
3 0.4796875 0.56875 0.0875 0.11640625
3 0.81015625 0.62421875 0.13203125 0.12890625
4 0.8375 0.66171875 0.1265625 0.15546875
4 0.66171875 0.55078125 0.10546875 0.0890625
8 0.6234375 0.896875 0.13203125 0.1625
8 0.096875 0.3140625 0.115625 0.16171875
9 0.65 0.6828125 0.1828125 0.04609375
9 0.31171875 0.46484375 0.08359375 0.1421875
10 0.8421875 0.56328125 0.1546875 0.0671875
10 0.67421875 0.83515625 0.16953125 0.090625
11 0.17734375 0.36796875 0.13515625 0.1
11 0.5609375 0.76015625 0.05859375 0.13359375
5 0.64296875 0.79765625 0.0484375 0.13671875
5 0.65234375 0.4828125 0.11015625 0.06796875
6 0.45234375 0.4703125 0.12265625 0.07890625
6 0.92265625 0.88203125 0.11015625 0.096875
7 0.46640625 0.0328125 0.1390625 0.065625
7 0.57890625 0.465625 0.12109375 0.0984375
12 0.70625 0.71875 0.103125 0.07890625
12 0.640625 0.46484375 0.125 0.09140625
13 0.79609375 0.44453125 0.10703125 0.07578125
13 0.49296875 0.1046875 0.053125 0.0984375
14 0.7515625 0.5390625 0.1125 0.0703125
14 0.409375 0.7171875 0.0671875 0.07890625
15 0.8375 0.43125 0.090625 0.08515625
15 0.53515625 0.5640625 0.08203125 0.06484375
16 0.8296875 0.50703125 0.09296875 0.06171875
16 0.78671875 0.81953125 0.1140625 0.05546875
17 0.77578125 0.55234375 0.103125 0.05078125
17 0.59921875 0.6375 0.05859375 0.0796875
18 0.76328125 0.71328125 0.04453125 0.0671875
18 0.8359375 0.8515625 0.11171875 0.05234375
19 0.76171875 0.62109375 0.08671875 0.0578125
19 0.428125 0.13671875 0.08515625 0.06171875
20 0.72109375 0.46171875 0.05859375 0.0578125
20 0.646875 0.64375 0.0515625 0.06015625
21 0.7375 0.665625 0.04609375 0.0671875
21 0.69921875 0.5859375 0.0671875 0.05078125
22 0.3265625 0.615625 0.065625 0.140625
23 0.04765625 0.21484375 0.06953125 0.0453125