0 0.3171875 0.18046875 0.2171875 0.25390625
0 0.21015625 0.61171875 0.12890625 0.21640625
1 0.82421875 0.31328125 0.1984375 0.25390625
1 0.63046875 0.74609375 0.14921875 0.17421875
2 0.14375 0.70078125 0.21015625 0.26171875
2 0.68671875 0.56484375 0.0984375 0.29921875
3 0.2796875 0.86875 0.2234375 0.15078125
3 0.5125 0.3703125 0.1578125 0.29140625
4 0.79140625 0.66484375 0.20703125 0.2140625
4 0.8109375 0.4734375 0.22890625 0.109375
8 0.571875 0.76953125 0.1375 0.13515625
8 0.546875 0.2796875 0.1578125 0.16640625
9 0.45 0.3890625 0.215625 0.11484375
9 0.67421875 0.5296875 0.115625 0.2578125
10 0.89453125 0.4921875 0.121875 0.16640625
10 0.57578125 0.48828125 0.0625 0.1984375
11 0.29765625 0.29140625 0.1234375 0.234375
11 0.496875 0.61640625 0.08828125 0.18828125
5 0.16328125 0.67578125 0.140625 0.18828125
5 0.3890625 0.521875 0.059375 0.2140625
6 0.5109375 0.22734375 0.15390625 0.109375
6 0.48828125 0.83828125 0.14609375 0.12109375
7 0.63671875 0.37265625 0.06953125 0.2265625
7 0.8140625 0.6625 0.17421875 0.190625
12 0.396875 0.76484375 0.08125 0.1765625
12 0.54921875 0.55546875 0.0578125 0.1828125
13 0.665625 0.184375 0.15390625 0.1109375
13 0.75234375 0.59609375 0.08828125 0.17265625
14 0.4203125 0.596875 0.11875 0.13515625
14 0.81875 0.5875 0.084375 0.1703125
15 0.865625 0.2609375 0.12734375 0.13671875
15 0.33671875 0.70546875 0.07265625 0.1328125
16 0.584375 0.159375 0.14609375 0.07734375
16 0.4359375 0.30546875 0.12890625 0.0796875
17 0.30078125 0.70625 0.0625 0.12265625
17 0.31328125 0.81015625 0.07109375 0.1015625
18 0.8234375 0.290625 0.078125 0.12890625
18 0.26171875 0.7140625 0.07265625 0.11875
19 0.3 0.52890625 0.09140625 0.09296875
19 0.60078125 0.578125 0.06640625 0.12109375
20 0.35 0.60234375 0.05625 0.0890625
20 0.4015625 0.8921875 0.04765625 0.096875
21 0.70234375 0.29375 0.09296875 0.08359375
21 0.328125 0.590625 0.0828125 0.09296875
22 0.2484375 0.42578125 0.15390625 0.16875
23 0.940625 0.4453125 0.05390625 0.096875