0 0.3328125 0.59765625 0.21484375 0.13203125
0 0.77578125 0.57890625 0.24609375 0.12890625
1 0.5421875 0.34375 0.18046875 0.21484375
1 0.2609375 0.775 0.2125 0.15234375
2 0.25859375 0.2953125 0.1421875 0.13671875
2 0.53984375 0.36328125 0.20390625 0.15234375
3 0.828125 0.4984375 0.2375 0.14296875
3 0.82109375 0.71171875 0.24140625 0.15546875
4 0.2296875 0.66875 0.20390625 0.15234375
4 0.69140625 0.76796875 0.08515625 0.21796875
8 0.184375 0.403125 0.08125 0.2046875
8 0.38203125 0.30234375 0.24609375 0.0859375
9 0.61875 0.53828125 0.07109375 0.1921875
9 0.25234375 0.78984375 0.1828125 0.15078125
10 0.35078125 0.890625 0.1703125 0.12578125
10 0.21953125 0.37578125 0.18828125 0.06015625
11 0.34140625 0.67734375 0.19296875 0.05546875
11 0.21484375 0.8484375 0.1953125 0.10625
5 0.403125 0.3640625 0.12265625 0.0859375
5 0.75 0.58359375 0.1953125 0.0984375
6 0.58671875 0.615625 0.18828125 0.11640625
6 0.10390625 0.46015625 0.1578125 0.10625
7 0.5078125 0.43515625 0.16875 0.09375
7 0.13671875 0.62421875 0.11015625 0.13359375
12 0.353125 0.56796875 0.13828125 0.0859375
12 0.4296875 0.7984375 0.1328125 0.13515625
13 0.81171875 0.43203125 0.12734375 0.1125
13 0.7515625 0.353125 0.1734375 0.0765625
14 0.60703125 0.7796875 0.13984375 0.0875
14 0.2953125 0.440625 0.065625 0.13203125
15 0.1828125 0.4296875 0.13125 0.06328125
15 0.7484375 0.51875 0.13125 0.075
16 0.28203125 0.5296875 0.12734375 0.05546875
16 0.52734375 0.82890625 0.12578125 0.08125
17 0.11953125 0.3734375 0.10078125 0.0890625
17 0.47890625 0.91875 0.1171875 0.1015625
18 0.2015625 0.08515625 0.0765625 0.103125
18 0.49453125 0.62890625 0.078125 0.075
19 0.21953125 0.51015625 0.0921875 0.0734375
19 0.446875 0.703125 0.0921875 0.078125
20 0.5734375 0.45234375 0.06953125 0.071875
20 0.66015625 0.4484375 0.065625 0.0765625
21 0.46640625 0.7671875 0.103125 0.06875
21 0.20859375 0.5859375 0.065625 0.08125
22 0.38203125 0.196875 0.1578125 0.11640625
22 0.41953125 0.26015625 0.16171875 0.08125