0 0.38828125 0.5796875 0.15390625 0.184375
0 0.1453125 0.27578125 0.125 0.23671875
1 0.46875 0.8203125 0.1921875 0.1515625
1 0.47109375 0.109375 0.2375 0.10234375
2 0.54765625 0.69609375 0.13515625 0.25703125
2 0.18515625 0.49609375 0.1890625 0.18125
3 0.7140625 0.34765625 0.1671875 0.190625
3 0.696875 0.603125 0.1953125 0.128125
4 0.7359375 0.56953125 0.20546875 0.1265625
4 0.68984375 0.26171875 0.125 0.10703125
8 0.42890625 0.87109375 0.15859375 0.12421875
8 0.4984375 0.83984375 0.1234375 0.159375
9 0.87109375 0.56015625 0.09453125 0.1609375
9 0.6375 0.721875 0.1515625 0.18125
10 0.66953125 0.278125 0.128125 0.140625
10 0.5109375 0.15703125 0.17734375 0.10234375
11 0.33203125 0.4578125 0.125 0.12109375
11 0.5671875 0.41328125 0.10078125 0.1640625
5 0.3765625 0.73046875 0.190625 0.07890625
5 0.63671875 0.75703125 0.07421875 0.1921875
6 0.18828125 0.34921875 0.153125 0.13125
6 0.575 0.2984375 0.1109375 0.11953125
7 0.8703125 0.43125 0.125 0.08671875
7 0.81015625 0.33203125 0.1671875 0.08671875
12 0.73046875 0.74140625 0.1078125 0.1328125
12 0.24921875 0.1796875 0.1046875 0.09765625
13 0.2921875 0.54375 0.07734375 0.159375
13 0.71640625 0.66328125 0.125 0.05546875
14 0.740625 0.41640625 0.13125 0.06953125
14 0.5484375 0.21875 0.09921875 0.14375
15 0.88046875 0.74921875 0.09296875 0.10703125
15 0.7890625 0.44921875 0.08125 0.08203125
16 0.27890625 0.67578125 0.09765625 0.12109375
16 0.55859375 0.4265625 0.0609375 0.12109375
17 0.446875 0.2890625 0.09921875 0.10859375
17 0.58515625 0.74296875 0.07890625 0.10703125
18 0.46328125 0.48515625 0.06875 0.10234375
18 0.62421875 0.309375 0.0609375 0.10078125
19 0.55 0.51171875 0.09296875 0.07734375
19 0.671875 0.70625 0.065625 0.10078125
20 0.40234375 0.5625 0.07109375 0.07734375
20 0.67109375 0.46953125 0.08125 0.05546875
21 0.6296875 0.44140625 0.10078125 0.04453125
21 0.5578125 0.303125 0.0875 0.06015625
22 0.79453125 0.66015625 0.07890625 0.18125
23 0.60078125 0.8625 0.07421875 0.09140625