0 0.66484375 0.4578125 0.246875 0.0890625
0 0.45703125 0.0828125 0.2796875 0.06640625
1 0.534375 0.57109375 0.22578125 0.11875
1 0.29453125 0.52734375 0.26953125 0.0890625
2 0.47265625 0.3640625 0.203125 0.08671875
2 0.15625 0.4203125 0.071875 0.18046875
3 0.4640625 0.8 0.17421875 0.13125
3 0.28125 0.22890625 0.18203125 0.09453125
4 0.61484375 0.73203125 0.14296875 0.128125
4 0.9078125 0.43359375 0.0828125 0.153125
8 0.56484375 0.68203125 0.17421875 0.06015625
8 0.43828125 0.14296875 0.19375 0.0640625
9 0.2125 0.26640625 0.1640625 0.0640625
9 0.15390625 0.36796875 0.17734375 0.08359375
10 0.73203125 0.26015625 0.08125 0.11796875
10 0.453125 0.23984375 0.1546875 0.046875
11 0.7390625 0.3796875 0.125 0.08671875
11 0.5515625 0.546875 0.071875 0.1125
5 0.390625 0.5546875 0.14921875 0.06796875
5 0.6140625 0.36640625 0.14453125 0.06796875
6 0.11796875 0.3859375 0.0828125 0.128125
6 0.3875 0.44765625 0.0796875 0.1046875
7 0.80390625 0.303125 0.06953125 0.1296875
7 0.15625 0.59140625 0.14296875 0.08125
12 0.70390625 0.1390625 0.1203125 0.06171875
12 0.47421875 0.19921875 0.09921875 0.071875
13 0.4625 0.13984375 0.09921875 0.08359375
13 0.73125 0.54296875 0.0828125 0.09140625
14 0.4765625 0.4375 0.05234375 0.096875
14 0.5015625 0.3453125 0.0796875 0.07890625
15 0.68125 0.2171875 0.084375 0.06796875
15 0.315625 0.38125 0.084375 0.07890625
16 0.8125 0.16484375 0.1125 0.0578125
16 0.81328125 0.39296875 0.10703125 0.05390625
17 0.22890625 0.4859375 0.078125 0.07421875
17 0.66171875 0.5546875 0.0875 0.0640625
18 0.584375 0.25234375 0.06015625 0.071875
18 0.63125 0.2546875 0.0484375 0.05859375
19 0.64453125 0.315625 0.0796875 0.0421875
19 0.57578125 0.18671875 0.08125 0.0640625
20 0.284375 0.5671875 0.06484375 0.05859375
20 0.53828125 0.60703125 0.06171875 0.06015625
21 0.84375 0.55078125 0.05859375 0.07578125
21 0.4875 0.30625 0.075 0.0421875
22 0.31328125 0.5 0.0859375 0.12578125
22 0.54140625 0.28671875 0.1625 0.06015625