0 0.83203125 0.51484375 0.14140625 0.20390625
0 0.7265625 0.59296875 0.17109375 0.1796875
1 0.6203125 0.37265625 0.11484375 0.20078125
1 0.21953125 0.47734375 0.19453125 0.11953125
2 0.86015625 0.30546875 0.1125 0.0984375
2 0.1796875 0.1390625 0.1671875 0.075
3 0.59296875 0.60703125 0.15625 0.0765625
3 0.41953125 0.078125 0.16328125 0.06015625
4 0.38828125 0.8046875 0.125 0.13046875
4 0.2609375 0.271875 0.0640625 0.16015625
8 0.2015625 0.39140625 0.065625 0.16640625
8 0.56953125 0.34765625 0.078125 0.14375
9 0.68046875 0.11953125 0.11953125 0.1109375
9 0.353125 0.61875 0.09453125 0.1390625
10 0.56953125 0.853125 0.12578125 0.071875
10 0.55390625 0.25078125 0.05625 0.1390625
11 0.24140625 0.6078125 0.06875 0.12890625
11 0.11640625 0.296875 0.11796875 0.0796875
5 0.72578125 0.79140625 0.109375 0.10625
5 0.09140625 0.24375 0.10546875 0.1015625
6 0.65234375 0.7625 0.0984375 0.109375
6 0.946875 0.30234375 0.08359375 0.1375
7 0.459375 0.62109375 0.1140625 0.06875
7 0.30078125 0.87265625 0.121875 0.075
12 0.60625 0.94375 0.096875 0.0734375
12 0.4375 0.7765625 0.1 0.05703125
13 0.621875 0.45703125 0.0796875 0.1
13 0.69296875 0.465625 0.109375 0.05703125
14 0.46953125 0.2375 0.08359375 0.09453125
14 0.61015625 0.3296875 0.05625 0.1046875
15 0.703125 0.27109375 0.06328125 0.09609375
15 0.34140625 0.5671875 0.065625 0.09296875
16 0.56796875 0.6609375 0.08359375 0.0703125
16 0.52890625 0.17890625 0.08515625 0.0796875
17 0.515625 0.74453125 0.075 0.0671875
17 0.8921875 0.46484375 0.05625 0.09140625
18 0.38125 0.6328125 0.06171875 0.0734375
18 0.81328125 0.88359375 0.0640625 0.08203125
19 0.41171875 0.47890625 0.06953125 0.071875
19 0.753125 0.3375 0.0546875 0.08515625
20 0.48828125 0.35625 0.05078125 0.065625
20 0.38828125 0.73828125 0.05859375 0.04765625
21 0.3875 0.31171875 0.04375 0.06875
21 0.4453125 0.334375 0.06328125 0.06171875
22 0.34140625 0.259375 0.053125 0.1359375
22 0.3625 0.26328125 0.12734375 0.0625