0 0.26640625 0.34765625 0.1515625 0.15703125
0 0.59765625 0.30546875 0.13515625 0.18359375
1 0.24453125 0.25 0.21796875 0.12421875
1 0.5 0.825 0.19140625 0.15078125
2 0.70625 0.60390625 0.19921875 0.07734375
2 0.50859375 0.67265625 0.1796875 0.0875
3 0.815625 0.58515625 0.165625 0.10859375
3 0.63203125 0.2609375 0.1015625 0.1546875
4 0.35078125 0.4953125 0.11015625 0.1359375
4 0.4234375 0.60703125 0.1625 0.07578125
8 0.23828125 0.425 0.078125 0.13515625
8 0.73671875 0.8671875 0.1484375 0.1296875
9 0.8890625 0.55546875 0.096875 0.128125
9 0.25390625 0.09296875 0.12265625 0.115625
10 0.5609375 0.4125 0.13515625 0.0953125
10 0.10234375 0.31796875 0.09375 0.11640625
11 0.52890625 0.8171875 0.10859375 0.11171875
11 0.528125 0.32890625 0.09375 0.1078125
5 0.6171875 0.8578125 0.096875 0.10859375
5 0.41640625 0.52265625 0.06171875 0.1125
6 0.28046875 0.70234375 0.0828125 0.115625
6 0.73125 0.8796875 0.13984375 0.09453125
7 0.36171875 0.1 0.15 0.05859375
7 0.38203125 0.89765625 0.10859375 0.09921875
12 0.1953125 0.3515625 0.078125 0.0875
12 0.375 0.65625 0.11640625 0.05078125
13 0.43203125 0.24921875 0.090625 0.07890625
13 0.43046875 0.40078125 0.071875 0.0890625
14 0.76171875 0.65234375 0.10703125 0.05625
14 0.2046875 0.1046875 0.11640625 0.06328125
15 0.5359375 0.471875 0.10703125 0.05
15 0.48828125 0.22578125 0.071875 0.08671875
16 0.821875 0.396875 0.0953125 0.08125
16 0.60078125 0.690625 0.05859375 0.08359375
17 0.54140625 0.94296875 0.0953125 0.05078125
17 0.50625 0.8953125 0.0703125 0.06796875
18 0.3609375 0.78515625 0.084375 0.06015625
18 0.4578125 0.9125 0.065625 0.06796875
19 0.39765625 0.2015625 0.084375 0.05234375
19 0.37578125 0.3765625 0.06015625 0.0640625
20 0.46015625 0.65625 0.0703125 0.04609375
20 0.44453125 0.453125 0.05703125 0.06171875
21 0.25390625 0.603125 0.06875 0.0578125
21 0.759375 0.80859375 0.05703125 0.06015625
22 0.4828125 0.07265625 0.165625 0.090625
23 0.41953125 0.3234375 0.071875 0.0546875