0 0.73828125 0.37890625 0.1796875 0.12578125
0 0.41171875 0.175 0.13515625 0.13125
1 0.7328125 0.5875 0.22265625 0.171875
1 0.2375 0.21171875 0.2828125 0.07890625
2 0.36640625 0.55703125 0.18515625 0.1
2 0.5015625 0.57734375 0.21640625 0.13359375
3 0.56875 0.08359375 0.225 0.12109375
3 0.85625 0.3015625 0.11796875 0.0921875
4 0.75625 0.14765625 0.19765625 0.153125
4 0.6171875 0.5671875 0.1203125 0.07890625
8 0.2125 0.5515625 0.16953125 0.13125
8 0.2640625 0.33203125 0.09453125 0.13828125
9 0.35703125 0.29375 0.13203125 0.13828125
9 0.48671875 0.19921875 0.1265625 0.07578125
10 0.8375 0.21796875 0.13515625 0.0875
10 0.46015625 0.2875 0.1796875 0.11640625
11 0.55 0.34921875 0.0734375 0.15078125
11 0.6796875 0.20078125 0.07578125 0.1640625
5 0.9328125 0.3890625 0.0890625 0.121875
5 0.39765625 0.41484375 0.1234375 0.12890625
6 0.64921875 0.6 0.1796875 0.10234375
6 0.68125 0.54609375 0.16328125 0.07578125
7 0.509375 0.45 0.071875 0.1328125
7 0.34609375 0.671875 0.20625 0.05234375
12 0.31640625 0.4375 0.08203125 0.08515625
12 0.571875 0.51640625 0.07890625 0.05546875
13 0.68359375 0.484375 0.1078125 0.08984375
13 0.43671875 0.08515625 0.1046875 0.08359375
14 0.63125 0.3609375 0.09453125 0.09453125
14 0.66328125 0.21015625 0.1046875 0.08359375
15 0.79375 0.1125 0.12890625 0.07421875
15 0.57265625 0.2640625 0.08359375 0.0953125
16 0.54375 0.125 0.11796875 0.05703125
16 0.22890625 0.22578125 0.09609375 0.0765625
17 0.740625 0.2625 0.07421875 0.08828125
17 0.41328125 0.33046875 0.10625 0.0578125
18 0.62421875 0.2484375 0.0546875 0.07578125
18 0.5109375 0.60859375 0.08359375 0.06875
19 0.7484375 0.48984375 0.09921875 0.046875
19 0.59609375 0.428125 0.1015625 0.05546875
20 0.38828125 0.42109375 0.07578125 0.03515625
20 0.55 0.53515625 0.0671875 0.0359375
21 0.63046875 0.15703125 0.09296875 0.03515625
21 0.5109375 0.60859375 0.08359375 0.06875
22 0.54609375 0.23359375 0.13359375 0.10234375
22 0.87421875 0.39296875 0.07890625 0.12578125