0 0.4453125 0.4203125 0.08359375 0.3484375
0 0.65859375 0.77421875 0.26875 0.11953125
1 0.80390625 0.43828125 0.22265625 0.2265625
1 0.15625 0.40625 0.21328125 0.215625
2 0.8359375 0.2453125 0.1515625 0.171875
2 0.52109375 0.18984375 0.19765625 0.09609375
3 0.67109375 0.90859375 0.19453125 0.13515625
3 0.7671875 0.103125 0.171875 0.12890625
4 0.18828125 0.2421875 0.1390625 0.21328125
4 0.3328125 0.41171875 0.178125 0.09140625
8 0.18984375 0.55859375 0.1484375 0.12890625
8 0.16484375 0.39765625 0.1625 0.18984375
9 0.59765625 0.20703125 0.14375 0.121875
9 0.38203125 0.7625 0.1546875 0.10859375
10 0.89609375 0.74765625 0.1265625 0.1875
10 0.37109375 0.08515625 0.1546875 0.10859375
11 0.3046875 0.54140625 0.09921875 0.16328125
11 0.596875 0.90625 0.1390625 0.121875
5 0.7 0.3234375 0.07421875 0.18984375
5 0.3484375 0.21640625 0.09140625 0.19375
6 0.3890625 0.61015625 0.05390625 0.19609375
6 0.815625 0.59921875 0.14375 0.1
7 0.24375 0.309375 0.10703125 0.165625
7 0.309375 0.80390625 0.10234375 0.13046875
12 0.78203125 0.36171875 0.1171875 0.0875
12 0.32734375 0.5671875 0.1078125 0.08515625
13 0.52734375 0.52734375 0.07109375 0.1484375
13 0.53671875 0.78203125 0.09453125 0.0875
14 0.93671875 0.40234375 0.09296875 0.159375
14 0.71953125 0.68046875 0.10078125 0.10703125
15 0.396875 0.8953125 0.09609375 0.09609375
15 0.4640625 0.7265625 0.08046875 0.12421875
16 0.74140625 0.48671875 0.10703125 0.0890625
16 0.403125 0.27109375 0.05859375 0.14140625
17 0.740625 0.6328125 0.08046875 0.10703125
17 0.55 0.8625 0.07109375 0.1046875
18 0.540625 0.68984375 0.08359375 0.08515625
18 0.5546875 0.3734375 0.07734375 0.09375
19 0.6328125 0.659375 0.08515625 0.0765625
19 0.590625 0.49375 0.07109375 0.08046875
20 0.48828125 0.2578125 0.06171875 0.0890625
20 0.8546875 0.4328125 0.07421875 0.0765625
21 0.53671875 0.28359375 0.06953125 0.0828125
21 0.478125 0.46484375 0.05390625 0.10234375
22 0.58125 0.4421875 0.10546875 0.17890625
23 0.8609375 0.8484375 0.08671875 0.0890625