0 0.62421875 0.346875 0.15625 0.15
0 0.51484375 0.6828125 0.0984375 0.20234375
1 0.40546875 0.34453125 0.115625 0.23984375
1 0.446875 0.5828125 0.059375 0.290625
2 0.76015625 0.596875 0.08125 0.20078125
2 0.771875 0.51875 0.046875 0.25
3 0.0515625 0.41328125 0.0703125 0.225
3 0.43203125 0.23828125 0.10859375 0.16875
4 0.11875 0.440625 0.07890625 0.15859375
4 0.65625 0.3359375 0.13359375 0.07421875
8 0.5328125 0.6046875 0.10859375 0.15234375
8 0.64765625 0.41640625 0.103125 0.13359375
9 0.65078125 0.84609375 0.11796875 0.15234375
9 0.4890625 0.3015625 0.10703125 0.1265625
10 0.4234375 0.78828125 0.0921875 0.13359375
10 0.38515625 0.73671875 0.08359375 0.121875
11 0.40546875 0.91015625 0.09609375 0.1421875
11 0.65234375 0.63828125 0.084375 0.13203125
5 0.32109375 0.36015625 0.09609375 0.121875
5 0.640625 0.26640625 0.11015625 0.07265625
6 0.68984375 0.20625 0.07265625 0.125
6 0.44765625 0.678125 0.10546875 0.07578125
7 0.6609375 0.26015625 0.04296875 0.15546875
7 0.48671875 0.840625 0.059375 0.15390625
12 0.603125 0.2375 0.0734375 0.11640625
12 0.70234375 0.7171875 0.08125 0.09296875
13 0.475 0.26484375 0.06171875 0.11171875
13 0.3828125 0.57578125 0.078125 0.07734375
14 0.39375 0.521875 0.06640625 0.1015625
14 0.528125 0.896875 0.0921875 0.07109375
15 0.38046875 0.65 0.046875 0.11171875
15 0.43046875 0.178125 0.06171875 0.10625
16 0.64296875 0.50234375 0.06796875 0.0828125
16 0.525 0.3828125 0.0484375 0.11328125
17 0.74140625 0.36484375 0.046875 0.1078125
17 0.38671875 0.82890625 0.0671875 0.05234375
18 0.4671875 0.3921875 0.04765625 0.0875
18 0.52109375 0.3640625 0.0625 0.05546875
19 0.51328125 0.5625 0.05390625 0.07109375
19 0.76015625 0.74375 0.0484375 0.09296875
20 0.54296875 0.78125 0.04765625 0.059375
20 0.63359375 0.57421875 0.0484375 0.05390625
21 0.71015625 0.56640625 0.03828125 0.0796875
21 0.47421875 0.46640625 0.034375 0.084375
22 0.60078125 0.53984375 0.0359375 0.17421875
22 0.534375 0.49609375 0.05859375 0.1234375