0 0.4890625 0.57578125 0.165625 0.19453125
0 0.334375 0.68671875 0.2609375 0.2
1 0.41328125 0.34453125 0.13515625 0.2015625
1 0.67890625 0.58828125 0.0890625 0.2015625
2 0.16953125 0.62734375 0.16953125 0.12421875
2 0.2046875 0.48671875 0.25234375 0.09453125
3 0.83671875 0.53203125 0.09296875 0.17109375
3 0.578125 0.5828125 0.14921875 0.16953125
4 0.825 0.646875 0.12734375 0.128125
4 0.5203125 0.3171875 0.0828125 0.1734375
8 0.325 0.45 0.21015625 0.10234375
8 0.57109375 0.55 0.228125 0.05078125
9 0.63515625 0.77265625 0.13515625 0.1296875
9 0.38203125 0.89921875 0.23046875 0.0671875
10 0.290625 0.84921875 0.14921875 0.12109375
10 0.38046875 0.90546875 0.11484375 0.1140625
11 0.3203125 0.6265625 0.16328125 0.0609375
11 0.85625 0.546875 0.20234375 0.09453125
5 0.23046875 0.70234375 0.14921875 0.12265625
5 0.33828125 0.4 0.16796875 0.07265625
6 0.696875 0.7328125 0.12109375 0.11640625
6 0.528125 0.31640625 0.1796875 0.10625
7 0.43125 0.81015625 0.16796875 0.09375
7 0.75078125 0.63125 0.08671875 0.12421875
12 0.55078125 0.7578125 0.171875 0.05234375
12 0.6046875 0.4828125 0.14375 0.05078125
13 0.2265625 0.07578125 0.12890625 0.10234375
13 0.7734375 0.52578125 0.06484375 0.090625
14 0.503125 0.703125 0.1453125 0.07734375
14 0.728125 0.52421875 0.0625 0.10234375
15 0.61484375 0.44453125 0.13515625 0.05078125
15 0.58046875 0.484375 0.07109375 0.10234375
16 0.68046875 0.4203125 0.09296875 0.090625
16 0.22421875 0.55546875 0.12890625 0.05390625
17 0.62890625 0.55 0.07109375 0.0875
17 0.26796875 0.571875 0.075 0.07578125
18 0.23203125 0.84140625 0.11328125 0.065625
18 0.36953125 0.5875 0.125 0.0625
19 0.28203125 0.5765625 0.10703125 0.05859375
19 0.41015625 0.85 0.09296875 0.0609375
20 0.721875 0.371875 0.075 0.07265625
20 0.32734375 0.75390625 0.08515625 0.05390625
21 0.390625 0.728125 0.08671875 0.05234375
21 0.528125 0.5890625 0.0828125 0.0453125
22 0.503125 0.43984375 0.165625 0.09765625
22 0.39765625 0.69453125 0.18984375 0.090625