0 0.1609375 0.88671875 0.11171875 0.16953125
0 0.134375 0.63515625 0.05234375 0.1171875
1 0.4796875 0.5484375 0.08671875 0.20078125
1 0.4546875 0.64609375 0.08984375 0.20546875
2 0.2765625 0.80625 0.13359375 0.1171875
2 0.31015625 0.45703125 0.07890625 0.13125
3 0.45625 0.48046875 0.12109375 0.06328125
3 0.58046875 0.52109375 0.0953125 0.15625
4 0.09921875 0.79375 0.05 0.15234375
4 0.46171875 0.35546875 0.1265625 0.04921875
8 0.1796875 0.5078125 0.0859375 0.13828125
8 0.4515625 0.5734375 0.07890625 0.10546875
9 0.15703125 0.77421875 0.11484375 0.040625
9 0.49375 0.33515625 0.06796875 0.14375
10 0.35703125 0.5203125 0.04609375 0.13984375
10 0.2203125 0.66328125 0.03671875 0.1359375
11 0.25078125 0.70390625 0.0625 0.11015625
11 0.05703125 0.71484375 0.09609375 0.053125
5 0.946875 0.23671875 0.06484375 0.09921875
5 0.08203125 0.56796875 0.065625 0.09375
6 0.1875 0.6015625 0.03671875 0.13359375
6 0.26796875 0.87421875 0.09609375 0.04609375
7 0.1953125 0.7546875 0.03359375 0.1328125
7 0.08203125 0.78203125 0.07890625 0.071875
12 0.3390625 0.31875 0.0484375 0.1
12 0.08359375 0.6828125 0.075 0.05546875
13 0.4171875 0.28984375 0.0640625 0.090625
13 0.17578125 0.715625 0.03671875 0.10546875
14 0.35625 0.3625 0.0609375 0.07890625
14 0.0890625 0.6296875 0.028125 0.1015625
15 0.390625 0.55859375 0.028125 0.09765625
15 0.7203125 0.57890625 0.03671875 0.09140625
16 0.4234375 0.63359375 0.0546875 0.08203125
16 0.1546875 0.84375 0.053125 0.08203125
17 0.94765625 0.27890625 0.0578125 0.0578125
17 0.36796875 0.2625 0.034375 0.08671875
18 0.2296875 0.76015625 0.0421875 0.06796875
18 0.27890625 0.77265625 0.0421875 0.06796875
19 0.32578125 0.615625 0.04609375 0.06796875
19 0.215625 0.55546875 0.0484375 0.06171875
20 0.1703125 0.82421875 0.0390625 0.04921875
20 0.19453125 0.83046875 0.03828125 0.0421875
21 0.36484375 0.40625 0.0375 0.05078125
21 0.28125 0.5078125 0.0296875 0.078125
22 0.3859375 0.61328125 0.05390625 0.1375
23 0.1359375 0.71875 0.03984375 0.06328125