0 0.584375 0.66953125 0.14453125 0.21015625
0 0.86953125 0.46953125 0.196875 0.29453125
1 0.77109375 0.603125 0.25546875 0.30078125
1 0.86953125 0.46953125 0.196875 0.29453125
2 0.1890625 0.7390625 0.16015625 0.24140625
2 0.1828125 0.46484375 0.184375 0.17890625
3 0.4921875 0.8375 0.2 0.17734375
3 0.746875 0.76171875 0.10625 0.21015625
4 0.58515625 0.2625 0.09375 0.23828125
4 0.5015625 0.19921875 0.23984375 0.11171875
8 0.21171875 0.27109375 0.23203125 0.10546875
8 0.55 0.10078125 0.23828125 0.11328125
9 0.28515625 0.39609375 0.1828125 0.1546875
9 0.8109375 0.7140625 0.0859375 0.23359375
10 0.503125 0.66015625 0.16328125 0.08359375
10 0.14453125 0.53984375 0.16953125 0.1546875
11 0.3453125 0.7828125 0.09375 0.18125
11 0.7546875 0.25078125 0.090625 0.1890625
5 0.1109375 0.684375 0.14140625 0.13828125
5 0.521875 0.88359375 0.1078125 0.14765625
6 0.28984375 0.584375 0.075 0.1828125
6 0.20234375 0.21171875 0.14609375 0.11015625
7 0.496875 0.42109375 0.1171875 0.17109375
7 0.2609375 0.80234375 0.17421875 0.07578125
12 0.66328125 0.2703125 0.12890625 0.13984375
12 0.10546875 0.33671875 0.11875 0.153125
13 0.45546875 0.73359375 0.1078125 0.14140625
13 0.53515625 0.86015625 0.0953125 0.121875
14 0.31875 0.12890625 0.12890625 0.14296875
14 0.1171875 0.5671875 0.13828125 0.0953125
15 0.1140625 0.45078125 0.13828125 0.07578125
15 0.41015625 0.6828125 0.06015625 0.128125
16 0.47890625 0.2875 0.09375 0.13515625
16 0.246875 0.59765625 0.103125 0.11328125
17 0.646875 0.23046875 0.08125 0.125
17 0.1796875 0.5109375 0.1046875 0.08046875
18 0.3984375 0.38046875 0.0984375 0.07109375
18 0.34375 0.2921875 0.06328125 0.11640625
19 0.440625 0.5921875 0.096875 0.05625
19 0.42734375 0.8578125 0.0984375 0.0609375
20 0.3453125 0.53125 0.07265625 0.07578125
20 0.615625 0.50859375 0.05234375 0.0953125
21 0.65625 0.39375 0.06640625 0.1
21 0.546875 0.4875 0.096875 0.07109375
22 0.70625 0.45234375 0.0859375 0.22734375
23 0.12265625 0.75078125 0.084375 0.090625