0 0.31875 0.4359375 0.21484375 0.1453125
0 0.715625 0.196875 0.15390625 0.18515625
1 0.84375 0.36953125 0.1875 0.2703125
1 0.59765625 0.8265625 0.42578125 0.07421875
2 0.56953125 0.4421875 0.2984375 0.125
2 0.60703125 0.69765625 0.33125 0.13359375
3 0.16171875 0.3203125 0.1125 0.240625
3 0.26015625 0.6125 0.184375 0.18671875
4 0.58515625 0.17890625 0.121875 0.21484375
4 0.778125 0.65234375 0.271875 0.07890625
8 0.5015625 0.1765625 0.08046875 0.21953125
8 0.72265625 0.83984375 0.17890625 0.175
9 0.8203125 0.5484375 0.184375 0.13203125
9 0.61015625 0.5859375 0.2328125 0.13359375
10 0.28359375 0.11640625 0.2234375 0.1203125
10 0.14296875 0.303125 0.2359375 0.07265625
11 0.2515625 0.79296875 0.1375 0.13203125
11 0.47109375 0.88359375 0.18046875 0.10859375
5 0.24296875 0.603125 0.22890625 0.09921875
5 0.60625 0.5890625 0.25078125 0.06796875
6 0.2 0.6359375 0.19296875 0.09921875
6 0.27578125 0.2125 0.13203125 0.12734375
7 0.8203125 0.7234375 0.1625 0.1140625
7 0.43828125 0.5109375 0.121875 0.16796875
12 0.72734375 0.40703125 0.15234375 0.09609375
12 0.11171875 0.371875 0.0875 0.12578125
13 0.4359375 0.7359375 0.11953125 0.11015625
13 0.65859375 0.37265625 0.146875 0.11015625
14 0.36953125 0.175 0.09453125 0.13359375
14 0.4546875 0.35390625 0.1828125 0.0546875
15 0.16875 0.50703125 0.0875 0.1171875
15 0.5375 0.78671875 0.15546875 0.08046875
16 0.59609375 0.765625 0.14296875 0.059375
16 0.5625 0.89453125 0.109375 0.10078125
17 0.45234375 0.29765625 0.11796875 0.09375
17 0.46484375 0.5671875 0.07890625 0.10234375
18 0.440625 0.15703125 0.0734375 0.0953125
18 0.3171875 0.27890625 0.06953125 0.0953125
19 0.5734375 0.4875 0.10234375 0.07890625
19 0.25859375 0.49765625 0.06640625 0.09375
20 0.63125 0.30859375 0.10390625 0.06796875
20 0.6125 0.190625 0.084375 0.06953125
21 0.5546875 0.7265625 0.11484375 0.04921875
21 0.3046875 0.3328125 0.0875 0.0546875
22 0.60859375 0.6125 0.0859375 0.171875
23 0.3265625 0.4421875 0.08046875 0.07109375