0 0.28359375 0.60234375 0.22265625 0.18828125
0 0.69765625 0.80390625 0.21171875 0.1828125
1 0.48125 0.46953125 0.28359375 0.0828125
1 0.15703125 0.61015625 0.21328125 0.1375
2 0.78671875 0.640625 0.2484375 0.0828125
2 0.54765625 0.86328125 0.140625 0.15390625
3 0.75078125 0.86328125 0.20234375 0.1203125
3 0.55546875 0.66328125 0.1578125 0.14453125
4 0.86640625 0.4546875 0.1 0.18203125
4 0.14375 0.6140625 0.0984375 0.16953125
8 0.4203125 0.77421875 0.11328125 0.1390625
8 0.66171875 0.64609375 0.0609375 0.16171875
9 0.821875 0.5734375 0.08125 0.14140625
9 0.2171875 0.60078125 0.12578125 0.09765625
10 0.72578125 0.72734375 0.08125 0.13671875
10 0.153125 0.6234375 0.1765625 0.08125
11 0.41171875 0.875 0.15234375 0.084375
11 0.290625 0.52578125 0.15 0.05234375
5 0.49921875 0.825 0.0703125 0.11796875
5 0.21875 0.77578125 0.15546875 0.0859375
6 0.41953125 0.34921875 0.1109375 0.11328125
6 0.3828125 0.846875 0.0796875 0.12421875
7 0.3609375 0.42734375 0.1765625 0.04921875
7 0.5203125 0.4890625 0.1171875 0.090625
12 0.35234375 0.63203125 0.05546875 0.109375
12 0.67265625 0.803125 0.06875 0.09765625
13 0.378125 0.83125 0.12578125 0.065625
13 0.2125 0.4515625 0.146875 0.0453125
14 0.59296875 0.74765625 0.128125 0.065625
14 0.6390625 0.8609375 0.1203125 0.0453125
15 0.2015625 0.5015625 0.128125 0.04296875
15 0.465625 0.553125 0.12578125 0.0546875
16 0.36171875 0.7625 0.10390625 0.065625
16 0.45546875 0.63671875 0.06875 0.08125
17 0.5015625 0.60625 0.06484375 0.07890625
17 0.7953125 0.3375 0.1203125 0.05234375
18 0.48984375 0.6671875 0.0890625 0.0453125
18 0.30859375 0.89140625 0.090625 0.0484375
19 0.26796875 0.8390625 0.07578125 0.065625
19 0.68828125 0.4953125 0.08515625 0.07109375
20 0.23125 0.73359375 0.06484375 0.06015625
20 0.30625 0.4671875 0.0703125 0.0578125
21 0.28125 0.6921875 0.09453125 0.0375
21 0.3703125 0.69609375 0.0578125 0.0625
22 0.76640625 0.478125 0.06328125 0.1484375
22 0.48359375 0.50234375 0.128125 0.09375