0 0.32265625 0.59296875 0.265625 0.16328125
0 0.8015625 0.66796875 0.23671875 0.2078125
1 0.6921875 0.5078125 0.2296875 0.15546875
1 0.54453125 0.56953125 0.2296875 0.165625
2 0.6203125 0.78515625 0.11875 0.13125
2 0.36796875 0.67578125 0.19296875 0.171875
3 0.57578125 0.859375 0.1859375 0.1234375
3 0.75625 0.659375 0.1859375 0.13125
4 0.146875 0.3734375 0.11875 0.2140625
4 0.26875 0.23515625 0.1078125 0.20390625
8 0.2203125 0.6734375 0.14921875 0.1796875
8 0.73984375 0.83828125 0.12734375 0.18203125
9 0.66953125 0.34765625 0.1625 0.10078125
9 0.8640625 0.4171875 0.10390625 0.1796875
10 0.8578125 0.7109375 0.0546875 0.1859375
10 0.32578125 0.33671875 0.1640625 0.07890625
11 0.80234375 0.44453125 0.10390625 0.14140625
11 0.60078125 0.31796875 0.09140625 0.14375
5 0.7296875 0.16953125 0.1109375 0.16171875
5 0.31484375 0.4765625 0.153125 0.09296875
6 0.7359375 0.73359375 0.1203125 0.1375
6 0.359375 0.809375 0.15859375 0.06640625
7 0.834375 0.26484375 0.1203125 0.14921875
7 0.50078125 0.40390625 0.13515625 0.109375
12 0.62265625 0.68046875 0.10546875 0.11328125
12 0.64140625 0.196875 0.109375 0.1234375
13 0.34609375 0.4140625 0.109375 0.1046875
13 0.45 0.54921875 0.1203125 0.06484375
14 0.56015625 0.1171875 0.121875 0.07265625
14 0.56953125 0.565625 0.096875 0.12890625
15 0.69765625 0.403125 0.07265625 0.11484375
15 0.428125 0.4125 0.06171875 0.109375
16 0.7421875 0.41953125 0.053125 0.11953125
16 0.278125 0.671875 0.05625 0.11953125
17 0.7328125 0.5921875 0.096875 0.05625
17 0.11640625 0.32734375 0.08046875 0.109375
18 0.68828125 0.2828125 0.0875 0.0765625
18 0.846875 0.4796875 0.06171875 0.0828125
19 0.6796875 0.88984375 0.06171875 0.09921875
19 0.5640625 0.64375 0.06015625 0.090625
20 0.5265625 0.26875 0.06953125 0.06875
20 0.521875 0.53828125 0.05625 0.07890625
21 0.6046875 0.65234375 0.06171875 0.08046875
21 0.41328125 0.2921875 0.07265625 0.075
22 0.36328125 0.190625 0.09296875 0.16796875
22 0.55625 0.271875 0.09296875 0.16796875