0 0.49765625 0.884375 0.1828125 0.1875
0 0.1796875 0.5625 0.1171875 0.32421875
1 0.925 0.47421875 0.1078125 0.23125
1 0.296875 0.54765625 0.1859375 0.27109375
2 0.85078125 0.74375 0.13359375 0.21328125
2 0.7859375 0.67265625 0.13828125 0.15859375
3 0.428125 0.575 0.2296875 0.1
3 0.2796875 0.40234375 0.2203125 0.25859375
4 0.4671875 0.35625 0.0734375 0.3296875
4 0.6796875 0.6890625 0.103125 0.21328125
8 0.66953125 0.26328125 0.12734375 0.24609375
8 0.38046875 0.27890625 0.1796875 0.12734375
9 0.6484375 0.52578125 0.13046875 0.20234375
9 0.5875 0.33125 0.06875 0.284375
10 0.1234375 0.24921875 0.18125 0.13515625
10 0.73125 0.23125 0.20859375 0.07265625
11 0.63203125 0.8359375 0.05859375 0.24765625
11 0.19453125 0.265625 0.16171875 0.13125
5 0.4640625 0.19609375 0.10078125 0.20546875
5 0.284375 0.2953125 0.05234375 0.240625
6 0.6578125 0.45625 0.08984375 0.19453125
6 0.66484375 0.8640625 0.10078125 0.09296875
7 0.22421875 0.28671875 0.05234375 0.2421875
7 0.7 0.75625 0.1140625 0.2109375
12 0.3546875 0.4828125 0.10625 0.12421875
12 0.4203125 0.42109375 0.1515625 0.06953125
13 0.44140625 0.84296875 0.09765625 0.14921875
13 0.80546875 0.68046875 0.13828125 0.0640625
14 0.8296875 0.42890625 0.08828125 0.15859375
14 0.41875 0.44375 0.05234375 0.18359375
15 0.39375 0.13515625 0.05546875 0.16015625
15 0.484375 0.21015625 0.1203125 0.08203125
16 0.8046875 0.440625 0.103125 0.12734375
16 0.55703125 0.4609375 0.05234375 0.10234375
17 0.759375 0.309375 0.05546875 0.11640625
17 0.6375 0.32578125 0.1203125 0.0546875
18 0.734375 0.8640625 0.09296875 0.0640625
18 0.7515625 0.72890625 0.08828125 0.05859375
19 0.6515625 0.33515625 0.0734375 0.11640625
19 0.309375 0.30546875 0.0734375 0.078125
20 0.57578125 0.0921875 0.06015625 0.10390625
20 0.4515625 0.5453125 0.078125 0.053125
21 0.61875 0.4921875 0.0734375 0.0765625
21 0.5296875 0.40703125 0.09453125 0.05625
22 0.471875 0.721875 0.16171875 0.19140625
23 0.871875 0.53828125 0.05234375 0.1109375