0 0.11328125 0.56015625 0.15703125 0.24296875
0 0.4015625 0.80703125 0.125 0.26015625
1 0.67734375 0.33515625 0.12265625 0.2328125
1 0.484375 0.3140625 0.128125 0.19765625
2 0.3 0.18359375 0.165625 0.1921875
2 0.33359375 0.2984375 0.19765625 0.13125
3 0.50078125 0.428125 0.084375 0.21328125
3 0.5 0.8 0.09296875 0.22890625
4 0.5515625 0.14921875 0.190625 0.13828125
4 0.7453125 0.25859375 0.090625 0.2484375
8 0.82890625 0.23046875 0.11328125 0.234375
8 0.17421875 0.70859375 0.15859375 0.1453125
9 0.853125 0.390625 0.14140625 0.134375
9 0.35703125 0.65546875 0.12109375 0.12578125
10 0.26328125 0.48203125 0.13984375 0.12421875
10 0.25390625 0.16953125 0.13984375 0.15703125
11 0.48125 0.678125 0.09296875 0.15
11 0.27890625 0.32421875 0.090625 0.12421875
5 0.15859375 0.66953125 0.13359375 0.12578125
5 0.32265625 0.85390625 0.1015625 0.1734375
6 0.475 0.190625 0.1375 0.13984375
6 0.8859375 0.703125 0.12109375 0.1609375
7 0.45234375 0.56875 0.1265625 0.0890625
7 0.7515625 0.6953125 0.0921875 0.13828125
12 0.84296875 0.70625 0.128125 0.0734375
12 0.8484375 0.49765625 0.11875 0.0890625
13 0.80234375 0.55234375 0.125 0.06640625
13 0.41171875 0.5046875 0.10546875 0.11015625
14 0.5578125 0.6546875 0.08125 0.13828125
14 0.8734375 0.6125 0.109375 0.12421875
15 0.821875 0.6171875 0.10234375 0.1296875
15 0.5625 0.33515625 0.04765625 0.15234375
16 0.26328125 0.80234375 0.1 0.1046875
16 0.415625 0.8328125 0.10703125 0.103125
17 0.26484375 0.7328125 0.08671875 0.0875
17 0.440625 0.42421875 0.07890625 0.06484375
18 0.39765625 0.88828125 0.09296875 0.090625
18 0.89140625 0.35546875 0.06796875 0.09609375
19 0.3578125 0.5484375 0.06796875 0.103125
19 0.615625 0.6 0.06953125 0.10859375
20 0.815625 0.41875 0.0640625 0.0890625
20 0.60703125 0.32890625 0.05703125 0.090625
21 0.3828125 0.75859375 0.071875 0.0734375
21 0.55625 0.85703125 0.075 0.0765625
22 0.18828125 0.83828125 0.1640625 0.1484375
22 0.11953125 0.31875 0.10234375 0.14140625