0 0.66875 0.6046875 0.07734375 0.1703125
0 0.309375 0.7671875 0.05078125 0.14921875
1 0.328125 0.4546875 0.12109375 0.10859375
1 0.8171875 0.37734375 0.13046875 0.10625
2 0.5640625 0.09609375 0.0390625 0.17109375
2 0.6125 0.61328125 0.05 0.140625
3 0.76484375 0.1203125 0.15078125 0.0578125
3 0.0625 0.7703125 0.059375 0.12265625
4 0.4421875 0.6328125 0.04453125 0.1125
4 0.4453125 0.296875 0.06015625 0.1375
8 0.53984375 0.41328125 0.09140625 0.09296875
8 0.36484375 0.56796875 0.0765625 0.08828125
9 0.48984375 0.35390625 0.0578125 0.09609375
9 0.18515625 0.55546875 0.0484375 0.12890625
10 0.70390625 0.51953125 0.10546875 0.046875
10 0.63359375 0.74453125 0.109375 0.03671875
11 0.51640625 0.59921875 0.0609375 0.09609375
11 0.71484375 0.5578125 0.071875 0.06171875
5 0.5859375 0.565625 0.096875 0.06953125
5 0.37578125 0.35625 0.07734375 0.08828125
6 0.3921875 0.46640625 0.071875 0.1015625
6 0.07578125 0.86953125 0.07421875 0.071875
7 0.61640625 0.6796875 0.08359375 0.0578125
7 0.196875 0.84765625 0.04375 0.07890625
12 0.7625 0.20859375 0.059375 0.08515625
12 0.34140625 0.659375 0.040625 0.07109375
13 0.8421875 0.26328125 0.09140625 0.03515625
13 0.103125 0.75234375 0.0546875 0.04375
14 0.553125 0.50078125 0.03984375 0.06953125
14 0.51875 0.6171875 0.05 0.0640625
15 0.34453125 0.540625 0.0640625 0.05546875
15 0.61015625 0.3078125 0.0453125 0.065625
16 0.5796875 0.41640625 0.078125 0.05078125
16 0.371875 0.3375 0.059375 0.07109375
17 0.4171875 0.68515625 0.03984375 0.06171875
17 0.91953125 0.51953125 0.03515625 0.07578125
18 0.94453125 0.55 0.05078125 0.0578125
18 0.46953125 0.54765625 0.03515625 0.06015625
19 0.69375 0.58046875 0.05078125 0.05234375
19 0.36875 0.75625 0.0328125 0.05
20 0.26875 0.9546875 0.046875 0.04375
20 0.4171875 0.6046875 0.05 0.03359375
21 0.47734375 0.5828125 0.046875 0.03359375
21 0.77421875 0.3078125 0.04609375 0.0515625
22 0.60703125 0.35546875 0.09375 0.05234375
23 0.33359375 0.34609375 0.03359375 0.04765625