0 0.39609375 0.19375 0.12109375 0.13828125
0 0.82265625 0.5046875 0.12421875 0.2296875
1 0.10234375 0.56796875 0.18125 0.09296875
1 0.3078125 0.65625 0.1171875 0.16953125
2 0.421875 0.80078125 0.1484375 0.1390625
2 0.3703125 0.11015625 0.078125 0.18828125
3 0.63359375 0.68515625 0.1171875 0.14453125
3 0.5765625 0.821875 0.1078125 0.165625
4 0.2578125 0.5078125 0.11640625 0.14609375
4 0.62890625 0.5890625 0.14453125 0.10625
8 0.76484375 0.58203125 0.1265625 0.103125
8 0.31328125 0.825 0.084375 0.15390625
9 0.4140625 0.58984375 0.115625 0.09140625
9 0.3234375 0.39921875 0.059375 0.159375
10 0.25078125 0.43125 0.084375 0.13828125
10 0.34453125 0.69921875 0.1078125 0.096875
11 0.5265625 0.6890625 0.0890625 0.12578125
11 0.91796875 0.4890625 0.08359375 0.071875
5 0.271875 0.1515625 0.05625 0.14453125
5 0.940625 0.42734375 0.10546875 0.08515625
6 0.434375 0.39140625 0.1109375 0.08984375
6 0.7203125 0.78671875 0.07265625 0.10625
7 0.15 0.6421875 0.121875 0.078125
7 0.8625 0.4296875 0.12421875 0.0765625
12 0.46171875 0.23359375 0.07578125 0.0953125
12 0.56796875 0.709375 0.1 0.0875
13 0.50859375 0.7890625 0.08671875 0.0609375
13 0.27265625 0.6546875 0.07578125 0.07265625
14 0.31484375 0.521875 0.07890625 0.09453125
14 0.73359375 0.55 0.03828125 0.1078125
15 0.63125 0.5109375 0.05234375 0.10234375
15 0.6515625 0.8 0.03828125 0.10625
16 0.36328125 0.41015625 0.03984375 0.096875
16 0.39609375 0.7859375 0.06953125 0.05703125
17 0.4671875 0.34453125 0.040625 0.09453125
17 0.48515625 0.86640625 0.05234375 0.08984375
18 0.43828125 0.75 0.04296875 0.078125
18 0.4453125 0.69296875 0.04296875 0.06796875
19 0.29453125 0.70234375 0.0625 0.0546875
19 0.35390625 0.76171875 0.04921875 0.078125
20 0.40859375 0.2859375 0.05390625 0.0546875
20 0.4765625 0.66328125 0.0375 0.06640625
21 0.39609375 0.43046875 0.03984375 0.078125
21 0.4015625 0.628125 0.04609375 0.07578125
22 0.65546875 0.590625 0.07890625 0.13125
22 0.40703125 0.93359375 0.12421875 0.05546875