0 0.325 0.15625 0.2125 0.13515625
0 0.184375 0.33359375 0.23125 0.1515625
1 0.5203125 0.7203125 0.16015625 0.19453125
1 0.5015625 0.2109375 0.3359375 0.16015625
2 0.21015625 0.7765625 0.15859375 0.2359375
2 0.48359375 0.521875 0.20546875 0.16171875
3 0.32265625 0.6453125 0.21640625 0.11875
3 0.79765625 0.2328125 0.1546875 0.115625
4 0.5375 0.19453125 0.115625 0.21640625
4 0.16484375 0.38984375 0.08359375 0.21484375
8 0.64921875 0.7125 0.11953125 0.178125
8 0.4328125 0.346875 0.1265625 0.2015625
9 0.7203125 0.12734375 0.11953125 0.13359375
9 0.45546875 0.79140625 0.1234375 0.15859375
10 0.66328125 0.64296875 0.1625 0.090625
10 0.73515625 0.2625 0.171875 0.121875
11 0.18671875 0.478125 0.1640625 0.12578125
11 0.22265625 0.55546875 0.16953125 0.14375
5 0.090625 0.4875 0.09140625 0.1734375
5 0.31796875 0.515625 0.06875 0.16796875
6 0.8859375 0.3671875 0.14140625 0.13828125
6 0.4484375 0.459375 0.20703125 0.07890625
7 0.3734375 0.8015625 0.16015625 0.0953125
7 0.61875 0.184375 0.11015625 0.146875
12 0.3421875 0.74296875 0.17734375 0.04765625
12 0.4671875 0.34921875 0.11015625 0.12578125
13 0.58984375 0.0734375 0.175 0.0546875
13 0.46328125 0.509375 0.1140625 0.1203125
14 0.39921875 0.3125 0.05625 0.146875
14 0.675 0.41328125 0.10859375 0.1171875
15 0.75078125 0.546875 0.065625 0.1140625
15 0.3125 0.378125 0.08359375 0.121875
16 0.8546875 0.45703125 0.11171875 0.0953125
16 0.55625 0.234375 0.078125 0.1125
17 0.35625 0.8421875 0.11953125 0.08125
17 0.4359375 0.06875 0.12890625 0.06953125
18 0.44140625 0.234375 0.08359375 0.07421875
18 0.70703125 0.62578125 0.08203125 0.07734375
19 0.83515625 0.36484375 0.10234375 0.053125
19 0.8765625 0.309375 0.078125 0.08125
20 0.6296875 0.43359375 0.07265625 0.0828125
20 0.43125 0.49140625 0.0671875 0.0625
21 0.571875 0.51328125 0.0765625 0.0890625
21 0.546875 0.375 0.09296875 0.065625
22 0.74921875 0.36640625 0.18125 0.10078125
23 0.6109375 0.5859375 0.0875 0.04453125