0 0.57734375 0.30703125 0.190625 0.20390625
0 0.73828125 0.5546875 0.17109375 0.20625
1 0.41015625 0.1859375 0.146875 0.175
1 0.76484375 0.43984375 0.12578125 0.18359375
2 0.2265625 0.825 0.1484375 0.11953125
2 0.6609375 0.73515625 0.06875 0.2078125
3 0.61953125 0.20703125 0.18515625 0.0953125
3 0.3734375 0.7921875 0.04765625 0.19375
4 0.5296875 0.63984375 0.15625 0.1
4 0.58046875 0.6984375 0.1234375 0.178125
8 0.43515625 0.62265625 0.10703125 0.1625
8 0.1453125 0.7078125 0.1140625 0.09140625
9 0.3765625 0.48359375 0.14453125 0.05546875
9 0.3671875 0.565625 0.1046875 0.1421875
10 0.48828125 0.51953125 0.078125 0.14921875
10 0.29765625 0.86953125 0.08046875 0.109375
11 0.30625 0.9265625 0.1453125 0.08671875
11 0.11953125 0.6953125 0.10859375 0.12265625
5 0.4234375 0.2625 0.13125 0.084375
5 0.74140625 0.70078125 0.140625 0.09375
6 0.77578125 0.4125 0.0515625 0.15234375
6 0.26171875 0.51484375 0.12578125 0.08984375
7 0.25859375 0.68515625 0.10859375 0.10234375
7 0.7078125 0.4671875 0.08359375 0.13984375
12 0.33515625 0.44375 0.0953125 0.06953125
12 0.73515625 0.68828125 0.0765625 0.1109375
13 0.42265625 0.5484375 0.0953125 0.08828125
13 0.29453125 0.375 0.0859375 0.09375
14 0.41171875 0.09453125 0.10625 0.0953125
14 0.43203125 0.84609375 0.07421875 0.11953125
15 0.0953125 0.74765625 0.0953125 0.07109375
15 0.3875 0.42578125 0.05703125 0.09140625
16 0.6171875 0.76171875 0.09296875 0.08125
16 0.196875 0.6703125 0.0859375 0.0640625
17 0.64140625 0.4796875 0.04765625 0.096875
17 0.52421875 0.63828125 0.04765625 0.10234375
18 0.46484375 0.409375 0.08203125 0.05
18 0.56484375 0.5671875 0.06484375 0.07109375
19 0.409375 0.35546875 0.08203125 0.05
19 0.86171875 0.603125 0.08046875 0.08125
20 0.21953125 0.7125 0.059375 0.0515625
20 0.23515625 0.346875 0.0546875 0.07265625
21 0.54140625 0.49609375 0.07265625 0.0609375
21 0.315625 0.31015625 0.0625 0.05859375
22 0.18203125 0.425 0.0671875 0.15234375
22 0.3703125 0.29609375 0.128125 0.096875