0 0.30234375 0.75859375 0.15859375 0.11875
0 0.6046875 0.5859375 0.08984375 0.215625
1 0.61171875 0.41953125 0.134375 0.21328125
1 0.4375 0.86875 0.1203125 0.2078125
2 0.08828125 0.73359375 0.1203125 0.14375
2 0.75625 0.34296875 0.2015625 0.13671875
3 0.6703125 0.2640625 0.1515625 0.115625
3 0.42578125 0.54765625 0.1828125 0.078125
4 0.38203125 0.77734375 0.1640625 0.125
4 0.496875 0.80703125 0.17109375 0.090625
8 0.86796875 0.36953125 0.10703125 0.13203125
8 0.203125 0.34921875 0.10859375 0.17578125
9 0.37109375 0.2796875 0.1703125 0.08359375
9 0.934375 0.30546875 0.06015625 0.1546875
10 0.840625 0.27265625 0.14140625 0.08046875
10 0.59609375 0.5328125 0.1140625 0.09296875
11 0.38984375 0.43359375 0.14296875 0.07109375
11 0.0765625 0.6140625 0.09609375 0.125
5 0.2921875 0.69375 0.08125 0.1390625
5 0.5578125 0.55078125 0.12734375 0.08515625
6 0.19140625 0.89765625 0.1140625 0.12109375
6 0.68828125 0.16015625 0.16015625 0.0671875
7 0.740625 0.4703125 0.07578125 0.1375
7 0.6625 0.3390625 0.1296875 0.0734375
12 0.76484375 0.6125 0.08125 0.09609375
12 0.67578125 0.55390625 0.04609375 0.115625
13 0.6 0.6484375 0.0828125 0.09609375
13 0.734375 0.540625 0.09453125 0.04140625
14 0.3421875 0.3703125 0.08125 0.08359375
14 0.34921875 0.60078125 0.09609375 0.0515625
15 0.6875 0.209375 0.08828125 0.0765625
15 0.34609375 0.66953125 0.096875 0.06953125
16 0.78984375 0.53828125 0.065625 0.0765625
16 0.365625 0.63046875 0.096875 0.0484375
17 0.615625 0.053125 0.1 0.07265625
17 0.628125 0.62890625 0.0703125 0.0765625
18 0.403125 0.3921875 0.0796875 0.04609375
18 0.41171875 0.371875 0.0625 0.08671875
19 0.9578125 0.53671875 0.0671875 0.08515625
19 0.43671875 0.5671875 0.08125 0.04765625
20 0.803125 0.60390625 0.05390625 0.06015625
20 0.35703125 0.8078125 0.065625 0.053125
21 0.68828125 0.4390625 0.07421875 0.040625
21 0.52734375 0.571875 0.0484375 0.0625
22 0.78984375 0.29140625 0.12890625 0.11015625
22 0.45546875 0.690625 0.12578125 0.0671875