0 0.365625 0.14765625 0.09921875 0.16875
0 0.30234375 0.484375 0.1890625 0.17890625
1 0.2984375 0.6609375 0.221875 0.1171875
1 0.31640625 0.29296875 0.18671875 0.1578125
2 0.62890625 0.3140625 0.12890625 0.17421875
2 0.49609375 0.471875 0.20234375 0.08515625
3 0.7296875 0.41328125 0.0921875 0.165625
3 0.64453125 0.21484375 0.18515625 0.06640625
4 0.54921875 0.39296875 0.12421875 0.1234375
4 0.47734375 0.11328125 0.09296875 0.14921875
8 0.4875 0.65859375 0.175 0.08515625
8 0.61796875 0.53671875 0.13125 0.12578125
9 0.47421875 0.54140625 0.11875 0.078125
9 0.63828125 0.45390625 0.0765625 0.1171875
10 0.36328125 0.628125 0.13828125 0.0953125
10 0.31015625 0.153125 0.13125 0.06640625
11 0.3828125 0.196875 0.15 0.05546875
11 0.54765625 0.13359375 0.0609375 0.12109375
5 0.315625 0.35703125 0.134375 0.07890625
5 0.4703125 0.61953125 0.14375 0.04921875
6 0.07578125 0.2671875 0.103125 0.11015625
6 0.6421875 0.43515625 0.12890625 0.11015625
7 0.15078125 0.31953125 0.12421875 0.08671875
7 0.64921875 0.159375 0.0921875 0.09140625
12 0.3875 0.48125 0.09453125 0.0875
12 0.37890625 0.59296875 0.071875 0.10625
13 0.3125 0.22265625 0.11328125 0.06015625
13 0.37890625 0.5734375 0.1140625 0.07265625
14 0.21484375 0.2515625 0.1046875 0.06171875
14 0.465625 0.36171875 0.06328125 0.08671875
15 0.70546875 0.2734375 0.10625 0.05078125
15 0.15546875 0.4953125 0.0703125 0.09296875
16 0.2625 0.246875 0.084375 0.07421875
16 0.39921875 0.30703125 0.1 0.06796875
17 0.709375 0.06015625 0.09609375 0.053125
17 0.46484375 0.353125 0.12734375 0.0515625
18 0.28125 0.309375 0.08203125 0.05546875
18 0.20625 0.35546875 0.0703125 0.06640625
19 0.52578125 0.34453125 0.0578125 0.07421875
19 0.21640625 0.4734375 0.05390625 0.0703125
20 0.38046875 0.38125 0.06640625 0.040625
20 0.1453125 0.36640625 0.05078125 0.059375
21 0.696875 0.11328125 0.075 0.05546875
21 0.428125 0.284375 0.059375 0.05546875
22 0.465625 0.12109375 0.11171875 0.11328125
23 0.4703125 0.4265625 0.0625 0.0578125