0 0.41328125 0.08046875 0.1140625 0.10703125
0 0.21484375 0.4484375 0.12109375 0.2734375
1 0.46015625 0.19296875 0.18828125 0.153125
1 0.215625 0.453125 0.11796875 0.2734375
2 0.359375 0.85625 0.09375 0.11796875
2 0.37109375 0.359375 0.1609375 0.09921875
3 0.11171875 0.7765625 0.11328125 0.2140625
3 0.4859375 0.21640625 0.1234375 0.10390625
4 0.28515625 0.265625 0.11875 0.10390625
4 0.375 0.57421875 0.0765625 0.18671875
8 0.23515625 0.8640625 0.05390625 0.2015625
8 0.45546875 0.64609375 0.1359375 0.10390625
9 0.21015625 0.24609375 0.078125 0.11171875
9 0.14296875 0.4765625 0.08046875 0.12265625
10 0.25546875 0.72109375 0.034375 0.18359375
10 0.4046875 0.51953125 0.1046875 0.134375
11 0.18359375 0.7703125 0.06640625 0.17265625
11 0.3296875 0.74375 0.08984375 0.08125
5 0.33984375 0.16328125 0.10390625 0.09921875
5 0.5140625 0.52109375 0.1109375 0.0734375
6 0.3125 0.3375 0.0953125 0.11015625
6 0.45703125 0.575 0.05625 0.140625
7 0.34453125 0.284375 0.10703125 0.13125
7 0.4296875 0.75703125 0.07734375 0.12109375
12 0.5109375 0.10078125 0.08515625 0.0671875
12 0.4125 0.71171875 0.0703125 0.11328125
13 0.29375 0.45 0.059375 0.11640625
13 0.54921875 0.45703125 0.078125 0.0859375
14 0.31875 0.51875 0.09453125 0.06875
14 0.3546875 0.70234375 0.08515625 0.059375
15 0.30078125 0.65078125 0.0703125 0.09453125
15 0.37265625 0.45390625 0.0609375 0.10234375
16 0.43828125 0.3109375 0.07734375 0.071875
16 0.2109375 0.55546875 0.0671875 0.10390625
17 0.4859375 0.41328125 0.053125 0.09453125
17 0.1203125 0.6421875 0.07109375 0.0640625
18 0.51640625 0.665625 0.05703125 0.0625
18 0.96015625 0.2234375 0.059375 0.0578125
19 0.28671875 0.19453125 0.0515625 0.0859375
19 0.1375 0.58984375 0.06171875 0.0546875
20 0.5609375 0.5609375 0.05625 0.05078125
20 0.59765625 0.4140625 0.03984375 0.0796875
21 0.5484375 0.62109375 0.05078125 0.04765625
21 0.5703125 0.5921875 0.059375 0.05625
22 0.0984375 0.55703125 0.09140625 0.11953125
22 0.296875 0.83671875 0.05390625 0.16640625