0 0.67421875 0.51875 0.0859375 0.10625
0 0.56171875 0.5578125 0.190625 0.06640625
1 0.50859375 0.3984375 0.1734375 0.13515625
1 0.48984375 0.55703125 0.08828125 0.1828125
2 0.86640625 0.88984375 0.06328125 0.1296875
2 0.55859375 0.5953125 0.075 0.0921875
3 0.72890625 0.765625 0.07265625 0.1359375
3 0.94765625 0.1828125 0.0578125 0.115625
4 0.8109375 0.9015625 0.11484375 0.10546875
4 0.7734375 0.5625 0.128125 0.05390625
8 0.5546875 0.92890625 0.0875 0.09296875
8 0.775 0.64765625 0.06328125 0.08515625
9 0.42890625 0.38671875 0.1 0.11875
9 0.57265625 0.52421875 0.08828125 0.1390625
10 0.63359375 0.69296875 0.05625 0.1203125
10 0.871875 0.28359375 0.07265625 0.10625
11 0.5359375 0.34453125 0.06875 0.10859375
11 0.753125 0.4953125 0.07890625 0.09921875
5 0.10625 0.13203125 0.1453125 0.06015625
5 0.51953125 0.52578125 0.03671875 0.13125
6 0.45 0.6046875 0.0953125 0.10546875
6 0.6375 0.534375 0.0671875 0.10859375
7 0.3640625 0.40546875 0.06328125 0.1296875
7 0.3765625 0.1015625 0.0671875 0.11484375
12 0.59296875 0.809375 0.0921875 0.06015625
12 0.8109375 0.5984375 0.078125 0.05234375
13 0.6828125 0.86171875 0.096875 0.04921875
13 0.696875 0.47265625 0.09140625 0.0640625
14 0.56484375 0.6796875 0.08515625 0.06015625
14 0.69140625 0.7078125 0.09609375 0.04921875
15 0.6890625 0.67421875 0.0765625 0.05390625
15 0.425 0.15078125 0.06953125 0.08671875
16 0.7515625 0.86640625 0.06640625 0.0765625
16 0.83046875 0.65 0.06328125 0.05
17 0.40078125 0.2515625 0.04375 0.08359375
17 0.3953125 0.31484375 0.07890625 0.040625
18 0.72265625 0.92265625 0.05234375 0.0640625
18 0.484375 0.075 0.05859375 0.07890625
19 0.290625 0.209375 0.07421875 0.0453125
19 0.81484375 0.54765625 0.0375 0.04609375
20 0.925 0.2390625 0.03828125 0.046875
20 0.41640625 0.0984375 0.06328125 0.03671875
21 0.18359375 0.053125 0.0515625 0.0734375
21 0.38828125 0.1484375 0.0359375 0.05859375
22 0.6046875 0.75390625 0.09453125 0.0703125
22 0.32890625 0.121875 0.04921875 0.13359375
23 0.8640625 0.68125 0.05234375 0.0359375