0 0.64296875 0.234375 0.31484375 0.17578125
0 0.1671875 0.696875 0.17421875 0.171875
1 0.478125 0.78828125 0.28828125 0.10859375
1 0.2390625 0.60234375 0.13671875 0.171875
2 0.5453125 0.70546875 0.2296875 0.1609375
2 0.209375 0.17421875 0.2140625 0.2171875
3 0.3484375 0.21015625 0.15390625 0.1953125
3 0.3359375 0.8078125 0.21640625 0.16640625
4 0.65859375 0.66484375 0.10625 0.23515625
4 0.25390625 0.4328125 0.24296875 0.14140625
8 0.48203125 0.5078125 0.20078125 0.12109375
8 0.6328125 0.19453125 0.18046875 0.18984375
9 0.64921875 0.33984375 0.2203125 0.08515625
9 0.7953125 0.5640625 0.1328125 0.16875
10 0.28359375 0.840625 0.13125 0.17734375
10 0.2328125 0.390625 0.15390625 0.16484375
11 0.3046875 0.12578125 0.12734375 0.15390625
11 0.765625 0.47109375 0.19921875 0.06171875
5 0.1671875 0.66875 0.10625 0.18515625
5 0.346875 0.2125 0.09140625 0.1796875
6 0.38125 0.71171875 0.1671875 0.09765625
6 0.25625 0.3640625 0.178125 0.06875
7 0.7796875 0.61328125 0.08359375 0.1828125
7 0.22109375 0.2203125 0.1953125 0.1
12 0.48203125 0.46953125 0.0609375 0.16328125
12 0.4078125 0.71953125 0.0875 0.1453125
13 0.40859375 0.62734375 0.13125 0.13203125
13 0.27890625 0.56171875 0.1140625 0.1015625
14 0.46015625 0.21953125 0.134375 0.11953125
14 0.45078125 0.14921875 0.078125 0.125
15 0.88671875 0.26640625 0.096875 0.1234375
15 0.25703125 0.5078125 0.1421875 0.05625
16 0.1296875 0.29609375 0.134375 0.078125
16 0.2375 0.26015625 0.09140625 0.12109375
17 0.70625 0.38203125 0.11796875 0.06171875
17 0.80546875 0.35234375 0.096875 0.11015625
18 0.83125 0.209375 0.071875 0.11015625
18 0.54453125 0.2375 0.0875 0.09453125
19 0.65390625 0.4390625 0.06640625 0.103125
19 0.35859375 0.4640625 0.071875 0.1015625
20 0.1609375 0.5421875 0.0609375 0.08125
20 0.796875 0.43125 0.08359375 0.0546875
21 0.1609375 0.4203125 0.09140625 0.07265625
21 0.5796875 0.4140625 0.09296875 0.0671875
22 0.659375 0.553125 0.184375 0.12109375
23 0.3984375 0.91875 0.11796875 0.06484375