0 0.73046875 0.87578125 0.13671875 0.140625
0 0.55625 0.31171875 0.165625 0.20234375
1 0.653125 0.38671875 0.178125 0.1484375
1 0.7734375 0.2 0.115625 0.209375
2 0.18671875 0.51484375 0.13203125 0.1640625
2 0.8734375 0.21953125 0.1140625 0.18046875
3 0.34453125 0.56796875 0.10859375 0.1421875
3 0.69375 0.23515625 0.21015625 0.10859375
4 0.709375 0.58203125 0.11953125 0.11953125
4 0.709375 0.49296875 0.2078125 0.06328125
8 0.56171875 0.50625 0.13359375 0.11171875
8 0.63515625 0.8203125 0.08203125 0.16953125
9 0.24609375 0.665625 0.2078125 0.06875
9 0.7078125 0.09296875 0.128125 0.14453125
10 0.5953125 0.7140625 0.05859375 0.14765625
10 0.4953125 0.84140625 0.17265625 0.0796875
11 0.89921875 0.10859375 0.14375 0.1046875
11 0.78359375 0.58828125 0.065625 0.1296875
5 0.48046875 0.84296875 0.06796875 0.140625
5 0.71796875 0.0796875 0.1796875 0.06328125
6 0.43046875 0.7453125 0.12109375 0.13203125
6 0.30703125 0.42890625 0.1796875 0.0453125
7 0.5 0.57734375 0.05703125 0.13203125
7 0.521875 0.640625 0.08359375 0.12109375
12 0.3015625 0.63125 0.13359375 0.0953125
12 0.65546875 0.26640625 0.13359375 0.059375
13 0.4859375 0.4390625 0.0921875 0.11015625
13 0.5578125 0.59375 0.09765625 0.090625
14 0.22265625 0.5265625 0.0890625 0.0921875
14 0.4078125 0.646875 0.06796875 0.10078125
15 0.38984375 0.86640625 0.1171875 0.07421875
15 0.42578125 0.34609375 0.06953125 0.09921875
16 0.415625 0.46796875 0.08359375 0.103125
16 0.7609375 0.46328125 0.11171875 0.05078125
17 0.45234375 0.61328125 0.0890625 0.071875
17 0.06328125 0.4875 0.0625 0.08515625
18 0.7 0.6390625 0.1046875 0.05234375
18 0.46875 0.5234375 0.06953125 0.07734375
19 0.2625 0.38828125 0.08359375 0.06640625
19 0.6046875 0.14765625 0.1 0.0578125
20 0.30234375 0.4609375 0.0640625 0.059375
20 0.3765625 0.38359375 0.0765625 0.059375
21 0.6609375 0.178125 0.08359375 0.04296875
21 0.30625 0.5671875 0.0921875 0.05546875
22 0.73046875 0.22421875 0.07265625 0.13671875
22 0.6515625 0.58671875 0.1171875 0.0796875