0 0.12734375 0.4703125 0.17890625 0.196875
0 0.25234375 0.2046875 0.19296875 0.18359375
1 0.1640625 0.35234375 0.103125 0.2859375
1 0.728125 0.5609375 0.14296875 0.23203125
2 0.78359375 0.6421875 0.14453125 0.1640625
2 0.696875 0.61875 0.13359375 0.09921875
3 0.7875 0.35859375 0.1453125 0.14140625
3 0.2953125 0.21171875 0.0984375 0.20390625
4 0.1109375 0.6515625 0.1 0.20390625
4 0.653125 0.3921875 0.14140625 0.1765625
8 0.25390625 0.8234375 0.17421875 0.09765625
8 0.79375 0.10625 0.1453125 0.11484375
9 0.84375 0.57421875 0.07265625 0.17421875
9 0.509375 0.15625 0.0921875 0.1625
10 0.55859375 0.77109375 0.07578125 0.1671875
10 0.44921875 0.19140625 0.0609375 0.18359375
11 0.32421875 0.56796875 0.1078125 0.1203125
11 0.82734375 0.2484375 0.10625 0.1171875
5 0.6703125 0.865625 0.15625 0.06640625
5 0.47421875 0.73671875 0.0984375 0.12578125
6 0.91328125 0.4125 0.115625 0.15546875
6 0.6984375 0.77890625 0.146875 0.06796875
7 0.5796875 0.6890625 0.13046875 0.13984375
7 0.5484375 0.37890625 0.08984375 0.146875
12 0.78515625 0.67890625 0.07109375 0.1328125
12 0.53671875 0.16484375 0.08359375 0.0921875
13 0.14296875 0.2890625 0.09375 0.11015625
13 0.5703125 0.19921875 0.08203125 0.1015625
14 0.64453125 0.321875 0.0453125 0.14453125
14 0.63359375 0.3140625 0.1140625 0.059375
15 0.375 0.4828125 0.103125 0.06796875
15 0.66171875 0.490625 0.1 0.05234375
16 0.30390625 0.64296875 0.1109375 0.05390625
16 0.5296875 0.3359375 0.09140625 0.0921875
17 0.29375 0.24375 0.08984375 0.06796875
17 0.2828125 0.34140625 0.07734375 0.07890625
18 0.58515625 0.21796875 0.07109375 0.06953125
18 0.28515625 0.38203125 0.06953125 0.06640625
19 0.41484375 0.30859375 0.05 0.09765625
19 0.24140625 0.296875 0.0546875 0.09765625
20 0.46953125 0.30703125 0.06796875 0.0625
20 0.66171875 0.3828125 0.0640625 0.06484375
21 0.55703125 0.27109375 0.0640625 0.071875
21 0.3546875 0.44765625 0.059375 0.075
22 0.290625 0.88515625 0.12265625 0.11484375
23 0.66484375 0.5609375 0.06640625 0.075