0 0.453125 0.59765625 0.12109375 0.1734375
0 0.73828125 0.5421875 0.15859375 0.1921875
1 0.26875 0.7640625 0.13046875 0.2875
1 0.3265625 0.2578125 0.18359375 0.10546875
2 0.6734375 0.80078125 0.146875 0.15859375
2 0.51015625 0.7515625 0.10625 0.12421875
3 0.33046875 0.4765625 0.04453125 0.25
3 0.47890625 0.4421875 0.13515625 0.1109375
4 0.51328125 0.75625 0.07265625 0.2109375
4 0.70078125 0.6859375 0.10546875 0.14609375
8 0.52109375 0.14453125 0.08125 0.184375
8 0.7703125 0.559375 0.08828125 0.1546875
9 0.35859375 0.8921875 0.1078125 0.13671875
9 0.9546875 0.7875 0.08828125 0.13828125
10 0.65546875 0.38125 0.1078125 0.1359375
10 0.2859375 0.41484375 0.0921875 0.1515625
11 0.5890625 0.41640625 0.0921875 0.08515625
11 0.6515625 0.72265625 0.10546875 0.115625
5 0.45234375 0.88046875 0.0609375 0.15859375
5 0.07734375 0.19921875 0.11875 0.1296875
6 0.5546875 0.23984375 0.071875 0.13828125
6 0.2546875 0.35703125 0.071875 0.1859375
7 0.496875 0.44375 0.05859375 0.171875
7 0.26328125 0.5609375 0.084375 0.1140625
12 0.578125 0.2875 0.08359375 0.08515625
12 0.28828125 0.48203125 0.08359375 0.08046875
13 0.3828125 0.74140625 0.06171875 0.1359375
13 0.378125 0.459375 0.04296875 0.1515625
14 0.42578125 0.68828125 0.06328125 0.1328125
14 0.4390625 0.4765625 0.03359375 0.13828125
15 0.4609375 0.32109375 0.06796875 0.08203125
15 0.6046875 0.8171875 0.07265625 0.090625
16 0.6359375 0.45234375 0.04921875 0.11953125
16 0.52734375 0.590625 0.0609375 0.1109375
17 0.359375 0.34921875 0.05625 0.0921875
17 0.303125 0.68359375 0.05 0.10703125
18 0.46484375 0.36171875 0.03515625 0.096875
18 0.584375 0.61640625 0.0546875 0.06640625
19 0.2453125 0.87265625 0.05859375 0.08671875
19 0.5578125 0.56640625 0.065625 0.05078125
20 0.5296875 0.37265625 0.046875 0.0578125
20 0.22890625 0.9078125 0.03671875 0.06640625
21 0.50390625 0.896875 0.04296875 0.08203125
21 0.58671875 0.66484375 0.0328125 0.078125
22 0.3125 0.5546875 0.11171875 0.096875
23 0.5703125 0.35 0.0515625 0.059375