0 0.665625 0.12734375 0.19609375 0.203125
0 0.6921875 0.809375 0.2421875 0.18671875
1 0.74375 0.7234375 0.12890625 0.1796875
1 0.58125 0.7609375 0.09140625 0.18828125
2 0.53203125 0.46875 0.14453125 0.11484375
2 0.65 0.434375 0.20703125 0.07421875
3 0.59609375 0.62578125 0.14140625 0.11015625
3 0.39140625 0.871875 0.17265625 0.08515625
4 0.815625 0.77890625 0.1265625 0.1640625
4 0.46796875 0.790625 0.190625 0.06796875
8 0.13125 0.64140625 0.13984375 0.13203125
8 0.33828125 0.40546875 0.159375 0.121875
9 0.18671875 0.71171875 0.11875 0.15078125
9 0.33671875 0.6765625 0.16171875 0.084375
10 0.71328125 0.56953125 0.0921875 0.121875
10 0.5046875 0.38125 0.1359375 0.08671875
11 0.36796875 0.68125 0.1265625 0.12734375
11 0.23359375 0.80625 0.1453125 0.07109375
5 0.44140625 0.40859375 0.0859375 0.121875
5 0.49453125 0.42578125 0.12109375 0.13046875
6 0.678125 0.4421875 0.075 0.14765625
6 0.55 0.34375 0.13984375 0.0984375
7 0.29375 0.6015625 0.08671875 0.12734375
7 0.3015625 0.459375 0.0859375 0.11328125
12 0.353125 0.33828125 0.11015625 0.103125
12 0.3734375 0.7578125 0.10234375 0.0609375
13 0.51875 0.67109375 0.10078125 0.08984375
13 0.81953125 0.6859375 0.11015625 0.05625
14 0.71484375 0.503125 0.09140625 0.09296875
14 0.6984375 0.8421875 0.071875 0.0953125
15 0.66015625 0.375 0.08984375 0.08828125
15 0.23671875 0.54765625 0.06796875 0.1015625
16 0.2953125 0.74375 0.0953125 0.0609375
16 0.23828125 0.6078125 0.07109375 0.1
17 0.90625 0.3625 0.084375 0.08125
17 0.80234375 0.378125 0.084375 0.08984375
18 0.346875 0.5390625 0.07890625 0.0578125
18 0.671875 0.7015625 0.0515625 0.08984375
19 0.459375 0.565625 0.08046875 0.059375
19 0.49609375 0.8375 0.0828125 0.05234375
20 0.3578125 0.60859375 0.0515625 0.07265625
20 0.38125 0.4015625 0.04765625 0.0640625
21 0.2078125 0.54140625 0.040625 0.07421875
21 0.309375 0.6078125 0.05546875 0.07421875
22 0.1921875 0.4171875 0.05859375 0.1765625
23 0.87578125 0.38671875 0.075 0.05234375