0 0.85 0.73984375 0.0875 0.1125
0 0.77890625 0.86796875 0.16640625 0.07890625
1 0.05859375 0.24296875 0.1171875 0.1328125
1 0.8390625 0.81796875 0.0578125 0.17734375
2 0.69296875 0.70234375 0.109375 0.11328125
2 0.7609375 0.625 0.07265625 0.08046875
3 0.440625 0.67421875 0.1109375 0.115625
3 0.69375 0.7765625 0.06640625 0.1296875
4 0.5484375 0.53125 0.07265625 0.115625
4 0.728125 0.79375 0.09296875 0.0578125
8 0.7078125 0.84375 0.109375 0.0875
8 0.4765625 0.31015625 0.12421875 0.1015625
9 0.8703125 0.509375 0.08203125 0.1046875
9 0.50703125 0.36328125 0.11796875 0.0375
10 0.85234375 0.921875 0.0671875 0.1140625
10 0.8328125 0.9515625 0.0734375 0.0875
11 0.72109375 0.3015625 0.09296875 0.08203125
11 0.815625 0.7890625 0.0625 0.109375
5 0.50625 0.5625 0.05390625 0.06484375
5 0.5453125 0.75 0.08671875 0.04609375
6 0.2671875 0.478125 0.0984375 0.078125
6 0.10078125 0.075 0.10078125 0.0765625
7 0.64609375 0.56484375 0.05078125 0.084375
7 0.75546875 0.96171875 0.10234375 0.0578125
12 0.22578125 0.09921875 0.04765625 0.08828125
12 0.62578125 0.38984375 0.05625 0.059375
13 0.87109375 0.82734375 0.05703125 0.084375
13 0.76796875 0.684375 0.0671875 0.053125
14 0.9046875 0.6703125 0.075 0.06796875
14 0.94140625 0.04453125 0.0609375 0.075
15 0.5515625 0.83515625 0.065625 0.0609375
15 0.66171875 0.40546875 0.0671875 0.053125
16 0.278125 0.253125 0.0578125 0.03984375
16 0.078125 0.3 0.0375 0.09453125
17 0.6140625 0.4328125 0.04921875 0.06484375
17 0.6984375 0.465625 0.0453125 0.078125
18 0.27265625 0.41953125 0.046875 0.04921875
18 0.53828125 0.65234375 0.0375 0.059375
19 0.31640625 0.4734375 0.02734375 0.071875
19 0.60546875 0.27578125 0.04296875 0.0625
20 0.44375 0.3171875 0.05 0.059375
20 0.16875 0.27265625 0.03359375 0.0671875
21 0.040625 0.14609375 0.03203125 0.05703125
21 0.5734375 0.8171875 0.03125 0.053125
22 0.36484375 0.3140625 0.0703125 0.08359375
23 0.70859375 0.2453125 0.02890625 0.075