0 0.50703125 0.10703125 0.20625 0.1125
0 0.44140625 0.70703125 0.13828125 0.17265625
1 0.359375 0.15625 0.15 0.10703125
1 0.8 0.6140625 0.1015625 0.2046875
2 0.4453125 0.92421875 0.134375 0.115625
2 0.60859375 0.40078125 0.20078125 0.075
3 0.68671875 0.28125 0.125 0.09921875
3 0.878125 0.8875 0.15546875 0.11015625
4 0.2921875 0.2203125 0.16875 0.11875
4 0.2078125 0.4359375 0.0640625 0.1671875
8 0.30546875 0.246875 0.18515625 0.0875
8 0.81796875 0.7796875 0.1203125 0.109375
9 0.1171875 0.62109375 0.10078125 0.1640625
9 0.5375 0.0796875 0.115625 0.10078125
10 0.6921875 0.7671875 0.10859375 0.1328125
10 0.66875 0.4546875 0.09140625 0.11640625
11 0.434375 0.640625 0.1390625 0.07890625
11 0.74765625 0.45859375 0.09140625 0.09453125
5 0.5015625 0.45 0.1125 0.096875
5 0.07578125 0.50390625 0.09765625 0.12734375
6 0.6015625 0.36015625 0.0765625 0.11171875
6 0.5734375 0.64921875 0.084375 0.06640625
7 0.74296875 0.5234375 0.10625 0.09453125
7 0.6453125 0.49140625 0.1140625 0.11875
12 0.1765625 0.7390625 0.12578125 0.053125
12 0.6390625 0.2703125 0.09140625 0.07734375
13 0.6125 0.55234375 0.11796875 0.06640625
13 0.66640625 0.359375 0.07265625 0.0640625
14 0.30234375 0.446875 0.06875 0.11171875
14 0.54921875 0.4625 0.08828125 0.06875
15 0.79375 0.76171875 0.0828125 0.07265625
15 0.26640625 0.5578125 0.06875 0.0921875
16 0.5046875 0.5171875 0.10625 0.05
16 0.4296875 0.46953125 0.04921875 0.096875
17 0.41796875 0.32265625 0.075 0.08359375
17 0.60078125 0.29609375 0.06953125 0.07109375
18 0.4453125 0.15703125 0.06953125 0.07109375
18 0.21875 0.70546875 0.08046875 0.0640625
19 0.75625 0.4140625 0.0671875 0.07265625
19 0.728125 0.7375 0.0640625 0.06875
20 0.70703125 0.6140625 0.06328125 0.0578125
20 0.7921875 0.6140625 0.0484375 0.0578125
21 0.171875 0.23984375 0.07890625 0.0671875
21 0.68515625 0.64921875 0.0671875 0.05625
22 0.74609375 0.8640625 0.1296875 0.08359375
22 0.146875 0.48203125 0.08984375 0.08828125