0 0.14921875 0.40859375 0.196875 0.13203125
0 0.2453125 0.6 0.15078125 0.21796875
1 0.5453125 0.82265625 0.24921875 0.09453125
1 0.84765625 0.58125 0.15859375 0.1671875
2 0.71171875 0.7515625 0.1375 0.1375
2 0.5453125 0.71171875 0.21640625 0.0578125
3 0.76875 0.41328125 0.1703125 0.1421875
3 0.2515625 0.403125 0.18671875 0.0828125
4 0.33359375 0.690625 0.08828125 0.18828125
4 0.77109375 0.51796875 0.175 0.10390625
8 0.3546875 0.2515625 0.17734375 0.06640625
8 0.23203125 0.83671875 0.10859375 0.10234375
9 0.44375 0.45078125 0.07578125 0.1703125
9 0.721875 0.68203125 0.0609375 0.1734375
10 0.66484375 0.2828125 0.103125 0.1453125
10 0.73828125 0.309375 0.09140625 0.1390625
11 0.81640625 0.28671875 0.11640625 0.1203125
11 0.325 0.88984375 0.1078125 0.1375
5 0.6421875 0.27265625 0.15390625 0.059375
5 0.50390625 0.51796875 0.11484375 0.146875
6 0.29921875 0.15390625 0.12421875 0.115625
6 0.5359375 0.4875 0.134375 0.06953125
7 0.56640625 0.76484375 0.1296875 0.07109375
7 0.18046875 0.1859375 0.11328125 0.07421875
12 0.5171875 0.30390625 0.10859375 0.0921875
12 0.1875 0.53125 0.12109375 0.07109375
13 0.7125 0.1671875 0.12421875 0.0890625
13 0.60859375 0.70390625 0.0703125 0.1390625
14 0.67421875 0.52578125 0.05859375 0.12265625
14 0.471875 0.65703125 0.11015625 0.07421875
15 0.24609375 0.49921875 0.08046875 0.06953125
15 0.53984375 0.61328125 0.05859375 0.109375
16 0.37578125 0.20234375 0.08359375 0.0609375
16 0.59140625 0.221875 0.07578125 0.0859375
17 0.0390625 0.5828125 0.05390625 0.10390625
17 0.24140625 0.70390625 0.08359375 0.07578125
18 0.490625 0.5953125 0.07890625 0.04921875
18 0.4796875 0.4265625 0.07890625 0.059375
19 0.75625 0.86171875 0.08828125 0.07109375
19 0.125 0.665625 0.06875 0.090625
20 0.39921875 0.61171875 0.04921875 0.0796875
20 0.203125 0.140625 0.071875 0.0625
21 0.753125 0.6390625 0.05234375 0.090625
21 0.93984375 0.47578125 0.0734375 0.06640625
22 0.8453125 0.69140625 0.1390625 0.10078125
23 0.4625 0.83203125 0.075 0.04765625