0 0.63984375 0.84765625 0.2 0.1609375
0 0.8171875 0.6265625 0.1453125 0.121875
1 0.3078125 0.3640625 0.225 0.12734375
1 0.1671875 0.52109375 0.178125 0.1859375
2 0.6859375 0.3421875 0.125 0.2015625
2 0.284375 0.634375 0.15703125 0.265625
3 0.18359375 0.3125 0.16796875 0.17421875
3 0.540625 0.36953125 0.13984375 0.17109375
4 0.38203125 0.5671875 0.18828125 0.1109375
4 0.73515625 0.6234375 0.14375 0.18046875
8 0.08203125 0.40234375 0.1234375 0.21953125
8 0.36875 0.23046875 0.203125 0.08828125
9 0.87265625 0.3328125 0.08359375 0.20546875
9 0.565625 0.63671875 0.121875 0.16796875
10 0.70703125 0.48671875 0.11171875 0.1078125
10 0.49296875 0.215625 0.1265625 0.125
11 0.4890625 0.2921875 0.08984375 0.1453125
11 0.2984375 0.47734375 0.1703125 0.05078125
5 0.5140625 0.06484375 0.1453125 0.08125
5 0.72421875 0.6484375 0.08671875 0.17109375
6 0.7890625 0.3625 0.11640625 0.14296875
6 0.52734375 0.5328125 0.13671875 0.1078125
7 0.71328125 0.5234375 0.103125 0.121875
7 0.5953125 0.87109375 0.1 0.17109375
12 0.44140625 0.16328125 0.10625 0.11875
12 0.64765625 0.6078125 0.0546875 0.13203125
13 0.5640625 0.28828125 0.11875 0.08984375
13 0.31484375 0.478125 0.05 0.12734375
14 0.3046875 0.66328125 0.11796875 0.1125
14 0.34140625 0.28828125 0.13515625 0.05078125
15 0.2078125 0.41015625 0.11640625 0.06640625
15 0.83359375 0.77109375 0.11484375 0.08828125
16 0.7375 0.3046875 0.0515625 0.1203125
16 0.66484375 0.371875 0.08828125 0.0734375
17 0.621875 0.3265625 0.0796875 0.0765625
18 0.90546875 0.3046875 0.05703125 0.10546875
18 0.54375 0.621875 0.096875 0.06875
19 0.8421875 0.4109375 0.078125 0.0859375
19 0.75390625 0.65625 0.05703125 0.08671875
20 0.55625 0.5609375 0.06640625 0.06484375
20 0.3546875 0.2109375 0.0765625 0.05234375
21 0.459375 0.690625 0.078125 0.06640625
21 0.7765625 0.509375 0.04375 0.0765625
22 0.60859375 0.184375 0.1703125 0.12578125
22 0.35703125 0.16328125 0.14140625 0.14296875