0 0.38984375 0.4328125 0.16171875 0.18671875
0 0.7671875 0.57109375 0.27578125 0.1
1 0.81640625 0.6328125 0.184375 0.25625
1 0.48125 0.16640625 0.13046875 0.1453125
2 0.5953125 0.4890625 0.1515625 0.20625
2 0.6328125 0.2703125 0.16484375 0.13515625
3 0.384375 0.7703125 0.11875 0.13515625
3 0.8640625 0.71484375 0.0859375 0.19375
4 0.67890625 0.83671875 0.190625 0.18515625
4 0.7453125 0.5671875 0.29765625 0.11328125
8 0.47890625 0.34453125 0.103125 0.146875
8 0.5015625 0.54765625 0.190625 0.12890625
9 0.65859375 0.36953125 0.21328125 0.09375
9 0.534375 0.515625 0.09609375 0.13515625
10 0.68203125 0.8296875 0.10859375 0.15625
10 0.525 0.83828125 0.1484375 0.15
11 0.8078125 0.87421875 0.1390625 0.13359375
11 0.571875 0.78828125 0.09765625 0.1046875
5 0.703125 0.428125 0.1390625 0.08359375
5 0.28515625 0.07890625 0.19296875 0.06953125
6 0.428125 0.228125 0.09140625 0.12578125
6 0.69609375 0.584375 0.13046875 0.16796875
7 0.67890625 0.59140625 0.08984375 0.146875
7 0.32734375 0.61796875 0.1203125 0.16328125
12 0.54140625 0.2140625 0.1046875 0.11640625
12 0.65234375 0.2609375 0.06328125 0.1578125
13 0.5375 0.6421875 0.11015625 0.1390625
13 0.5921875 0.92578125 0.1515625 0.06328125
14 0.2609375 0.21171875 0.121875 0.12578125
14 0.48125 0.446875 0.07890625 0.1125
15 0.81875 0.46484375 0.07890625 0.12109375
15 0.2984375 0.34296875 0.08125 0.1046875
16 0.58828125 0.69375 0.12890625 0.0515625
16 0.46171875 0.76796875 0.084375 0.11484375
17 0.3625 0.13046875 0.1046875 0.06640625
17 0.30390625 0.61015625 0.11875 0.046875
18 0.4515625 0.6484375 0.05 0.10625
18 0.57578125 0.7265625 0.07265625 0.05625
19 0.58515625 0.86796875 0.071875 0.09375
19 0.73125 0.3625 0.08046875 0.08515625
20 0.784375 0.74453125 0.05 0.08359375
20 0.6828125 0.3375 0.05546875 0.0625
21 0.92109375 0.63515625 0.0484375 0.109375
21 0.071875 0.2859375 0.0671875 0.07109375
22 0.353125 0.59140625 0.12890625 0.140625
23 0.16171875 0.1703125 0.0890625 0.1046875