0 0.615625 0.36015625 0.23203125 0.2015625
0 0.26328125 0.76875 0.22265625 0.13125
1 0.4921875 0.675 0.253125 0.140625
1 0.50390625 0.66015625 0.22421875 0.16796875
2 0.271875 0.90234375 0.15859375 0.1046875
2 0.453125 0.85234375 0.14296875 0.17734375
3 0.8109375 0.40859375 0.2171875 0.04453125
3 0.31640625 0.84140625 0.2109375 0.10546875
4 0.72265625 0.52890625 0.22421875 0.06484375
4 0.36328125 0.4265625 0.1125 0.11171875
8 0.0734375 0.65859375 0.10234375 0.1546875
8 0.51796875 0.5875 0.140625 0.165625
9 0.83515625 0.8625 0.2046875 0.08671875
9 0.80625 0.2296875 0.1390625 0.12578125
10 0.59453125 0.46875 0.05625 0.15390625
10 0.23359375 0.45390625 0.07578125 0.11640625
11 0.6625 0.4421875 0.07734375 0.1328125
11 0.68203125 0.80390625 0.10625 0.07265625
5 0.50234375 0.77265625 0.08359375 0.08359375
5 0.1875 0.5953125 0.0734375 0.1125
6 0.82265625 0.27109375 0.0953125 0.11953125
6 0.16171875 0.6234375 0.09296875 0.1
7 0.75390625 0.71015625 0.0984375 0.13125
7 0.765625 0.5984375 0.146875 0.05859375
12 0.290625 0.4640625 0.1078125 0.0765625
12 0.9171875 0.609375 0.12578125 0.05546875
13 0.74921875 0.709375 0.12421875 0.07421875
13 0.68359375 0.47578125 0.12421875 0.0578125
14 0.3953125 0.70390625 0.11171875 0.08125
14 0.6890625 0.21328125 0.128125 0.05859375
15 0.103125 0.4078125 0.0875 0.08125
15 0.5796875 0.14609375 0.0796875 0.071875
16 0.253125 0.7734375 0.10234375 0.0421875
16 0.5296875 0.43046875 0.065625 0.09375
17 0.67109375 0.5890625 0.0890625 0.0515625
17 0.221875 0.096875 0.0671875 0.090625
18 0.625 0.56875 0.0890625 0.0390625
18 0.303125 0.596875 0.08515625 0.04140625
19 0.41171875 0.95546875 0.08671875 0.0609375
19 0.5328125 0.0671875 0.09296875 0.053125
20 0.73125 0.77265625 0.07890625 0.04921875
20 0.64453125 0.3859375 0.046875 0.05625
21 0.453125 0.30859375 0.07578125 0.03984375
21 0.58125 0.234375 0.06171875 0.053125
22 0.48515625 0.47265625 0.1203125 0.109375
22 0.82109375 0.1171875 0.05078125 0.16640625