0 0.546875 0.27265625 0.08046875 0.2421875
0 0.2515625 0.5890625 0.29453125 0.10234375
1 0.28515625 0.2671875 0.14140625 0.20546875
1 0.6015625 0.5640625 0.18984375 0.171875
2 0.67109375 0.6609375 0.2265625 0.0859375
2 0.69140625 0.24453125 0.2265625 0.09765625
3 0.328125 0.66015625 0.0890625 0.20078125
3 0.4328125 0.40546875 0.2140625 0.07265625
4 0.23203125 0.325 0.16015625 0.13984375
4 0.790625 0.7734375 0.21953125 0.0921875
8 0.396875 0.37109375 0.153125 0.14453125
8 0.49453125 0.0703125 0.2296875 0.0609375
9 0.42890625 0.1765625 0.1046875 0.1578125
9 0.20625 0.88125 0.078125 0.1796875
10 0.50703125 0.728125 0.17109375 0.11796875
10 0.13046875 0.8875 0.08046875 0.16328125
11 0.20234375 0.6 0.12578125 0.12421875
11 0.20703125 0.60234375 0.1359375 0.11953125
5 0.803125 0.60546875 0.1671875 0.08046875
5 0.85078125 0.69140625 0.18671875 0.0859375
6 0.23203125 0.51953125 0.1640625 0.06015625
6 0.72734375 0.3921875 0.13046875 0.0875
7 0.8875 0.4078125 0.11640625 0.16328125
7 0.7390625 0.38046875 0.090625 0.11953125
12 0.40078125 0.90625 0.17421875 0.05703125
12 0.4171875 0.68984375 0.109375 0.1046875
13 0.46015625 0.33125 0.121875 0.07734375
13 0.25625 0.63984375 0.08046875 0.125
14 0.62109375 0.37734375 0.13046875 0.0703125
14 0.2375 0.59921875 0.103125 0.1046875
15 0.08046875 0.75859375 0.059375 0.10625
15 0.4671875 0.6078125 0.08671875 0.09921875
16 0.31484375 0.8359375 0.08203125 0.103125
16 0.753125 0.74921875 0.1375 0.04921875
17 0.13671875 0.73984375 0.109375 0.07109375
17 0.2578125 0.4859375 0.08671875 0.0828125
18 0.7046875 0.55703125 0.103125 0.046875
18 0.6296875 0.56171875 0.0609375 0.0828125
19 0.353125 0.521875 0.09609375 0.05546875
19 0.66640625 0.23359375 0.0921875 0.05703125
20 0.7328125 0.53125 0.078125 0.05390625
20 0.81796875 0.5578125 0.075 0.05078125
21 0.3109375 0.4140625 0.06796875 0.0640625
21 0.13125 0.79921875 0.075 0.05859375
22 0.659375 0.328125 0.18984375 0.07578125
22 0.35625 0.49140625 0.1515625 0.084375