0 0.51875 0.40390625 0.1546875 0.31640625
0 0.23515625 0.5609375 0.1296875 0.32890625
1 0.50625 0.47578125 0.25703125 0.1765625
1 0.3703125 0.45390625 0.1921875 0.22265625
2 0.72109375 0.09609375 0.18984375 0.14609375
2 0.2890625 0.25390625 0.12734375 0.1984375
3 0.63125 0.209375 0.134375 0.22578125
3 0.73984375 0.3390625 0.19375 0.12421875
4 0.153125 0.6171875 0.1453125 0.203125
4 0.6453125 0.45625 0.1234375 0.13828125
8 0.36484375 0.703125 0.1453125 0.15859375
8 0.23515625 0.659375 0.14375 0.15859375
9 0.0875 0.25703125 0.15234375 0.1796875
9 0.39765625 0.38515625 0.1171875 0.1921875
10 0.4359375 0.19609375 0.13828125 0.13359375
10 0.19296875 0.5015625 0.15078125 0.1125
11 0.25390625 0.7921875 0.109375 0.15546875
11 0.525 0.56484375 0.1234375 0.078125
5 0.16953125 0.44296875 0.0953125 0.14296875
5 0.4765625 0.11796875 0.16171875 0.0921875
6 0.57265625 0.3046875 0.11328125 0.15546875
6 0.21328125 0.353125 0.1578125 0.06484375
7 0.12109375 0.27265625 0.13125 0.14609375
7 0.13671875 0.7359375 0.0609375 0.171875
12 0.6953125 0.24296875 0.08984375 0.14140625
12 0.31640625 0.38828125 0.0859375 0.1046875
13 0.334375 0.2703125 0.12421875 0.0765625
13 0.284375 0.90625 0.0875 0.12578125
14 0.61953125 0.29921875 0.10546875 0.11953125
14 0.2328125 0.37109375 0.0703125 0.13671875
15 0.1 0.39453125 0.109375 0.0859375
15 0.33984375 0.25390625 0.0625 0.13671875
16 0.346875 0.859375 0.0828125 0.09375
16 0.28671875 0.7765625 0.09296875 0.09375
17 0.93671875 0.38203125 0.09140625 0.12734375
17 0.634375 0.18125 0.05390625 0.1109375
18 0.38203125 0.321875 0.08046875 0.08125
18 0.34375 0.56796875 0.06484375 0.0875
19 0.20234375 0.84453125 0.08984375 0.0703125
19 0.75078125 0.609375 0.09140625 0.06640625
20 0.16328125 0.70546875 0.04453125 0.075
20 0.30546875 0.8890625 0.05 0.0703125
21 0.73125 0.05 0.0875 0.05703125
21 0.14453125 0.37734375 0.06484375 0.06875
22 0.1890625 0.24765625 0.08984375 0.19375
23 0.634375 0.3734375 0.05390625 0.0703125