0 0.7671875 0.4703125 0.18203125 0.2078125
0 0.34296875 0.6015625 0.10390625 0.25078125
1 0.44375 0.821875 0.23671875 0.15078125
1 0.32578125 0.6359375 0.18515625 0.15546875
2 0.81953125 0.7453125 0.1421875 0.19140625
2 0.54140625 0.23125 0.19375 0.08359375
3 0.29140625 0.34375 0.07109375 0.1734375
3 0.30234375 0.76328125 0.2015625 0.0671875
4 0.24609375 0.1765625 0.10234375 0.19609375
4 0.6140625 0.7453125 0.12421875 0.16171875
8 0.20078125 0.54140625 0.1078125 0.1671875
8 0.33046875 0.23515625 0.1984375 0.0609375
9 0.62890625 0.0859375 0.15703125 0.08359375
9 0.7765625 0.60078125 0.1484375 0.08203125
10 0.56015625 0.46328125 0.0625 0.15390625
10 0.70859375 0.42421875 0.140625 0.075
11 0.18984375 0.803125 0.10546875 0.1390625
11 0.37109375 0.36640625 0.14375 0.075
5 0.56796875 0.6078125 0.12734375 0.09296875
5 0.63671875 0.85 0.1453125 0.08046875
6 0.48203125 0.26796875 0.12734375 0.0734375
6 0.71640625 0.73984375 0.13046875 0.0984375
7 0.13515625 0.6484375 0.12265625 0.134375
7 0.24609375 0.45859375 0.06953125 0.1375
12 0.86875 0.3328125 0.12421875 0.0734375
12 0.36953125 0.46171875 0.1140625 0.08828125
13 0.37265625 0.83671875 0.0875 0.12421875
13 0.86875 0.49296875 0.0578125 0.12109375
14 0.7703125 0.37109375 0.12890625 0.05703125
14 0.615625 0.30546875 0.10390625 0.08984375
15 0.1125 0.53515625 0.10546875 0.075
15 0.61796875 0.46953125 0.059375 0.1015625
16 0.8015625 0.5296875 0.05625 0.10625
16 0.2671875 0.575 0.10390625 0.05390625
17 0.5609375 0.19140625 0.07421875 0.09140625
17 0.1078125 0.35625 0.09609375 0.08984375
18 0.6265625 0.92421875 0.07578125 0.0765625
18 0.75390625 0.56484375 0.04921875 0.08203125
19 0.475 0.13515625 0.0875 0.0765625
19 0.78828125 0.70078125 0.05625 0.08515625
20 0.671875 0.46953125 0.06796875 0.04921875
20 0.125 0.56484375 0.0609375 0.065625
21 0.61015625 0.4078125 0.04609375 0.071875
21 0.71171875 0.34453125 0.07109375 0.05390625
22 0.803125 0.2875 0.0890625 0.15234375
22 0.64921875 0.6453125 0.10546875 0.11640625