0 0.51796875 0.696875 0.17421875 0.15859375
0 0.36328125 0.6296875 0.14296875 0.3
1 0.203125 0.4921875 0.23984375 0.14921875
1 0.225 0.32890625 0.2921875 0.12890625
2 0.6390625 0.80234375 0.21328125 0.153125
2 0.31171875 0.4515625 0.2046875 0.14921875
3 0.62421875 0.69375 0.2421875 0.18671875
3 0.696875 0.5046875 0.23359375 0.1734375
4 0.284375 0.35546875 0.159375 0.25546875
4 0.5375 0.225 0.09765625 0.24453125
8 0.50078125 0.53046875 0.2234375 0.125
8 0.54140625 0.375 0.25859375 0.13046875
9 0.290625 0.109375 0.23828125 0.14375
9 0.15390625 0.5578125 0.17578125 0.1828125
10 0.52265625 0.6 0.2046875 0.06171875
10 0.31796875 0.88125 0.134375 0.18125
11 0.63046875 0.34921875 0.146875 0.1265625
11 0.18515625 0.35546875 0.1015625 0.14765625
5 0.728125 0.3875 0.08046875 0.1625
5 0.63671875 0.23125 0.1265625 0.14140625
6 0.334375 0.6125 0.20078125 0.08359375
6 0.646875 0.4890625 0.1140625 0.16796875
7 0.2484375 0.78359375 0.0828125 0.1828125
7 0.725 0.84765625 0.2109375 0.12890625
12 0.3 0.2296875 0.0953125 0.13046875
12 0.50390625 0.57890625 0.11796875 0.12890625
13 0.2578125 0.690625 0.11796875 0.11171875
13 0.36640625 0.71015625 0.115625 0.1328125
14 0.18359375 0.75078125 0.09296875 0.1359375
14 0.41171875 0.27109375 0.1328125 0.1140625
15 0.3984375 0.1234375 0.134375 0.10078125
15 0.465625 0.47890625 0.140625 0.06171875
16 0.3921875 0.24453125 0.13046875 0.059375
16 0.89609375 0.64765625 0.07890625 0.13828125
17 0.4296875 0.15703125 0.121875 0.078125
17 0.7734375 0.3265625 0.08515625 0.11171875
18 0.49296875 0.28515625 0.07421875 0.096875
18 0.43203125 0.37578125 0.08515625 0.065625
19 0.76484375 0.70078125 0.109375 0.0765625
19 0.67265625 0.5703125 0.08671875 0.0765625
20 0.13671875 0.640625 0.0953125 0.0765625
20 0.4015625 0.52890625 0.0578125 0.0765625
21 0.64296875 0.721875 0.08515625 0.08984375
21 0.7875 0.48203125 0.07265625 0.09140625
22 0.29375 0.2734375 0.16953125 0.14765625
22 0.49609375 0.20625 0.25078125 0.0578125