0 0.60078125 0.19296875 0.2125 0.075
0 0.8234375 0.50859375 0.05703125 0.228125
1 0.2375 0.128125 0.1671875 0.15546875
1 0.45078125 0.73515625 0.1078125 0.2015625
2 0.5703125 0.80234375 0.11328125 0.0875
2 0.478125 0.190625 0.19453125 0.05546875
3 0.43984375 0.903125 0.0625 0.16953125
3 0.25234375 0.3515625 0.15390625 0.12421875
4 0.1296875 0.24140625 0.065625 0.17421875
4 0.26640625 0.8328125 0.16015625 0.05625
8 0.35625 0.6625 0.09453125 0.1390625
8 0.2625 0.58984375 0.05859375 0.16953125
9 0.08125 0.3625 0.0671875 0.14765625
9 0.128125 0.728125 0.121875 0.08984375
10 0.76640625 0.8734375 0.05625 0.140625
10 0.70625 0.68828125 0.103125 0.1140625
11 0.646875 0.8625 0.1203125 0.07109375
11 0.5953125 0.428125 0.05390625 0.13125
5 0.38828125 0.29296875 0.10546875 0.11640625
5 0.5890625 0.67890625 0.06484375 0.13125
6 0.203125 0.44296875 0.0953125 0.08359375
6 0.19140625 0.23984375 0.07890625 0.1265625
7 0.14921875 0.53515625 0.1171875 0.08046875
7 0.45625 0.61875 0.103125 0.0765625
12 0.91953125 0.36640625 0.096875 0.09140625
12 0.90703125 0.6046875 0.04296875 0.1140625
13 0.6921875 0.4921875 0.05859375 0.1078125
13 0.60546875 0.1375 0.090625 0.096875
14 0.778125 0.384375 0.0859375 0.08125
14 0.48046875 0.109375 0.06953125 0.10390625
15 0.48125 0.475 0.0796875 0.075
15 0.85625 0.63828125 0.06484375 0.096875
16 0.60234375 0.3015625 0.090625 0.0640625
16 0.55703125 0.51875 0.05625 0.0953125
17 0.49453125 0.265625 0.071875 0.075
17 0.45703125 0.28828125 0.075 0.06796875
18 0.7828125 0.50390625 0.0421875 0.08046875
18 0.3390625 0.62578125 0.06953125 0.05625
19 0.69921875 0.41640625 0.0671875 0.05234375
19 0.653125 0.4234375 0.0421875 0.07734375
20 0.54765625 0.88125 0.05625 0.05546875
20 0.2921875 0.77421875 0.06328125 0.04765625
21 0.63828125 0.5296875 0.05703125 0.05859375
21 0.30234375 0.67734375 0.03828125 0.06640625
22 0.490625 0.57109375 0.1203125 0.096875
22 0.1265625 0.57890625 0.11015625 0.1078125