0 0.26015625 0.47421875 0.16171875 0.190625
0 0.50078125 0.546875 0.0765625 0.23046875
1 0.45234375 0.678125 0.06953125 0.22890625
1 0.8078125 0.4515625 0.2484375 0.075
2 0.1296875 0.5875 0.196875 0.11875
2 0.78203125 0.3390625 0.153125 0.07109375
3 0.21171875 0.52890625 0.16015625 0.11171875
3 0.58203125 0.2109375 0.1875 0.0953125
4 0.60703125 0.26796875 0.18203125 0.075
4 0.434375 0.7140625 0.1546875 0.0875
8 0.63125 0.18203125 0.14140625 0.11015625
8 0.55625 0.36328125 0.0953125 0.1515625
9 0.14453125 0.39453125 0.08359375 0.15390625
9 0.828125 0.621875 0.15625 0.06953125
10 0.67421875 0.63515625 0.14609375 0.065625
10 0.8890625 0.334375 0.12734375 0.11015625
11 0.48515625 0.06484375 0.1515625 0.0609375
11 0.47578125 0.8859375 0.1546875 0.05546875
5 0.540625 0.690625 0.0984375 0.1171875
5 0.22734375 0.34140625 0.1 0.11328125
6 0.76640625 0.4140625 0.12578125 0.0953125
6 0.87734375 0.68515625 0.1328125 0.07109375
7 0.73046875 0.8515625 0.14296875 0.06796875
7 0.5796875 0.82578125 0.12421875 0.10625
12 0.3671875 0.65625 0.08984375 0.09375
12 0.2796875 0.74140625 0.0734375 0.10625
13 0.34921875 0.396875 0.053125 0.096875
13 0.41796875 0.77578125 0.04453125 0.1046875
14 0.48359375 0.5546875 0.10859375 0.0515625
14 0.39765625 0.409375 0.06640625 0.09921875
15 0.921875 0.54375 0.08359375 0.084375
15 0.71640625 0.178125 0.071875 0.09921875
16 0.7640625 0.75234375 0.06796875 0.09296875
16 0.60546875 0.38203125 0.04609375 0.08828125
17 0.4140625 0.4765625 0.08515625 0.04375
17 0.6671875 0.703125 0.08515625 0.0625
18 0.4828125 0.4140625 0.04921875 0.08203125
18 0.6890625 0.56171875 0.0546875 0.0640625
19 0.784375 0.47265625 0.0609375 0.065625
19 0.1921875 0.7421875 0.08671875 0.04765625
20 0.67109375 0.92734375 0.053125 0.06953125
20 0.75703125 0.81171875 0.075 0.03828125
21 0.44921875 0.43984375 0.04609375 0.06015625
21 0.19765625 0.65859375 0.075 0.0421875
22 0.27265625 0.87265625 0.10546875 0.13515625
22 0.84140625 0.5171875 0.12265625 0.09375