0 0.43984375 0.67265625 0.19765625 0.2
0 0.296875 0.70703125 0.121875 0.24140625
1 0.1296875 0.37109375 0.1421875 0.2828125
1 0.70234375 0.8375 0.1921875 0.2015625
2 0.2171875 0.47109375 0.2125 0.128125
2 0.578125 0.1328125 0.16171875 0.0734375
3 0.86171875 0.50859375 0.21640625 0.08828125
3 0.11796875 0.6078125 0.10078125 0.24296875
4 0.253125 0.81171875 0.1484375 0.1765625
4 0.82265625 0.68046875 0.06328125 0.24140625
8 0.68828125 0.596875 0.1328125 0.109375
8 0.75390625 0.5984375 0.0625 0.24453125
9 0.55390625 0.271875 0.20859375 0.08125
9 0.40546875 0.42890625 0.10078125 0.08671875
10 0.10703125 0.634375 0.17890625 0.090625
10 0.86171875 0.5921875 0.11953125 0.10546875
11 0.64453125 0.36328125 0.06875 0.16796875
11 0.4078125 0.61015625 0.146875 0.09609375
5 0.48359375 0.396875 0.09921875 0.13359375
5 0.79765625 0.3921875 0.13125 0.121875
6 0.48828125 0.78515625 0.15625 0.0828125
6 0.8 0.3640625 0.053125 0.19609375
7 0.88828125 0.4265625 0.175 0.084375
7 0.6390625 0.478125 0.1484375 0.146875
12 0.58125 0.36796875 0.103125 0.103125
12 0.81796875 0.84140625 0.12578125 0.05703125
13 0.45390625 0.1984375 0.10078125 0.121875
13 0.4625 0.51328125 0.115625 0.11328125
14 0.696875 0.21015625 0.13125 0.08125
14 0.46953125 0.85 0.12734375 0.0625
15 0.49375 0.490625 0.11015625 0.07109375
15 0.734375 0.303125 0.1046875 0.06640625
16 0.3921875 0.5359375 0.0609375 0.1109375
16 0.58515625 0.63671875 0.10234375 0.109375
17 0.425 0.1046875 0.096875 0.08671875
17 0.74296875 0.81796875 0.071875 0.1078125
18 0.5578125 0.34140625 0.09921875 0.053125
18 0.5171875 0.20625 0.06875 0.0890625
19 0.33359375 0.28046875 0.096875 0.053125
19 0.59140625 0.5984375 0.07421875 0.06015625
20 0.5640625 0.55625 0.06796875 0.04375
20 0.81328125 0.69765625 0.0765625 0.046875
21 0.37265625 0.21171875 0.08984375 0.0625
21 0.34453125 0.16640625 0.09296875 0.065625
22 0.515625 0.9015625 0.18046875 0.075
23 0.5765625 0.85234375 0.071875 0.05703125