0 0.8328125 0.7203125 0.13046875 0.18828125
0 0.80625 0.7265625 0.1875 0.2
1 0.9359375 0.684375 0.07421875 0.2609375
1 0.30859375 0.47109375 0.165625 0.12421875
2 0.70546875 0.90546875 0.09140625 0.1109375
2 0.3171875 0.58203125 0.0546875 0.24375
3 0.35234375 0.3890625 0.13046875 0.12109375
3 0.603125 0.8109375 0.0546875 0.2171875
4 0.7859375 0.759375 0.13984375 0.13828125
4 0.6390625 0.48828125 0.059375 0.20546875
8 0.0859375 0.66640625 0.1234375 0.07734375
8 0.60625 0.39921875 0.1109375 0.1515625
9 0.2140625 0.2109375 0.1078125 0.07265625
9 0.09921875 0.57890625 0.09609375 0.1484375
10 0.22734375 0.2671875 0.103125 0.0859375
10 0.32734375 0.71015625 0.11171875 0.08046875
11 0.4921875 0.21953125 0.06484375 0.09296875
11 0.203125 0.28515625 0.09453125 0.09921875
5 0.46171875 0.72890625 0.07109375 0.134375
5 0.721875 0.6765625 0.1046875 0.10078125
6 0.615625 0.2984375 0.0921875 0.14609375
6 0.4765625 0.11015625 0.0703125 0.14296875
7 0.734375 0.20625 0.07734375 0.13984375
7 0.334375 0.06796875 0.09765625 0.09296875
12 0.54453125 0.80234375 0.08203125 0.109375
12 0.62421875 0.878125 0.0578125 0.1328125
13 0.2453125 0.84765625 0.09453125 0.0859375
13 0.55390625 0.83046875 0.0765625 0.1125
14 0.61015625 0.153125 0.09453125 0.084375
14 0.6359375 0.51328125 0.075 0.11796875
15 0.26875 0.35625 0.03984375 0.11640625
15 0.14453125 0.6765625 0.05078125 0.12421875
16 0.74453125 0.28203125 0.0875 0.05234375
16 0.77109375 0.50703125 0.03984375 0.12421875
17 0.38671875 0.76953125 0.071875 0.0640625
17 0.30625 0.221875 0.0703125 0.0640625
18 0.6015625 0.36171875 0.04609375 0.0671875
18 0.4125 0.08984375 0.0421875 0.09921875
19 0.54765625 0.4359375 0.05078125 0.084375
19 0.490625 0.71484375 0.04296875 0.0890625
20 0.67734375 0.096875 0.06015625 0.06875
20 0.49609375 0.0890625 0.03671875 0.07109375
21 0.57265625 0.0890625 0.03203125 0.09765625
21 0.67578125 0.5171875 0.034375 0.09453125
22 0.78828125 0.58984375 0.06484375 0.1296875
22 0.32734375 0.71015625 0.11171875 0.08046875
23 0.30546875 0.7546875 0.0453125 0.07890625