0 0.3828125 0.803125 0.25234375 0.0875
0 0.7640625 0.73671875 0.0984375 0.2765625
1 0.53984375 0.1234375 0.171875 0.14453125
1 0.78515625 0.31484375 0.1984375 0.1609375
2 0.61171875 0.90703125 0.1375 0.13125
2 0.853125 0.67578125 0.06640625 0.2203125
3 0.53203125 0.3578125 0.08125 0.1671875
3 0.47421875 0.0921875 0.11953125 0.1453125
4 0.37109375 0.61015625 0.04609375 0.17890625
4 0.90703125 0.39765625 0.1359375 0.15390625
8 0.43125 0.85703125 0.1125 0.09375
8 0.59765625 0.834375 0.1578125 0.0625
9 0.1734375 0.4421875 0.0828125 0.165625
9 0.81640625 0.30078125 0.12890625 0.078125
10 0.32890625 0.7296875 0.12109375 0.11328125
10 0.2 0.5671875 0.08671875 0.11796875
11 0.73125 0.5453125 0.1109375 0.078125
11 0.4875 0.125 0.06875 0.071875
5 0.1796875 0.66015625 0.0453125 0.165625
5 0.64453125 0.44765625 0.1046875 0.09765625
6 0.61796875 0.88984375 0.1125 0.10234375
6 0.3484375 0.18046875 0.09609375 0.0796875
7 0.6609375 0.78828125 0.11875 0.0484375
7 0.7328125 0.26875 0.065625 0.06875
12 0.328125 0.54375 0.075 0.1046875
12 0.33984375 0.1015625 0.0859375 0.0734375
13 0.2828125 0.30390625 0.053125 0.10546875
13 0.6640625 0.21875 0.08203125 0.09140625
14 0.0796875 0.4546875 0.0890625 0.10546875
14 0.22890625 0.42890625 0.05859375 0.1078125
15 0.23125 0.50625 0.065625 0.0875
15 0.65625 0.25703125 0.07890625 0.0671875
16 0.5734375 0.25390625 0.04921875 0.09375
16 0.753125 0.47890625 0.06171875 0.0875
17 0.5734375 0.5734375 0.03671875 0.08671875
17 0.28046875 0.1515625 0.05546875 0.07421875
18 0.609375 0.55859375 0.053125 0.05078125
18 0.571875 0.15625 0.0625 0.0578125
19 0.5 0.72109375 0.03671875 0.0796875
19 0.396875 0.74453125 0.0359375 0.07578125
20 0.42265625 0.540625 0.04375 0.0625
20 0.271875 0.36328125 0.04375 0.0484375
21 0.62734375 0.32421875 0.04609375 0.06484375
21 0.33671875 0.26953125 0.046875 0.0578125
22 0.76484375 0.66015625 0.08515625 0.14453125
23 0.2359375 0.2796875 0.0390625 0.078125