0 0.3828125 0.4875 0.29296875 0.17265625
0 0.7109375 0.5953125 0.3828125 0.0953125
1 0.63125 0.71875 0.22734375 0.1484375
1 0.6953125 0.1578125 0.3359375 0.1375
2 0.66875 0.421875 0.17109375 0.17265625
2 0.5265625 0.40546875 0.19296875 0.0875
3 0.35078125 0.784375 0.25546875 0.1375
3 0.809375 0.1328125 0.24921875 0.1359375
4 0.31015625 0.68828125 0.215625 0.0875
4 0.39296875 0.3515625 0.103125 0.20703125
8 0.47734375 0.2828125 0.18984375 0.1
8 0.62578125 0.57890625 0.24921875 0.07734375
9 0.73359375 0.23359375 0.22890625 0.07421875
9 0.7390625 0.4640625 0.21796875 0.10625
10 0.48046875 0.4875 0.17265625 0.12421875
10 0.19765625 0.5 0.12578125 0.16171875
11 0.31796875 0.88046875 0.20859375 0.09375
11 0.515625 0.85390625 0.13125 0.153125
5 0.28203125 0.32265625 0.0734375 0.17109375
5 0.1921875 0.3984375 0.1296875 0.16484375
6 0.83203125 0.68125 0.17109375 0.08046875
6 0.81640625 0.75 0.20234375 0.0890625
7 0.8 0.79375 0.121875 0.17109375
7 0.671875 0.603125 0.07109375 0.16171875
12 0.2421875 0.2453125 0.1046875 0.12734375
12 0.5953125 0.09375 0.18203125 0.0578125
13 0.32421875 0.33046875 0.0640625 0.140625
13 0.728125 0.26484375 0.16875 0.06953125
14 0.546875 0.12578125 0.1671875 0.084375
14 0.47734375 0.053125 0.17109375 0.06953125
15 0.3046875 0.559375 0.0734375 0.11640625
15 0.68984375 0.85390625 0.14453125 0.06484375
16 0.66796875 0.928125 0.15 0.08046875
16 0.39296875 0.60859375 0.13359375 0.06171875
17 0.09296875 0.434375 0.13359375 0.09375
17 0.18203125 0.7234375 0.10859375 0.103125
18 0.12890625 0.5734375 0.10703125 0.084375
18 0.64375 0.496875 0.0859375 0.08359375
19 0.68359375 0.07578125 0.12578125 0.0578125
19 0.475 0.92890625 0.1015625 0.06953125
20 0.43046875 0.21015625 0.0921875 0.0578125
20 0.85390625 0.30078125 0.10859375 0.0546875
21 0.49453125 0.25546875 0.084375 0.06953125
21 0.4453125 0.15703125 0.0953125 0.07265625
22 0.4828125 0.74765625 0.20078125 0.11796875
22 0.1671875 0.26875 0.1203125 0.10703125