0 0.44453125 0.72890625 0.15859375 0.16328125
0 0.4828125 0.31015625 0.25234375 0.07265625
1 0.7390625 0.5671875 0.21953125 0.14921875
1 0.70625 0.2671875 0.1375 0.23828125
2 0.2578125 0.29609375 0.18828125 0.096875
2 0.67265625 0.0953125 0.1390625 0.12578125
3 0.63359375 0.1515625 0.13359375 0.13671875
3 0.55546875 0.8578125 0.1765625 0.11875
4 0.5390625 0.16328125 0.1546875 0.16953125
4 0.52421875 0.35859375 0.08359375 0.20625
8 0.07578125 0.4453125 0.08046875 0.2171875
8 0.771875 0.29140625 0.1703125 0.1125
9 0.72421875 0.48046875 0.1140625 0.14609375
9 0.53203125 0.1328125 0.14296875 0.13984375
10 0.52890625 0.5578125 0.140625 0.096875
10 0.5734375 0.36171875 0.1328125 0.06171875
11 0.4125 0.76953125 0.125 0.1234375
11 0.43203125 0.57421875 0.06015625 0.16015625
5 0.54296875 0.41015625 0.13359375 0.06328125
5 0.35625 0.61796875 0.121875 0.090625
6 0.50390625 0.9015625 0.146875 0.1171875
6 0.1234375 0.31171875 0.14296875 0.08125
7 0.21875 0.45703125 0.084375 0.14765625
7 0.165625 0.71484375 0.14140625 0.09375
12 0.7625 0.4015625 0.1 0.1203125
12 0.40859375 0.45859375 0.115625 0.0765625
13 0.29296875 0.70078125 0.125 0.06640625
13 0.56484375 0.30703125 0.06640625 0.1125
14 0.30390625 0.7703125 0.071875 0.121875
14 0.65703125 0.2484375 0.0609375 0.13671875
15 0.1609375 0.50625 0.084375 0.1078125
15 0.4671875 0.3375 0.05625 0.1125
16 0.86640625 0.4 0.109375 0.06484375
16 0.834375 0.275 0.10546875 0.06328125
17 0.93203125 0.5203125 0.0640625 0.1171875
17 0.6109375 0.55625 0.06015625 0.1
18 0.32421875 0.378125 0.06875 0.07421875
18 0.3359375 0.5640625 0.0484375 0.10625
19 0.2125 0.61875 0.0796875 0.07109375
19 0.184375 0.30078125 0.05625 0.084375
20 0.50390625 0.475 0.05078125 0.075
20 0.1828125 0.54765625 0.06875 0.07421875
21 0.79921875 0.215625 0.07421875 0.05859375
21 0.6828125 0.9015625 0.0703125 0.06796875
22 0.8859375 0.4765625 0.1 0.1203125
23 0.13125 0.6484375 0.06484375 0.09375