0 0.45859375 0.64921875 0.171875 0.1328125
0 0.51875 0.68828125 0.28203125 0.11796875
1 0.60546875 0.8015625 0.13828125 0.17578125
1 0.35859375 0.17265625 0.1 0.1515625
2 0.89375 0.571875 0.13203125 0.1390625
2 0.14375 0.546875 0.11015625 0.17421875
3 0.76328125 0.75703125 0.13671875 0.1890625
3 0.47421875 0.71875 0.08671875 0.17265625
4 0.84375 0.4015625 0.18203125 0.0921875
4 0.56640625 0.2375 0.10546875 0.096875
8 0.6875 0.753125 0.19375 0.12734375
8 0.6453125 0.6109375 0.08203125 0.16015625
9 0.4109375 0.390625 0.1 0.16953125
9 0.21875 0.31640625 0.15703125 0.12734375
10 0.5640625 0.91484375 0.18671875 0.06484375
10 0.65859375 0.33984375 0.121875 0.0921875
11 0.496875 0.546875 0.06171875 0.11328125
11 0.19296875 0.4578125 0.0921875 0.0953125
5 0.4390625 0.084375 0.096875 0.096875
5 0.61796875 0.1328125 0.13671875 0.1
6 0.684375 0.59453125 0.15390625 0.07890625
6 0.5453125 0.49140625 0.11484375 0.10625
7 0.3640625 0.91328125 0.1734375 0.0921875
7 0.1171875 0.53046875 0.08359375 0.146875
12 0.39140625 0.80859375 0.13515625 0.07734375
12 0.18828125 0.48125 0.0765625 0.12421875
13 0.2640625 0.43671875 0.06640625 0.11015625
13 0.40546875 0.68359375 0.1234375 0.06015625
14 0.65703125 0.41328125 0.0515625 0.12421875
14 0.38828125 0.44375 0.06484375 0.11015625
15 0.79921875 0.55 0.08203125 0.08046875
15 0.56796875 0.634375 0.0734375 0.08359375
16 0.32109375 0.54921875 0.06171875 0.103125
16 0.4828125 0.659375 0.05703125 0.07265625
17 0.43046875 0.4875 0.0734375 0.07265625
17 0.30390625 0.15078125 0.103125 0.04375
18 0.27109375 0.559375 0.06875 0.06328125
18 0.5859375 0.6875 0.1 0.053125
19 0.44609375 0.2734375 0.053125 0.084375
19 0.4921875 0.1953125 0.08046875 0.0453125
20 0.75078125 0.64453125 0.071875 0.06328125
20 0.1296875 0.59140625 0.06484375 0.0578125
21 0.6453125 0.4734375 0.08203125 0.0515625
21 0.52734375 0.4609375 0.0765625 0.0375
22 0.2609375 0.725 0.0984375 0.1390625
23 0.440625 0.4359375 0.06640625 0.0421875
23 0.07578125 0.4953125 0.078125 0.06171875