0 0.659375 0.325 0.20234375 0.215625
0 0.71484375 0.5296875 0.19140625 0.23046875
1 0.63515625 0.74140625 0.1578125 0.13203125
1 0.37890625 0.19140625 0.27265625 0.0609375
2 0.4875 0.896875 0.2140625 0.12734375
2 0.315625 0.584375 0.0796875 0.19140625
3 0.6078125 0.59375 0.19921875 0.08984375
3 0.73984375 0.08125 0.16796875 0.15625
4 0.84140625 0.33984375 0.17421875 0.109375
4 0.453125 0.66171875 0.1890625 0.0609375
8 0.0921875 0.67890625 0.12109375 0.17421875
8 0.20859375 0.45390625 0.178125 0.1
9 0.23984375 0.38828125 0.078125 0.1609375
9 0.91953125 0.38125 0.09453125 0.165625
10 0.53203125 0.390625 0.14765625 0.0984375
10 0.26171875 0.4015625 0.1609375 0.05
11 0.290625 0.128125 0.1625 0.08046875
11 0.51171875 0.76484375 0.13984375 0.1
5 0.46953125 0.85078125 0.14140625 0.1140625
5 0.2890625 0.53046875 0.15625 0.0625
6 0.4890625 0.56015625 0.08125 0.12734375
6 0.7765625 0.1859375 0.1109375 0.1015625
7 0.13984375 0.66015625 0.0734375 0.13671875
7 0.846875 0.1875 0.1625 0.08046875
12 0.55234375 0.11328125 0.06171875 0.12578125
12 0.18984375 0.5203125 0.128125 0.0546875
13 0.4109375 0.4078125 0.06171875 0.109375
13 0.6578125 0.45546875 0.0765625 0.1
14 0.634375 0.5296875 0.103125 0.09140625
14 0.434375 0.31640625 0.13125 0.059375
15 0.25234375 0.615625 0.1 0.07109375
15 0.21171875 0.70390625 0.09140625 0.09140625
16 0.5625 0.41171875 0.09765625 0.059375
16 0.37734375 0.50546875 0.06328125 0.096875
17 0.76328125 0.778125 0.1078125 0.0515625
17 0.53828125 0.31796875 0.05625 0.08984375
18 0.92265625 0.459375 0.075 0.07734375
18 0.2765625 0.29375 0.07109375 0.08359375
19 0.58125 0.51953125 0.0796875 0.06796875
19 0.45 0.6125 0.05 0.07421875
20 0.78203125 0.61953125 0.0828125 0.065625
20 0.8421875 0.44453125 0.05625 0.06953125
21 0.771875 0.56171875 0.078125 0.0484375
21 0.34921875 0.81640625 0.05625 0.07578125
22 0.4734375 0.12890625 0.1359375 0.12109375
23 0.40078125 0.55078125 0.06796875 0.0515625