0 0.21796875 0.328125 0.15859375 0.20234375
0 0.62578125 0.5328125 0.228125 0.0671875
1 0.203125 0.515625 0.1 0.22265625
1 0.53828125 0.75859375 0.23515625 0.06328125
2 0.5 0.23125 0.11328125 0.12421875
2 0.80546875 0.6125 0.12265625 0.18515625
3 0.76875 0.80234375 0.13046875 0.1578125
3 0.77109375 0.4390625 0.14609375 0.1296875
4 0.36640625 0.2625 0.0921875 0.16328125
4 0.465625 0.11875 0.11640625 0.14609375
8 0.24609375 0.78671875 0.1203125 0.1078125
8 0.115625 0.453125 0.07265625 0.17421875
9 0.628125 0.26953125 0.153125 0.0609375
9 0.728125 0.65859375 0.08671875 0.14453125
10 0.46328125 0.8625 0.10546875 0.08515625
10 0.60390625 0.4578125 0.1109375 0.06484375
11 0.46953125 0.46953125 0.0953125 0.1171875
11 0.4796875 0.565625 0.13046875 0.05546875
5 0.503125 0.7015625 0.12265625 0.08671875
5 0.64453125 0.86953125 0.10390625 0.07734375
6 0.078125 0.41640625 0.053125 0.14609375
6 0.10859375 0.67734375 0.09921875 0.13125
7 0.54375 0.36640625 0.07109375 0.1296875
7 0.44921875 0.3875 0.0484375 0.1390625
12 0.4046875 0.90625 0.11640625 0.0578125
12 0.5296875 0.62109375 0.1171875 0.0578125
13 0.87890625 0.62109375 0.078125 0.109375
13 0.22109375 0.21015625 0.09375 0.090625
14 0.4890625 0.303125 0.08046875 0.09296875
14 0.60390625 0.4125 0.10390625 0.04765625
15 0.334375 0.53515625 0.07265625 0.09765625
15 0.2734375 0.21875 0.0921875 0.059375
16 0.65 0.60625 0.08828125 0.0796875
16 0.1140625 0.26796875 0.10703125 0.0609375
17 0.9328125 0.45390625 0.04765625 0.1
17 0.3015625 0.69765625 0.0859375 0.06640625
18 0.26640625 0.33359375 0.065625 0.0671875
18 0.275 0.59609375 0.0671875 0.06484375
19 0.4125 0.47890625 0.06171875 0.07734375
19 0.40546875 0.7296875 0.06171875 0.0625
20 0.6765625 0.42421875 0.05 0.059375
20 0.77578125 0.32734375 0.06328125 0.06484375
21 0.73515625 0.759375 0.06875 0.0515625
21 0.8765625 0.378125 0.059375 0.06484375
22 0.5671875 0.821875 0.13984375 0.0515625
23 0.396875 0.94453125 0.065625 0.0484375