0 0.228125 0.27265625 0.2265625 0.29296875
0 0.23125 0.30234375 0.1390625 0.3140625
1 0.32734375 0.56171875 0.29296875 0.07265625
1 0.5125 0.6140625 0.21171875 0.15078125
2 0.68125 0.3546875 0.19765625 0.1234375
2 0.353125 0.546875 0.178125 0.209375
3 0.871875 0.6234375 0.178125 0.23359375
3 0.41171875 0.71171875 0.20859375 0.1296875
4 0.528125 0.46484375 0.1375 0.21484375
4 0.31875 0.3265625 0.16484375 0.2203125
8 0.8890625 0.2078125 0.128125 0.190625
8 0.728125 0.540625 0.190625 0.1453125
9 0.6234375 0.784375 0.12109375 0.175
9 0.1671875 0.32265625 0.16640625 0.19375
10 0.696875 0.86328125 0.1015625 0.16953125
10 0.7234375 0.7109375 0.10390625 0.16328125
11 0.809375 0.50078125 0.175 0.09375
11 0.3546875 0.12578125 0.178125 0.109375
5 0.6203125 0.1234375 0.15078125 0.1421875
5 0.74375 0.6859375 0.13125 0.159375
6 0.47734375 0.3515625 0.15546875 0.13203125
6 0.521875 0.26875 0.16640625 0.14921875
7 0.18984375 0.84609375 0.16015625 0.13515625
7 0.40234375 0.8421875 0.12109375 0.1453125
12 0.240625 0.73359375 0.12421875 0.13359375
12 0.13515625 0.46171875 0.11796875 0.10234375
13 0.678125 0.42265625 0.1 0.13203125
13 0.74765625 0.11015625 0.15234375 0.06796875
14 0.653125 0.58984375 0.0953125 0.140625
14 0.68203125 0.87265625 0.146875 0.0640625
15 0.30078125 0.18828125 0.12265625 0.07421875
15 0.34140625 0.0796875 0.1296875 0.08671875
16 0.92421875 0.42890625 0.084375 0.140625
16 0.453125 0.4953125 0.11015625 0.10078125
17 0.096875 0.7234375 0.11328125 0.08125
17 0.32265625 0.43125 0.07265625 0.10390625
18 0.84140625 0.79609375 0.1 0.078125
18 0.33359375 0.49921875 0.06171875 0.1078125
19 0.77109375 0.209375 0.1015625 0.0796875
19 0.4078125 0.31796875 0.07734375 0.0953125
20 0.33046875 0.79296875 0.084375 0.0609375
20 0.478125 0.2328125 0.05 0.08828125
21 0.4921875 0.79375 0.07109375 0.10078125
21 0.5125 0.1890625 0.0921875 0.05859375
22 0.55390625 0.5859375 0.0984375 0.21171875
23 0.15859375 0.7765625 0.07734375 0.096875