0 0.7546875 0.23125 0.23984375 0.19453125
0 0.49609375 0.1171875 0.19765625 0.20078125
1 0.41328125 0.825 0.14453125 0.17265625
1 0.334375 0.41484375 0.1328125 0.2078125
2 0.26015625 0.8984375 0.1578125 0.1546875
2 0.553125 0.7453125 0.1625 0.134375
3 0.7875 0.1890625 0.16484375 0.16953125
3 0.4578125 0.209375 0.2015625 0.08515625
4 0.61640625 0.43984375 0.1125 0.11875
4 0.50234375 0.240625 0.0921875 0.20234375
8 0.90546875 0.48359375 0.15625 0.16015625
8 0.33125 0.44765625 0.14453125 0.11875
9 0.10625 0.6453125 0.1390625 0.1640625
9 0.334375 0.8640625 0.1765625 0.0859375
10 0.49453125 0.35703125 0.0625 0.153125
10 0.49375 0.75625 0.159375 0.08203125
11 0.721875 0.80859375 0.1421875 0.090625
11 0.62890625 0.2171875 0.1609375 0.06015625
5 0.11015625 0.4234375 0.05703125 0.16796875
5 0.4859375 0.62421875 0.071875 0.0890625
6 0.89765625 0.38203125 0.06171875 0.1546875
6 0.55703125 0.49140625 0.0703125 0.12734375
7 0.22265625 0.69921875 0.12421875 0.11484375
7 0.2359375 0.771875 0.1359375 0.121875
12 0.3703125 0.29296875 0.11875 0.0984375
12 0.59375 0.2984375 0.07578125 0.1125
13 0.5171875 0.8015625 0.07734375 0.1203125
13 0.93984375 0.39453125 0.07578125 0.12421875
14 0.60390625 0.5578125 0.05546875 0.11875
14 0.44765625 0.59296875 0.10546875 0.075
15 0.7734375 0.72734375 0.0875 0.078125
15 0.64296875 0.90546875 0.06171875 0.1125
16 0.36328125 0.58359375 0.10390625 0.07265625
16 0.33828125 0.72109375 0.05390625 0.1015625
17 0.49375 0.453125 0.06015625 0.0890625
17 0.30859375 0.63125 0.09921875 0.05625
18 0.28984375 0.89375 0.08203125 0.07265625
18 0.47734375 0.68046875 0.06875 0.053125
19 0.55078125 0.47265625 0.07734375 0.06171875
19 0.4640625 0.38125 0.06015625 0.06171875
20 0.56328125 0.5984375 0.05703125 0.0671875
20 0.45390625 0.625 0.06015625 0.04375
21 0.1796875 0.69296875 0.0640625 0.05859375
21 0.56953125 0.68984375 0.06875 0.0546875
22 0.5828125 0.8625 0.0921875 0.0859375
22 0.478125 0.77578125 0.1375 0.134375