0 0.1578125 0.2390625 0.25 0.15625
0 0.62265625 0.3328125 0.23203125 0.2640625
1 0.15 0.159375 0.1484375 0.175
1 0.59453125 0.34921875 0.07109375 0.36796875
2 0.4765625 0.28125 0.090625 0.28203125
2 0.56328125 0.77734375 0.21953125 0.12109375
3 0.48046875 0.509375 0.0875 0.1625
3 0.428125 0.1953125 0.11015625 0.246875
4 0.21484375 0.50390625 0.0671875 0.21796875
4 0.60390625 0.26953125 0.20625 0.1515625
8 0.33515625 0.13984375 0.0546875 0.2546875
8 0.3234375 0.403125 0.090625 0.153125
9 0.14375 0.3921875 0.13515625 0.1796875
9 0.11328125 0.4765625 0.1140625 0.18984375
10 0.4953125 0.6921875 0.084375 0.19296875
10 0.87421875 0.27265625 0.10234375 0.21640625
11 0.56640625 0.375 0.13046875 0.14453125
11 0.496875 0.54296875 0.15625 0.0703125
5 0.14765625 0.6953125 0.10859375 0.12578125
5 0.4953125 0.2390625 0.15625 0.0828125
6 0.92734375 0.3859375 0.07109375 0.20546875
6 0.340625 0.4859375 0.1203125 0.13984375
7 0.87109375 0.60234375 0.16953125 0.12890625
7 0.3359375 0.8578125 0.115625 0.1640625
12 0.35625 0.34140625 0.08046875 0.13828125
12 0.215625 0.75546875 0.0859375 0.11953125
13 0.1671875 0.415625 0.090625 0.12109375
13 0.13671875 0.20546875 0.10078125 0.11171875
14 0.38125 0.7828125 0.07265625 0.11015625
14 0.36328125 0.47109375 0.10546875 0.0953125
15 0.06328125 0.509375 0.10234375 0.10546875
15 0.340625 0.57578125 0.1140625 0.05546875
16 0.67734375 0.35625 0.0984375 0.1
16 0.30546875 0.74296875 0.06953125 0.10703125
17 0.228125 0.51484375 0.10234375 0.065625
17 0.0921875 0.6859375 0.10703125 0.0671875
18 0.44296875 0.73046875 0.0859375 0.06875
18 0.35625 0.646875 0.0921875 0.05390625
19 0.39765625 0.2828125 0.05234375 0.096875
19 0.34296875 0.3765625 0.059375 0.090625
20 0.41484375 0.38515625 0.06796875 0.0671875
20 0.0984375 0.42265625 0.07734375 0.065625
21 0.44765625 0.94140625 0.096875 0.0734375
21 0.23828125 0.725 0.04609375 0.090625
22 0.5078125 0.090625 0.184375 0.0828125
23 0.4578125 0.5046875 0.059375 0.06015625