0 0.33203125 0.64765625 0.14375 0.12578125
0 0.328125 0.7640625 0.1765625 0.0953125
1 0.82421875 0.2234375 0.10546875 0.17578125
1 0.43125 0.43203125 0.20546875 0.04296875
2 0.23515625 0.23984375 0.1015625 0.1078125
2 0.49296875 0.36328125 0.096875 0.0875
3 0.89609375 0.26875 0.065625 0.14375
3 0.5875 0.45078125 0.0796875 0.08203125
4 0.425 0.7890625 0.1359375 0.09140625
4 0.2 0.60546875 0.0859375 0.12734375
8 0.18671875 0.87734375 0.14375 0.078125
8 0.178125 0.9359375 0.0875 0.0953125
9 0.3234375 0.48671875 0.13046875 0.05625
9 0.5578125 0.215625 0.134375 0.04921875
10 0.1453125 0.675 0.06015625 0.096875
10 0.58515625 0.2578125 0.0859375 0.06171875
11 0.57109375 0.31015625 0.11640625 0.04140625
11 0.28828125 0.73984375 0.09453125 0.07734375
5 0.77734375 0.37265625 0.0703125 0.08046875
5 0.22265625 0.7984375 0.1140625 0.05078125
6 0.071875 0.85078125 0.08359375 0.10703125
6 0.66875 0.1890625 0.0640625 0.08671875
7 0.18984375 0.4921875 0.06640625 0.08984375
7 0.79140625 0.275 0.0546875 0.08359375
12 0.62421875 0.37421875 0.09296875 0.059375
12 0.67578125 0.3046875 0.08984375 0.06015625
13 0.6765625 0.271875 0.09921875 0.053125
13 0.2671875 0.82734375 0.0984375 0.04296875
14 0.21328125 0.725 0.0921875 0.0515625
14 0.19140625 0.63203125 0.0875 0.04453125
15 0.72109375 0.21484375 0.0546875 0.0734375
15 0.68515625 0.35859375 0.084375 0.04609375
16 0.47734375 0.47109375 0.07265625 0.06953125
16 0.71171875 0.4890625 0.0578125 0.06015625
17 0.25 0.6828125 0.06875 0.05078125
17 0.74765625 0.32890625 0.07109375 0.04375
18 0.6484375 0.48203125 0.0421875 0.06484375
18 0.12265625 0.6859375 0.04609375 0.04765625
19 0.7171875 0.4484375 0.06640625 0.034375
19 0.7953125 0.21875 0.065625 0.040625
20 0.2015625 0.67421875 0.03984375 0.04140625
20 0.3296875 0.7953125 0.0390625 0.04609375
21 0.55 0.27890625 0.05703125 0.03046875
21 0.29765625 0.78828125 0.0390625 0.053125
22 0.91796875 0.0734375 0.0984375 0.1140625
23 0.834375 0.19140625 0.0640625 0.034375