0 0.49296875 0.6109375 0.1640625 0.19296875
0 0.23671875 0.4203125 0.1375 0.18203125
1 0.7234375 0.12734375 0.2109375 0.165625
1 0.44765625 0.18828125 0.24453125 0.08046875
2 0.17421875 0.6625 0.19453125 0.115625
2 0.31171875 0.6921875 0.19453125 0.1078125
3 0.42890625 0.4140625 0.175 0.10546875
3 0.4296875 0.14140625 0.19453125 0.06328125
4 0.6859375 0.678125 0.1609375 0.08828125
4 0.18203125 0.52734375 0.14296875 0.08359375
8 0.6296875 0.73203125 0.0875 0.165625
8 0.65625 0.61875 0.15546875 0.1125
9 0.77890625 0.48828125 0.1359375 0.1171875
9 0.71328125 0.60078125 0.16953125 0.06328125
10 0.29140625 0.88359375 0.1109375 0.121875
10 0.6546875 0.75 0.1484375 0.06953125
11 0.5953125 0.15625 0.14453125 0.07421875
11 0.31484375 0.27109375 0.1515625 0.07265625
5 0.74921875 0.53671875 0.14140625 0.07265625
5 0.43984375 0.26484375 0.13046875 0.09453125
6 0.64140625 0.14609375 0.1390625 0.09140625
6 0.07578125 0.4578125 0.1125 0.1234375
7 0.41484375 0.3984375 0.09453125 0.1109375
7 0.525 0.87578125 0.08203125 0.1375
12 0.7015625 0.071875 0.125 0.09765625
12 0.51171875 0.8109375 0.11640625 0.06640625
13 0.5515625 0.3921875 0.07890625 0.10390625
13 0.4609375 0.790625 0.1359375 0.05078125
14 0.61171875 0.36875 0.05859375 0.10078125
14 0.56796875 0.3109375 0.0890625 0.10234375
15 0.48828125 0.375 0.0765625 0.07890625
15 0.65859375 0.37578125 0.09296875 0.08359375
16 0.36015625 0.43671875 0.05546875 0.09453125
16 0.48203125 0.30859375 0.11796875 0.04453125
17 0.2328125 0.87578125 0.10546875 0.07265625
17 0.9171875 0.37109375 0.0734375 0.09609375
18 0.25703125 0.58046875 0.07890625 0.05390625
18 0.5796875 0.3359375 0.05546875 0.06953125
19 0.5390625 0.75390625 0.075 0.06796875
19 0.41640625 0.853125 0.09609375 0.05234375
20 0.6765625 0.659375 0.07109375 0.04765625
20 0.19375 0.6125 0.0734375 0.04453125
21 0.52421875 0.60859375 0.08046875 0.04921875
21 0.5796875 0.4015625 0.0375 0.04296875
22 0.54765625 0.85546875 0.15546875 0.08203125
22 0.22578125 0.61328125 0.14453125 0.09921875