0 0.40390625 0.1859375 0.03828125 0.28125
0 0.73046875 0.8828125 0.0796875 0.175
1 0.24375 0.740625 0.1328125 0.13359375
1 0.8453125 0.6578125 0.1640625 0.0953125
2 0.1875 0.5265625 0.1296875 0.15
2 0.91015625 0.79765625 0.0984375 0.19296875
3 0.70390625 0.7359375 0.06328125 0.1515625
3 0.29140625 0.04375 0.159375 0.08671875
4 0.62578125 0.7296875 0.1109375 0.146875
4 0.41796875 0.74921875 0.1390625 0.0546875
8 0.6359375 0.2890625 0.0828125 0.1453125
8 0.38359375 0.67265625 0.11640625 0.071875
9 0.171875 0.2890625 0.06875 0.11015625
9 0.75390625 0.84296875 0.065625 0.14140625
10 0.59765625 0.1859375 0.11953125 0.06640625
10 0.62265625 0.84609375 0.10078125 0.08671875
11 0.7953125 0.9390625 0.11328125 0.06875
11 0.28359375 0.44453125 0.034375 0.1515625
5 0.68671875 0.81328125 0.0375 0.15
5 0.20703125 0.63203125 0.08203125 0.10625
6 0.715625 0.62578125 0.09375 0.06015625
6 0.43515625 0.24765625 0.059375 0.128125
7 0.6453125 0.378125 0.0640625 0.1265625
7 0.1734375 0.43671875 0.06875 0.13828125
12 0.915625 0.58515625 0.07578125 0.09140625
12 0.51796875 0.3265625 0.065625 0.09375
13 0.221875 0.36171875 0.04765625 0.11171875
13 0.49765625 0.1734375 0.08828125 0.05
14 0.36484375 0.40546875 0.0609375 0.10703125
14 0.5640625 0.44765625 0.0609375 0.08984375
15 0.66484375 0.9046875 0.0828125 0.0734375
15 0.40859375 0.58984375 0.06875 0.05859375
16 0.425 0.34453125 0.075 0.06015625
16 0.51015625 0.50625 0.05 0.0703125
17 0.61953125 0.9578125 0.075 0.06875
17 0.59921875 0.428125 0.0484375 0.06796875
18 0.84609375 0.54375 0.040625 0.078125
18 0.36171875 0.2265625 0.0375 0.096875
19 0.84375 0.6859375 0.05703125 0.06328125
19 0.51484375 0.45859375 0.06015625 0.04375
20 0.38203125 0.6953125 0.02734375 0.06796875
20 0.74453125 0.28515625 0.0578125 0.05
21 0.85625 0.86796875 0.06328125 0.06171875
21 0.02890625 0.41875 0.05703125 0.0546875
22 0.803125 0.33359375 0.0734375 0.0765625
22 0.096875 0.4078125 0.084375 0.0953125