0 0.265625 0.353125 0.09140625 0.15859375
0 0.0984375 0.48984375 0.08359375 0.11953125
1 0.50703125 0.4671875 0.1375 0.16171875
1 0.51484375 0.3390625 0.14921875 0.153125
2 0.64140625 0.66796875 0.08359375 0.171875
2 0.8953125 0.44375 0.1015625 0.18203125
3 0.8765625 0.26640625 0.07421875 0.18515625
3 0.4640625 0.659375 0.1375 0.07421875
4 0.2671875 0.09609375 0.1015625 0.13125
4 0.2703125 0.159375 0.12734375 0.07734375
8 0.4453125 0.4921875 0.10546875 0.11484375
8 0.42265625 0.81953125 0.08984375 0.13671875
9 0.84765625 0.5703125 0.0484375 0.15625
9 0.13984375 0.284375 0.06015625 0.12265625
10 0.73046875 0.8921875 0.09921875 0.11953125
10 0.15234375 0.68359375 0.08359375 0.128125
11 0.796875 0.64140625 0.11640625 0.0609375
11 0.39921875 0.55625 0.0703125 0.1125
5 0.4390625 0.89453125 0.07734375 0.12421875
5 0.71875 0.31015625 0.07109375 0.12265625
6 0.240625 0.25078125 0.0953125 0.07265625
6 0.5875 0.1984375 0.08359375 0.1046875
7 0.18984375 0.690625 0.0640625 0.125
7 0.37421875 0.3515625 0.08984375 0.09296875
12 0.59296875 0.45625 0.0703125 0.09296875
12 0.69453125 0.11796875 0.075 0.09921875
13 0.56953125 0.1375 0.08984375 0.0484375
13 0.18671875 0.44765625 0.0609375 0.09609375
14 0.4671875 0.2078125 0.075 0.0828125
14 0.63828125 0.18125 0.08984375 0.0453125
15 0.34453125 0.53125 0.07421875 0.08046875
15 0.1953125 0.26640625 0.0578125 0.0890625
16 0.62734375 0.1265625 0.08125 0.0671875
16 0.4015625 0.06640625 0.06015625 0.0828125
17 0.3625 0.17890625 0.05390625 0.08046875
17 0.275 0.46640625 0.05390625 0.08125
18 0.32578125 0.1703125 0.05859375 0.07265625
18 0.16875 0.8328125 0.07734375 0.05703125
19 0.1421875 0.44296875 0.0609375 0.0671875
19 0.4890625 0.09453125 0.06640625 0.0609375
20 0.3359375 0.47421875 0.04140625 0.0625
20 0.44375 0.31875 0.04140625 0.06015625
21 0.42578125 0.6421875 0.06015625 0.0421875
21 0.3765625 0.2515625 0.06015625 0.05078125
22 0.42421875 0.23515625 0.0703125 0.11484375
22 0.48515625 0.1734375 0.07890625 0.0875