0 0.1296875 0.7046875 0.15 0.14921875
0 0.125 0.50703125 0.134375 0.1921875
1 0.71171875 0.684375 0.103125 0.13984375
1 0.12890625 0.14921875 0.13828125 0.1546875
2 0.9265625 0.846875 0.0796875 0.2109375
2 0.3890625 0.85234375 0.09375 0.1734375
3 0.14375 0.884375 0.0671875 0.190625
3 0.121875 0.22109375 0.05 0.19375
4 0.34609375 0.85078125 0.125 0.06328125
4 0.07890625 0.715625 0.10078125 0.153125
8 0.48203125 0.33046875 0.09375 0.1515625
8 0.109375 0.4671875 0.05234375 0.175
9 0.19765625 0.303125 0.10703125 0.08671875
9 0.05390625 0.5203125 0.10390625 0.08671875
10 0.45546875 0.5859375 0.090625 0.12890625
10 0.15078125 0.4421875 0.08515625 0.11953125
11 0.3046875 0.21015625 0.08359375 0.11171875
11 0.478125 0.50390625 0.0953125 0.07578125
5 0.22890625 0.5796875 0.046875 0.13515625
5 0.35703125 0.23828125 0.04375 0.15625
6 0.3265625 0.75859375 0.0796875 0.09296875
6 0.275 0.46875 0.0671875 0.09296875
7 0.31171875 0.6109375 0.0796875 0.09765625
7 0.2890625 0.87734375 0.053125 0.14453125
12 0.38046875 0.6125 0.07890625 0.06640625
12 0.1859375 0.71640625 0.03671875 0.12578125
13 0.25859375 0.91953125 0.06015625 0.10078125
13 0.22421875 0.26328125 0.0765625 0.06015625
14 0.4671875 0.70546875 0.0828125 0.05078125
14 0.92265625 0.63828125 0.08515625 0.06796875
15 0.3796875 0.69921875 0.07265625 0.05703125
15 0.29765625 0.74375 0.0640625 0.06484375
16 0.3203125 0.47578125 0.06328125 0.06328125
16 0.27265625 0.5578125 0.04296875 0.10078125
17 0.471875 0.453125 0.0484375 0.07421875
17 0.171875 0.20703125 0.05859375 0.07734375
18 0.5140625 0.58515625 0.03984375 0.09296875
18 0.39453125 0.26796875 0.04375 0.08828125
19 0.2546875 0.20390625 0.0546875 0.06484375
19 0.47421875 0.28203125 0.0421875 0.08515625
20 0.4671875 0.79453125 0.04609375 0.06171875
20 0.32578125 0.36015625 0.03671875 0.07421875
21 0.340625 0.80859375 0.0453125 0.05546875
21 0.14609375 0.38203125 0.04609375 0.06796875
22 0.26953125 0.109375 0.06953125 0.14921875
22 0.3359375 0.2515625 0.0984375 0.06796875