0 0.34921875 0.715625 0.15703125 0.1375
0 0.72109375 0.13359375 0.13515625 0.16953125
1 0.7046875 0.34609375 0.2375 0.07890625
1 0.69921875 0.2109375 0.190625 0.1484375
2 0.17421875 0.5828125 0.1609375 0.1203125
2 0.32421875 0.903125 0.1640625 0.15546875
3 0.07578125 0.784375 0.096875 0.1125
3 0.5484375 0.54609375 0.16328125 0.05859375
4 0.740625 0.5359375 0.0625 0.16640625
4 0.13515625 0.64609375 0.08125 0.18828125
8 0.4953125 0.28671875 0.128125 0.15390625
8 0.5046875 0.65078125 0.18203125 0.05859375
9 0.6203125 0.415625 0.096875 0.1078125
9 0.4703125 0.63515625 0.153125 0.0546875
10 0.64453125 0.0671875 0.1515625 0.09609375
10 0.7484375 0.7078125 0.11640625 0.125
11 0.6734375 0.52109375 0.11171875 0.0640625
11 0.4859375 0.6703125 0.109375 0.071875
5 0.5125 0.70390625 0.12421875 0.05859375
5 0.71484375 0.3140625 0.12265625 0.04375
6 0.90078125 0.65078125 0.1328125 0.0703125
6 0.77578125 0.64375 0.140625 0.0640625
7 0.4234375 0.425 0.1140625 0.0875
7 0.8484375 0.3953125 0.071875 0.103125
12 0.58125 0.5515625 0.07890625 0.08359375
12 0.665625 0.55625 0.04921875 0.1078125
13 0.45390625 0.59921875 0.10703125 0.04609375
13 0.3375 0.79453125 0.1 0.053125
14 0.79921875 0.40234375 0.09765625 0.07890625
14 0.57265625 0.61796875 0.09375 0.07734375
15 0.93203125 0.503125 0.078125 0.09609375
15 0.5078125 0.5515625 0.0953125 0.05
16 0.640625 0.46015625 0.0515625 0.0875
16 0.575 0.628125 0.0375 0.08359375
17 0.4828125 0.38203125 0.0515625 0.0765625
17 0.8265625 0.2625 0.06796875 0.07890625
18 0.3453125 0.8703125 0.08515625 0.04375
18 0.09453125 0.6921875 0.08125 0.071875
19 0.1609375 0.740625 0.0625 0.07421875
19 0.60703125 0.065625 0.09140625 0.04140625
20 0.8046875 0.48828125 0.06171875 0.0546875
20 0.4234375 0.590625 0.04609375 0.0375
21 0.69375 0.46953125 0.05 0.05078125
21 0.67578125 0.56953125 0.06875 0.0390625
22 0.7015625 0.43046875 0.11328125 0.0703125
22 0.54921875 0.43515625 0.084375 0.09609375
23 0.790625 0.46015625 0.06015625 0.04609375