0 0.66015625 0.4671875 0.16015625 0.1765625
0 0.39140625 0.271875 0.10078125 0.18828125
1 0.39765625 0.14609375 0.09765625 0.24375
1 0.47421875 0.759375 0.203125 0.05859375
2 0.875 0.27421875 0.18984375 0.0703125
2 0.78671875 0.50234375 0.18984375 0.06875
3 0.56171875 0.88359375 0.090625 0.159375
3 0.09375 0.23671875 0.09765625 0.1546875
4 0.64375 0.5875 0.16328125 0.0671875
4 0.4921875 0.53125 0.09921875 0.11796875
8 0.76171875 0.61015625 0.1203125 0.12578125
8 0.7109375 0.18125 0.1515625 0.12578125
9 0.25703125 0.3921875 0.09765625 0.13359375
9 0.1984375 0.6359375 0.0875 0.13984375
10 0.521875 0.275 0.0828125 0.103125
10 0.82890625 0.778125 0.07578125 0.14609375
11 0.5421875 0.54921875 0.07578125 0.11328125
11 0.3421875 0.51484375 0.1140625 0.06015625
5 0.596875 0.7015625 0.084375 0.10546875
5 0.5328125 0.36796875 0.059375 0.11328125
6 0.68046875 0.6703125 0.08125 0.11953125
6 0.8421875 0.35390625 0.084375 0.0875
7 0.3296875 0.20390625 0.059375 0.11640625
7 0.45859375 0.753125 0.03828125 0.11328125
12 0.36015625 0.55 0.065625 0.11171875
12 0.13828125 0.459375 0.10390625 0.05390625
13 0.6546875 0.85078125 0.10703125 0.06015625
13 0.13671875 0.71796875 0.0625 0.1015625
14 0.1203125 0.63359375 0.0921875 0.0921875
14 0.5390625 0.73515625 0.08125 0.075
15 0.8046875 0.38984375 0.090625 0.06171875
15 0.89140625 0.41015625 0.059375 0.090625
16 0.7265625 0.73046875 0.06640625 0.0875
16 0.67109375 0.46875 0.06640625 0.06875
17 0.7609375 0.74140625 0.06796875 0.078125
17 0.8546875 0.5640625 0.07421875 0.0703125
18 0.6328125 0.4984375 0.0546875 0.0703125
18 0.55859375 0.44140625 0.04296875 0.0734375
19 0.6046875 0.30703125 0.0640625 0.0703125
19 0.4 0.28515625 0.07890625 0.04296875
20 0.359375 0.31328125 0.053125 0.04765625
20 0.2546875 0.45 0.0515625 0.04453125
21 0.34609375 0.4203125 0.0546875 0.06171875
21 0.20703125 0.45078125 0.0578125 0.03671875
22 0.81484375 0.440625 0.1125 0.11484375
22 0.5703125 0.1734375 0.07578125 0.10390625
23 0.2046875 0.5265625 0.05078125 0.06015625