0 0.934375 0.603125 0.09296875 0.1359375
0 0.72109375 0.70078125 0.04453125 0.2078125
1 0.10234375 0.37578125 0.1625 0.1359375
1 0.78125 0.78359375 0.09375 0.0953125
2 0.6671875 0.846875 0.13984375 0.0953125
2 0.80234375 0.6046875 0.15546875 0.11015625
3 0.8546875 0.4859375 0.0890625 0.11015625
3 0.11796875 0.4765625 0.15390625 0.0515625
4 0.6890625 0.82734375 0.11875 0.10703125
4 0.74375 0.51484375 0.14609375 0.05078125
8 0.52734375 0.64609375 0.0703125 0.13359375
8 0.7046875 0.9296875 0.0890625 0.1171875
9 0.71953125 0.803125 0.0890625 0.09375
9 0.2578125 0.115625 0.13046875 0.0875
10 0.665625 0.60625 0.0859375 0.1125
10 0.67109375 0.9015625 0.09921875 0.08984375
11 0.5296875 0.71171875 0.10625 0.06484375
11 0.734375 0.365625 0.09765625 0.06875
5 0.590625 0.884375 0.07109375 0.1125
5 0.8265625 0.46640625 0.08359375 0.0984375
6 0.3765625 0.1140625 0.10234375 0.09765625
6 0.76484375 0.41640625 0.05390625 0.09453125
7 0.75390625 0.7234375 0.0578125 0.10703125
7 0.078125 0.13203125 0.11953125 0.059375
12 0.5890625 0.67421875 0.0421875 0.09375
12 0.7390625 0.40546875 0.05 0.078125
13 0.80859375 0.57109375 0.09296875 0.078125
13 0.6421875 0.728125 0.08984375 0.065625
14 0.05546875 0.41953125 0.0609375 0.08984375
14 0.69453125 0.41796875 0.0703125 0.08125
15 0.6359375 0.9328125 0.04375 0.08515625
15 0.4375 0.04453125 0.08359375 0.05859375
16 0.55078125 0.88203125 0.05234375 0.0703125
16 0.57734375 0.8625 0.06015625 0.05859375
17 0.15546875 0.53515625 0.06953125 0.0515625
17 0.7421875 0.46875 0.065625 0.0609375
18 0.175 0.446875 0.06015625 0.0515625
18 0.20390625 0.51796875 0.05 0.0625
19 0.265625 0.184375 0.05234375 0.06171875
19 0.1640625 0.50078125 0.05703125 0.04609375
20 0.28359375 0.096875 0.04296875 0.0546875
20 0.78828125 0.82890625 0.0578125 0.03828125
21 0.81875 0.41171875 0.04765625 0.0578125
21 0.6078125 0.91484375 0.040625 0.04921875
22 0.334375 0.16328125 0.10078125 0.0984375
22 0.2125 0.12578125 0.12890625 0.06875