0 0.11953125 0.6625 0.08046875 0.23046875
0 0.2546875 0.54609375 0.1890625 0.140625
1 0.7515625 0.51328125 0.14375 0.14296875
1 0.7015625 0.6140625 0.1703125 0.18515625
2 0.45078125 0.39609375 0.190625 0.0875
2 0.315625 0.80625 0.19375 0.065625
3 0.31796875 0.54140625 0.11875 0.14921875
3 0.4375 0.37421875 0.1671875 0.140625
4 0.4515625 0.29375 0.13984375 0.14609375
4 0.371875 0.28359375 0.15234375 0.103125
8 0.07890625 0.7125 0.08046875 0.17890625
8 0.3 0.8921875 0.18671875 0.1
9 0.4015625 0.52421875 0.08046875 0.14921875
9 0.63671875 0.45546875 0.06875 0.16328125
10 0.56328125 0.8671875 0.16015625 0.07890625
10 0.4234375 0.6734375 0.08359375 0.13203125
11 0.44609375 0.92109375 0.1265625 0.0828125
11 0.4546875 0.64609375 0.125 0.0859375
5 0.4515625 0.20546875 0.115625 0.11015625
5 0.321875 0.7265625 0.1203125 0.07734375
6 0.33828125 0.67421875 0.11875 0.0734375
6 0.41484375 0.66328125 0.115625 0.1
7 0.37890625 0.87890625 0.1265625 0.12734375
7 0.3078125 0.8375 0.13984375 0.05
12 0.10078125 0.55625 0.0921875 0.1203125
12 0.6546875 0.20390625 0.08515625 0.11640625
13 0.484375 0.58828125 0.06484375 0.11875
13 0.73671875 0.18515625 0.0515625 0.125
14 0.24296875 0.7609375 0.10390625 0.06328125
14 0.240625 0.58515625 0.046875 0.11875
15 0.66953125 0.0734375 0.10859375 0.06875
15 0.90390625 0.25859375 0.06328125 0.11015625
16 0.77109375 0.403125 0.1 0.07890625
16 0.6890625 0.73984375 0.06015625 0.11328125
17 0.17578125 0.58359375 0.05703125 0.084375
17 0.70859375 0.41953125 0.0546875 0.09765625
18 0.7625 0.50546875 0.0671875 0.08046875
18 0.18828125 0.71015625 0.053125 0.08203125
19 0.2953125 0.39453125 0.06484375 0.084375
19 0.18671875 0.8140625 0.08515625 0.05703125
20 0.6609375 0.13828125 0.06484375 0.06171875
20 0.109375 0.8234375 0.071875 0.06328125
21 0.721875 0.7 0.06015625 0.07890625
21 0.734375 0.26796875 0.053125 0.07734375
22 0.1921875 0.67734375 0.11484375 0.1171875
22 0.38125 0.5078125 0.11875 0.12734375