0 0.73125 0.52578125 0.15078125 0.17734375
0 0.61015625 0.625 0.1953125 0.1828125
1 0.759375 0.2953125 0.2328125 0.1359375
1 0.1890625 0.7125 0.16796875 0.2171875
2 0.56328125 0.61015625 0.11875 0.1390625
2 0.725 0.1765625 0.20703125 0.11875
3 0.4 0.23046875 0.17109375 0.14765625
3 0.83046875 0.53125 0.09140625 0.22578125
4 0.6046875 0.51328125 0.115625 0.2234375
4 0.184375 0.725 0.134375 0.14453125
8 0.2875 0.88046875 0.178125 0.14296875
8 0.4375 0.096875 0.24609375 0.0703125
9 0.31640625 0.78203125 0.1171875 0.1328125
9 0.10546875 0.26484375 0.09140625 0.14765625
10 0.0703125 0.4140625 0.08671875 0.184375
10 0.43125 0.7109375 0.121875 0.12421875
11 0.26875 0.48046875 0.12734375 0.134375
11 0.5375 0.4421875 0.1375 0.10703125
5 0.55546875 0.30234375 0.1328125 0.121875
5 0.21015625 0.33671875 0.159375 0.1046875
6 0.1265625 0.47109375 0.140625 0.12578125
6 0.26640625 0.1453125 0.08515625 0.16015625
7 0.53671875 0.78515625 0.08515625 0.14765625
7 0.34453125 0.625 0.11171875 0.11328125
12 0.2078125 0.54921875 0.15078125 0.05859375
12 0.18671875 0.28671875 0.12578125 0.07734375
13 0.82890625 0.4046875 0.12890625 0.06171875
13 0.2390625 0.59609375 0.1359375 0.05
14 0.71875 0.3890625 0.10703125 0.10703125
14 0.5296875 0.1875 0.10546875 0.1
15 0.409375 0.76953125 0.10859375 0.06171875
15 0.80078125 0.34765625 0.0828125 0.0859375
16 0.3890625 0.48828125 0.06484375 0.11171875
16 0.3921875 0.3984375 0.0984375 0.07734375
17 0.44453125 0.85625 0.115625 0.05703125
17 0.475 0.4375 0.075 0.1
18 0.66796875 0.7640625 0.06640625 0.1
18 0.22578125 0.6890625 0.1015625 0.053125
19 0.2609375 0.45078125 0.06953125 0.09296875
19 0.30234375 0.40078125 0.08125 0.0828125
20 0.7484375 0.6671875 0.04765625 0.0875
20 0.678125 0.33515625 0.0625 0.0671875
21 0.74140625 0.721875 0.09375 0.053125
21 0.475 0.31171875 0.075 0.06875
22 0.89609375 0.41640625 0.10546875 0.13046875
23 0.1875 0.21796875 0.06953125 0.0703125