0 0.54921875 0.28203125 0.253125 0.08828125
0 0.3390625 0.63828125 0.1640625 0.1640625
1 0.34375 0.4109375 0.18046875 0.184375
1 0.5125 0.2953125 0.19296875 0.17109375
2 0.7296875 0.3609375 0.2125 0.0609375
2 0.62265625 0.56015625 0.0875 0.14375
3 0.6015625 0.2234375 0.1484375 0.115625
3 0.32578125 0.68046875 0.140625 0.096875
4 0.40859375 0.83828125 0.1296875 0.18125
4 0.5203125 0.7375 0.053125 0.18828125
8 0.44296875 0.671875 0.1015625 0.17265625
8 0.734375 0.09765625 0.175 0.10859375
9 0.75859375 0.23359375 0.140625 0.15078125
9 0.24921875 0.31484375 0.06640625 0.18828125
10 0.609375 0.06328125 0.14765625 0.09140625
10 0.38515625 0.4515625 0.128125 0.1203125
11 0.646875 0.45625 0.1359375 0.0953125
11 0.27109375 0.45625 0.11953125 0.11328125
5 0.3 0.5421875 0.140625 0.084375
5 0.53515625 0.13828125 0.13203125 0.09453125
6 0.3703125 0.23671875 0.125 0.103125
6 0.24375 0.4875 0.1046875 0.11484375
7 0.6421875 0.74140625 0.10859375 0.12890625
7 0.20390625 0.34765625 0.0484375 0.14765625
12 0.9390625 0.3140625 0.09453125 0.1203125
12 0.31328125 0.7046875 0.09765625 0.0765625
13 0.09375 0.36953125 0.08203125 0.121875
13 0.0625 0.3875 0.06640625 0.13515625
14 0.48515625 0.19140625 0.10859375 0.07265625
14 0.69296875 0.396875 0.0984375 0.0546875
15 0.25859375 0.73046875 0.09453125 0.08125
15 0.54453125 0.61484375 0.0625 0.11328125
16 0.58359375 0.38359375 0.06796875 0.096875
16 0.6109375 0.6921875 0.07265625 0.096875
17 0.06953125 0.27578125 0.103125 0.059375
17 0.56171875 0.7484375 0.06953125 0.096875
18 0.425 0.75078125 0.08203125 0.06953125
18 0.20625 0.75 0.06796875 0.06796875
19 0.771875 0.93828125 0.1 0.07421875
19 0.66796875 0.3296875 0.08515625 0.05390625
20 0.19140625 0.60625 0.0734375 0.0625
20 0.47109375 0.6375 0.0625 0.06640625
21 0.81171875 0.2421875 0.0734375 0.0609375
21 0.6609375 0.77890625 0.08046875 0.059375
22 0.16171875 0.390625 0.065625 0.16640625