0 0.6703125 0.7359375 0.16796875 0.17890625
0 0.61015625 0.83203125 0.21171875 0.09453125
1 0.71953125 0.38046875 0.1484375 0.12421875
1 0.75859375 0.64453125 0.10390625 0.16640625
2 0.0875 0.38203125 0.0828125 0.2296875
2 0.22109375 0.4703125 0.21015625 0.08984375
3 0.35078125 0.85625 0.146875 0.11875
3 0.5390625 0.25 0.12578125 0.1859375
4 0.28828125 0.6953125 0.08515625 0.19453125
4 0.6703125 0.2296875 0.17109375 0.12890625
8 0.68515625 0.51875 0.0984375 0.153125
8 0.4015625 0.653125 0.07265625 0.18125
9 0.1890625 0.5671875 0.16015625 0.10078125
9 0.7140625 0.0890625 0.140625 0.11171875
10 0.1484375 0.49453125 0.12890625 0.11875
10 0.4 0.58828125 0.109375 0.09453125
11 0.90625 0.13359375 0.13046875 0.12421875
11 0.63125 0.7890625 0.075 0.1515625
5 0.20859375 0.64921875 0.090625 0.1078125
5 0.35625 0.5234375 0.13125 0.11875
6 0.45 0.76640625 0.07734375 0.12421875
6 0.646875 0.22265625 0.15078125 0.0671875
7 0.13125 0.75546875 0.13671875 0.0671875
7 0.2375 0.50625 0.14609375 0.09140625
12 0.79609375 0.50859375 0.115625 0.071875
12 0.70078125 0.30390625 0.12890625 0.05078125
13 0.2671875 0.8921875 0.0640625 0.12890625
13 0.54140625 0.63828125 0.096875 0.09375
14 0.5171875 0.37265625 0.0828125 0.1078125
14 0.47109375 0.68515625 0.10625 0.078125
15 0.7375 0.52890625 0.059375 0.103125
15 0.1171875 0.6546875 0.084375 0.1109375
16 0.51484375 0.53203125 0.06171875 0.10234375
16 0.3734375 0.753125 0.10546875 0.05078125
17 0.6296875 0.59140625 0.096875 0.06953125
17 0.3421875 0.7859375 0.08515625 0.065625
18 0.6765625 0.17109375 0.0921875 0.06171875
18 0.44453125 0.47109375 0.09453125 0.05078125
19 0.59375 0.47578125 0.0578125 0.08125
19 0.41640625 0.20234375 0.06796875 0.08359375
20 0.68515625 0.634375 0.07734375 0.04375
20 0.53671875 0.71171875 0.04609375 0.065625
21 0.56171875 0.184375 0.05625 0.0703125
21 0.47890625 0.5875 0.05625 0.06171875
22 0.10625 0.6578125 0.1390625 0.09140625
23 0.60390625 0.6375 0.04609375 0.06953125