0 0.76015625 0.2 0.1984375 0.11015625
0 0.29765625 0.340625 0.12109375 0.26875
1 0.5765625 0.31171875 0.05859375 0.2765625
1 0.2453125 0.27265625 0.2265625 0.12890625
2 0.2375 0.80234375 0.20546875 0.1328125
2 0.359375 0.7265625 0.2 0.0875
3 0.76875 0.64609375 0.10390625 0.19453125
3 0.5015625 0.77890625 0.15859375 0.10078125
4 0.78515625 0.41875 0.134375 0.1609375
4 0.87265625 0.2890625 0.16796875 0.0953125
8 0.15234375 0.66640625 0.184375 0.103125
8 0.478125 0.2171875 0.1125 0.15859375
9 0.34765625 0.09921875 0.15390625 0.12890625
9 0.859375 0.40234375 0.17109375 0.0875
10 0.71171875 0.559375 0.14296875 0.07890625
10 0.8484375 0.09765625 0.11640625 0.1140625
11 0.25625 0.4140625 0.1265625 0.084375
11 0.36796875 0.6359375 0.10859375 0.08046875
5 0.6671875 0.37734375 0.1515625 0.078125
5 0.596875 0.59296875 0.146875 0.08203125
6 0.24296875 0.90390625 0.09140625 0.1328125
6 0.45078125 0.23203125 0.140625 0.096875
7 0.259375 0.50703125 0.1484375 0.08828125
7 0.70078125 0.67109375 0.10390625 0.1125
12 0.328125 0.80234375 0.0984375 0.09296875
12 0.15859375 0.15 0.0859375 0.0734375
13 0.2125 0.61640625 0.13046875 0.065625
13 0.765625 0.49765625 0.109375 0.08203125
14 0.50390625 0.4171875 0.0859375 0.0671875
14 0.340625 0.4 0.071875 0.10703125
15 0.21015625 0.83828125 0.1125 0.08203125
15 0.5390625 0.36015625 0.08046875 0.0765625
16 0.40078125 0.13828125 0.0984375 0.06171875
16 0.2390625 0.25234375 0.096875 0.075
17 0.284375 0.6078125 0.06640625 0.08828125
17 0.59375 0.6296875 0.09609375 0.05078125
18 0.42265625 0.5890625 0.06796875 0.075
18 0.60078125 0.53046875 0.0734375 0.05625
19 0.37109375 0.45546875 0.071875 0.07109375
19 0.05 0.65703125 0.05859375 0.08203125
20 0.51171875 0.096875 0.05390625 0.06171875
20 0.41015625 0.7328125 0.0734375 0.04296875
21 0.1203125 0.728125 0.084375 0.046875
21 0.73984375 0.4234375 0.07890625 0.06875