0 0.1234375 0.27109375 0.178125 0.14453125
0 0.46640625 0.71328125 0.05078125 0.21953125
1 0.43125 0.36796875 0.078125 0.21640625
1 0.34921875 0.83515625 0.1359375 0.1125
2 0.50546875 0.5 0.1390625 0.0890625
2 0.48203125 0.8171875 0.15078125 0.0734375
3 0.55390625 0.665625 0.13828125 0.10234375
3 0.375 0.74765625 0.13828125 0.09765625
4 0.2078125 0.72109375 0.14453125 0.09609375
4 0.86875 0.69765625 0.08046875 0.16875
8 0.5 0.421875 0.05859375 0.1609375
8 0.46015625 0.346875 0.09453125 0.13515625
9 0.75546875 0.33828125 0.07421875 0.14609375
9 0.07578125 0.48359375 0.07265625 0.1640625
10 0.52734375 0.76328125 0.10625 0.0796875
10 0.69609375 0.3640625 0.07265625 0.13671875
11 0.7515625 0.7828125 0.0484375 0.13828125
11 0.84609375 0.74765625 0.1140625 0.0875
5 0.55078125 0.88125 0.09296875 0.1234375
5 0.628125 0.834375 0.0921875 0.10703125
6 0.15703125 0.58125 0.08046875 0.13203125
6 0.8734375 0.3796875 0.10234375 0.11875
7 0.66015625 0.171875 0.0984375 0.115625
7 0.653125 0.43515625 0.07421875 0.125
12 0.68828125 0.9046875 0.06484375 0.121875
12 0.6953125 0.35625 0.090625 0.084375
13 0.75859375 0.58828125 0.05 0.1265625
13 0.39140625 0.42265625 0.0640625 0.10390625
14 0.36875 0.36953125 0.0546875 0.1125
14 0.39921875 0.07265625 0.10234375 0.06640625
15 0.409375 0.5671875 0.06171875 0.09765625
15 0.30390625 0.228125 0.06796875 0.10859375
16 0.33515625 0.59921875 0.08203125 0.0734375
16 0.59296875 0.09453125 0.0640625 0.10390625
17 0.87890625 0.32890625 0.0640625 0.09296875
17 0.8640625 0.53515625 0.0703125 0.0875
18 0.70703125 0.4875 0.05078125 0.084375
18 0.58125 0.24609375 0.05 0.09296875
19 0.53046875 0.5828125 0.06875 0.06015625
19 0.77734375 0.3859375 0.04609375 0.0859375
20 0.821875 0.3109375 0.0546875 0.06796875
20 0.9171875 0.52421875 0.0578125 0.06015625
21 0.56171875 0.36953125 0.06015625 0.06953125
21 0.9453125 0.56328125 0.05859375 0.0734375
22 0.84609375 0.84921875 0.08828125 0.13828125
22 0.7 0.79375 0.0703125 0.13671875