0 0.690625 0.5234375 0.11015625 0.20703125
0 0.16015625 0.3484375 0.05390625 0.2328125
1 0.38359375 0.81953125 0.17265625 0.15703125
1 0.79375 0.471875 0.21953125 0.05546875
2 0.740625 0.3890625 0.15546875 0.1234375
2 0.44296875 0.10859375 0.14921875 0.13984375
3 0.090625 0.5375 0.08125 0.16328125
3 0.678125 0.665625 0.16328125 0.0625
4 0.3953125 0.6015625 0.11875 0.13359375
4 0.5390625 0.596875 0.0625 0.15
8 0.71328125 0.27421875 0.08125 0.121875
8 0.45390625 0.346875 0.125 0.08046875
9 0.25 0.57890625 0.05625 0.15
9 0.33203125 0.13046875 0.10546875 0.0828125
10 0.5859375 0.9 0.12421875 0.10546875
10 0.2578125 0.2109375 0.06171875 0.13046875
11 0.42890625 0.4390625 0.05859375 0.11796875
11 0.66875 0.653125 0.08671875 0.115625
5 0.2390625 0.5546875 0.13515625 0.04609375
5 0.8578125 0.22578125 0.096875 0.1078125
6 0.8953125 0.4359375 0.1140625 0.09375
6 0.6 0.53671875 0.08984375 0.11015625
7 0.34296875 0.3328125 0.06484375 0.11484375
7 0.8203125 0.69375 0.0765625 0.11953125
12 0.48984375 0.490625 0.0875 0.08671875
12 0.796875 0.5828125 0.05 0.11015625
13 0.5515625 0.31796875 0.08984375 0.08671875
13 0.4359375 0.45703125 0.10546875 0.06875
14 0.2796875 0.34140625 0.0953125 0.0671875
14 0.3984375 0.2796875 0.06015625 0.103125
15 0.17265625 0.7859375 0.08125 0.0828125
15 0.5609375 0.2421875 0.09375 0.07890625
16 0.73125 0.18046875 0.07109375 0.071875
16 0.2546875 0.44921875 0.10390625 0.04375
17 0.809375 0.5109375 0.0828125 0.059375
17 0.8390625 0.94453125 0.08125 0.078125
18 0.6109375 0.146875 0.06875 0.06875
18 0.1265625 0.3515625 0.05 0.08046875
19 0.48515625 0.89765625 0.08515625 0.0484375
19 0.70078125 0.1171875 0.08515625 0.04765625
20 0.55390625 0.14296875 0.05 0.0671875
20 0.65703125 0.1609375 0.05625 0.05234375
21 0.47578125 0.12734375 0.06875 0.05546875
21 0.63671875 0.05703125 0.0703125 0.053125
22 0.890625 0.31640625 0.09140625 0.1125
23 0.63125 0.21796875 0.06875 0.04765625