0 0.29765625 0.3 0.2015625 0.16875
0 0.17734375 0.1921875 0.19140625 0.09140625
1 0.19296875 0.50625 0.18359375 0.1359375
1 0.40859375 0.33828125 0.203125 0.1453125
2 0.80703125 0.18828125 0.203125 0.13359375
2 0.41796875 0.79375 0.13359375 0.09296875
3 0.50703125 0.14609375 0.10703125 0.16484375
3 0.86796875 0.45234375 0.2203125 0.08359375
4 0.471875 0.17109375 0.146875 0.1703125
4 0.15703125 0.771875 0.11015625 0.1765625
8 0.0703125 0.38125 0.1 0.1109375
8 0.1953125 0.64453125 0.146875 0.11015625
9 0.50859375 0.675 0.15 0.09765625
9 0.14140625 0.578125 0.153125 0.121875
10 0.3640625 0.50078125 0.1453125 0.10234375
10 0.41484375 0.9203125 0.203125 0.0625
11 0.6109375 0.934375 0.16796875 0.08203125
11 0.77109375 0.684375 0.08203125 0.121875
5 0.28984375 0.475 0.1765625 0.06953125
5 0.659375 0.7171875 0.18828125 0.04609375
6 0.26015625 0.40078125 0.15 0.10078125
6 0.64140625 0.82578125 0.11328125 0.1359375
7 0.54921875 0.3078125 0.08828125 0.1265625
7 0.21953125 0.13671875 0.1453125 0.10625
12 0.5046875 0.4625 0.11015625 0.096875
12 0.69921875 0.37734375 0.08203125 0.10625
13 0.7640625 0.21171875 0.125 0.078125
13 0.30078125 0.534375 0.11484375 0.0703125
14 0.50078125 0.61015625 0.11171875 0.0734375
14 0.87578125 0.64921875 0.071875 0.11875
15 0.4203125 0.4890625 0.096875 0.08125
15 0.6546875 0.64921875 0.1234375 0.0484375
16 0.171875 0.365625 0.0765625 0.09765625
16 0.27890625 0.31640625 0.13515625 0.0421875
17 0.57890625 0.32890625 0.06484375 0.0796875
17 0.309375 0.05546875 0.11796875 0.0484375
18 0.35703125 0.23984375 0.0734375 0.06953125
18 0.45390625 0.85 0.078125 0.07734375
19 0.26015625 0.27265625 0.06015625 0.05859375
19 0.4640625 0.29375 0.0546875 0.06953125
20 0.15 0.61015625 0.06640625 0.0546875
20 0.565625 0.13203125 0.075 0.05234375
21 0.41953125 0.31640625 0.06484375 0.0734375
21 0.37421875 0.5140625 0.08515625 0.05078125
22 0.68515625 0.2578125 0.11640625 0.103125
22 0.1734375 0.7453125 0.18984375 0.06015625