0 0.8515625 0.60546875 0.14296875 0.165625
0 0.60390625 0.7890625 0.07578125 0.19609375
1 0.771875 0.7203125 0.06171875 0.21015625
1 0.57734375 0.48203125 0.2359375 0.06640625
2 0.12890625 0.2140625 0.109375 0.0875
2 0.35859375 0.2828125 0.12734375 0.09296875
3 0.4375 0.8078125 0.159375 0.07421875
3 0.47890625 0.6234375 0.18359375 0.04296875
4 0.2953125 0.5640625 0.07578125 0.14140625
4 0.090625 0.08828125 0.09296875 0.121875
8 0.534375 0.521875 0.165625 0.075
8 0.64453125 0.5609375 0.1375 0.1171875
9 0.25 0.14296875 0.10390625 0.11875
9 0.19921875 0.35234375 0.0921875 0.1203125
10 0.49609375 0.759375 0.1359375 0.06953125
10 0.3875 0.57421875 0.121875 0.07734375
11 0.140625 0.13515625 0.1140625 0.0796875
11 0.71796875 0.7515625 0.078125 0.071875
5 0.4390625 0.934375 0.1265625 0.0859375
5 0.53828125 0.84375 0.0671875 0.10390625
6 0.2453125 0.509375 0.0875 0.109375
6 0.14609375 0.3546875 0.08125 0.065625
7 0.3203125 0.19765625 0.1140625 0.08515625
7 0.37890625 0.12265625 0.07578125 0.10625
12 0.30078125 0.41171875 0.109375 0.06953125
12 0.42734375 0.49453125 0.07578125 0.090625
13 0.6421875 0.65546875 0.0796875 0.08515625
13 0.70078125 0.65234375 0.0578125 0.0953125
14 0.17109375 0.4453125 0.0921875 0.0828125
14 0.259375 0.3125 0.09296875 0.071875
15 0.221875 0.4859375 0.0796875 0.0796875
15 0.64921875 0.7875 0.0796875 0.075
16 0.21328125 0.2625 0.1109375 0.0421875
16 0.22109375 0.31796875 0.0765625 0.071875
17 0.45390625 0.146875 0.05234375 0.08203125
17 0.61171875 0.2546875 0.06328125 0.0765625
18 0.48515625 0.58203125 0.0703125 0.0640625
18 0.334375 0.4578125 0.0671875 0.0375
19 0.4296875 0.2015625 0.053125 0.06953125
19 0.47734375 0.22109375 0.046875 0.07265625
20 0.54453125 0.23671875 0.07421875 0.0578125
20 0.1984375 0.3546875 0.0453125 0.05
21 0.43359375 0.59296875 0.08203125 0.03984375
21 0.559375 0.74296875 0.046875 0.05
22 0.215625 0.075 0.14296875 0.07109375
23 0.6671875 0.75625 0.05625 0.05