0 0.47890625 0.47421875 0.13984375 0.17890625
0 0.6359375 0.57578125 0.1453125 0.1828125
1 0.74296875 0.8125 0.165625 0.146875
1 0.453125 0.7390625 0.2421875 0.15078125
2 0.31875 0.62109375 0.13359375 0.1609375
2 0.47890625 0.87109375 0.1015625 0.19765625
3 0.23125 0.2515625 0.22421875 0.11328125
3 0.36953125 0.1359375 0.21328125 0.13125
4 0.79765625 0.56328125 0.096875 0.2
4 0.91796875 0.51171875 0.10234375 0.2
8 0.09453125 0.4234375 0.08828125 0.17109375
8 0.69609375 0.38984375 0.08203125 0.21328125
9 0.23359375 0.86796875 0.178125 0.1
9 0.24609375 0.36640625 0.1328125 0.1484375
10 0.596875 0.3953125 0.140625 0.12890625
10 0.34609375 0.484375 0.14765625 0.1171875
11 0.653125 0.20625 0.08828125 0.16875
11 0.28046875 0.803125 0.1125 0.0765625
5 0.6375 0.1765625 0.15390625 0.0703125
5 0.278125 0.4171875 0.14296875 0.1
6 0.571875 0.7328125 0.14296875 0.078125
6 0.54921875 0.0859375 0.13984375 0.12734375
7 0.41875 0.859375 0.13359375 0.10390625
7 0.2640625 0.3125 0.07890625 0.1546875
12 0.79375 0.4 0.13359375 0.08828125
12 0.278125 0.746875 0.11953125 0.0703125
13 0.4171875 0.48984375 0.1109375 0.08828125
13 0.44375 0.30546875 0.1171875 0.115625
14 0.709375 0.7453125 0.11328125 0.078125
14 0.3296875 0.56640625 0.040625 0.15078125
15 0.62265625 0.36328125 0.09921875 0.07265625
15 0.04453125 0.496875 0.05234375 0.12109375
16 0.509375 0.775 0.0859375 0.1015625
16 0.76953125 0.54453125 0.06953125 0.11015625
17 0.44296875 0.55390625 0.084375 0.0609375
17 0.27109375 0.7359375 0.0640625 0.0921875
18 0.8953125 0.51796875 0.09296875 0.0625
18 0.365625 0.38359375 0.05390625 0.09453125
19 0.4515625 0.2 0.096875 0.0671875
19 0.3171875 0.109375 0.046875 0.10546875
20 0.72890625 0.30234375 0.04453125 0.08828125
20 0.21796875 0.69921875 0.06796875 0.06640625
21 0.34921875 0.4640625 0.0609375 0.0765625
21 0.559375 0.1515625 0.05 0.08203125
22 0.14765625 0.41328125 0.06328125 0.16640625
23 0.1203125 0.55625 0.05703125 0.0765625