0 0.3828125 0.11484375 0.07265625 0.2078125
0 0.6640625 0.284375 0.15 0.08515625
1 0.528125 0.128125 0.12265625 0.1359375
1 0.878125 0.6109375 0.08125 0.2015625
2 0.125 0.57265625 0.08359375 0.15078125
2 0.21328125 0.25859375 0.08125 0.14765625
3 0.5078125 0.1703125 0.0484375 0.1703125
3 0.14296875 0.7984375 0.121875 0.08125
4 0.34609375 0.215625 0.096875 0.11484375
4 0.83359375 0.37109375 0.0953125 0.11875
8 0.35078125 0.51953125 0.1078125 0.096875
8 0.28671875 0.8828125 0.11953125 0.06953125
9 0.2890625 0.7875 0.10390625 0.06953125
9 0.19296875 0.50078125 0.059375 0.14296875
10 0.29921875 0.840625 0.0953125 0.0546875
10 0.63828125 0.5203125 0.09296875 0.0640625
11 0.74609375 0.25859375 0.0609375 0.1140625
11 0.73125 0.62734375 0.046875 0.12421875
5 0.6453125 0.4734375 0.0921875 0.0578125
5 0.0421875 0.546875 0.0546875 0.1390625
6 0.15234375 0.74453125 0.0671875 0.12265625
6 0.14609375 0.353125 0.08515625 0.10078125
7 0.66328125 0.21796875 0.0671875 0.10625
7 0.3140625 0.6984375 0.09140625 0.071875
12 0.15 0.2859375 0.0703125 0.06640625
12 0.36640625 0.359375 0.0828125 0.05859375
13 0.80390625 0.80078125 0.05078125 0.1046875
13 0.41484375 0.6203125 0.03984375 0.11484375
14 0.31796875 0.753125 0.06796875 0.06171875
14 0.284375 0.78359375 0.03046875 0.10078125
15 0.1375 0.21953125 0.04140625 0.10234375
15 0.35703125 0.3671875 0.065625 0.0875
16 0.2265625 0.3390625 0.06796875 0.06015625
16 0.409375 0.24765625 0.06328125 0.07578125
17 0.546875 0.8546875 0.059375 0.06796875
17 0.5640625 0.91875 0.04609375 0.08671875
18 0.73984375 0.17890625 0.05078125 0.06640625
18 0.06328125 0.4375 0.03671875 0.0890625
19 0.559375 0.35390625 0.0421875 0.07734375
19 0.2953125 0.67578125 0.0515625 0.0640625
20 0.16484375 0.21953125 0.0328125 0.06953125
20 0.34296875 0.3984375 0.04609375 0.04296875
21 0.09453125 0.57578125 0.05859375 0.0421875
21 0.7109375 0.2015625 0.0484375 0.0421875
22 0.9421875 0.67109375 0.08671875 0.1140625
23 0.18125 0.3703125 0.0453125 0.046875