0 0.31796875 0.4875 0.1171875 0.06953125
0 0.2640625 0.7015625 0.0765625 0.19375
1 0.51796875 0.33515625 0.0359375 0.23515625
1 0.846875 0.36640625 0.12109375 0.146875
2 0.36328125 0.79296875 0.09765625 0.13671875
2 0.2140625 0.5765625 0.07578125 0.171875
3 0.1953125 0.83515625 0.0796875 0.1125
3 0.9390625 0.265625 0.1 0.08671875
4 0.1171875 0.4109375 0.06171875 0.15859375
4 0.371875 0.53203125 0.08984375 0.06796875
8 0.48515625 0.87421875 0.08515625 0.0984375
8 0.303125 0.19609375 0.0734375 0.12109375
9 0.27890625 0.08203125 0.0875 0.0578125
9 0.16796875 0.71640625 0.08515625 0.059375
10 0.26015625 0.4484375 0.06484375 0.1171875
10 0.434375 0.19609375 0.03359375 0.13828125
11 0.45390625 0.77421875 0.0515625 0.1140625
11 0.49140625 0.40625 0.040625 0.12265625
5 0.06796875 0.41875 0.046875 0.1359375
5 0.665625 0.3765625 0.05234375 0.12421875
6 0.29609375 0.925 0.0703125 0.08359375
6 0.07890625 0.865625 0.04921875 0.1296875
7 0.28125 0.13515625 0.06796875 0.08515625
7 0.53359375 0.7109375 0.07109375 0.08203125
12 0.78359375 0.18671875 0.0640625 0.08828125
12 0.9421875 0.2375 0.0640625 0.06171875
13 0.721875 0.21015625 0.0390625 0.1171875
13 0.42734375 0.63671875 0.06015625 0.06328125
14 0.509375 0.778125 0.05625 0.08359375
14 0.15546875 0.76875 0.05390625 0.0796875
15 0.46953125 0.67265625 0.05390625 0.078125
15 0.128125 0.5046875 0.05703125 0.05625
16 0.5421875 0.4125 0.04765625 0.06640625
16 0.26640625 0.3453125 0.0546875 0.05625
17 0.32578125 0.36796875 0.04921875 0.06328125
17 0.62578125 0.2015625 0.040625 0.08828125
18 0.54609375 0.3109375 0.04296875 0.06171875
18 0.24296875 0.81953125 0.04140625 0.04921875
19 0.6015625 0.70625 0.046875 0.06484375
19 0.38515625 0.42421875 0.04453125 0.0578125
20 0.35546875 0.5875 0.03671875 0.06953125
20 0.75859375 0.24375 0.0359375 0.0578125
21 0.50390625 0.503125 0.04453125 0.059375
21 0.1625 0.82421875 0.0296875 0.06953125
22 0.06015625 0.8546875 0.08359375 0.0765625
23 0.22109375 0.8625 0.04375 0.059375