0 0.325 0.22265625 0.13828125 0.08203125
0 0.57109375 0.17109375 0.18515625 0.11953125
1 0.6 0.37734375 0.11484375 0.06640625
1 0.7203125 0.28203125 0.06640625 0.16640625
2 0.4671875 0.39765625 0.12421875 0.0859375
2 0.6203125 0.2421875 0.0984375 0.134375
3 0.3703125 0.11328125 0.0984375 0.1125
3 0.29140625 0.13671875 0.0921875 0.115625
4 0.39296875 0.25390625 0.14140625 0.08125
4 0.50546875 0.43984375 0.06171875 0.12734375
8 0.7703125 0.25 0.05703125 0.12265625
8 0.3765625 0.09765625 0.15078125 0.084375
9 0.50234375 0.12265625 0.053125 0.11171875
9 0.5953125 0.246875 0.13984375 0.06484375
10 0.640625 0.11015625 0.11875 0.0609375
10 0.625 0.203125 0.11171875 0.0828125
11 0.55625 0.33046875 0.0984375 0.05078125
11 0.76875 0.309375 0.0921875 0.071875
5 0.70703125 0.10234375 0.06953125 0.10234375
5 0.8984375 0.96875 0.128125 0.0421875
6 0.4796875 0.31015625 0.075 0.07578125
6 0.3953125 0.23203125 0.10234375 0.06953125
7 0.22265625 0.196875 0.06953125 0.08203125
7 0.815625 0.2984375 0.084375 0.08515625
12 0.10546875 0.2 0.0828125 0.0796875
12 0.1515625 0.22421875 0.11328125 0.040625
13 0.45546875 0.240625 0.0625 0.06796875
13 0.4578125 0.05 0.0734375 0.0578125
14 0.60078125 0.30859375 0.07578125 0.06171875
14 0.49296875 0.2734375 0.03984375 0.078125
15 0.225 0.66328125 0.08515625 0.0640625
15 0.15859375 0.44765625 0.06640625 0.0640625
16 0.4453125 0.1703125 0.07734375 0.0671875
16 0.2203125 0.390625 0.065625 0.06796875
17 0.2953125 0.6328125 0.06796875 0.0546875
17 0.0765625 0.4390625 0.09453125 0.03046875
18 0.10703125 0.46875 0.075 0.04453125
18 0.24765625 0.1484375 0.05859375 0.0546875
19 0.625 0.87265625 0.04921875 0.06484375
19 0.203125 0.2 0.05703125 0.0453125
20 0.1078125 0.296875 0.06640625 0.0375
20 0.0796875 0.4015625 0.046875 0.03984375
21 0.76640625 0.12578125 0.05625 0.0515625
21 0.515625 0.78203125 0.0640625 0.04453125
22 0.15234375 0.215625 0.06640625 0.10546875
23 0.265625 0.08203125 0.06171875 0.04453125