0 0.77734375 0.63671875 0.17734375 0.228125
0 0.30390625 0.3296875 0.225 0.2375
1 0.73984375 0.18203125 0.23359375 0.21484375
1 0.6421875 0.63515625 0.3578125 0.071875
2 0.653125 0.303125 0.27265625 0.08125
2 0.5046875 0.1453125 0.290625 0.1125
3 0.16171875 0.48203125 0.146875 0.14453125
3 0.12265625 0.34375 0.16484375 0.16171875
4 0.77421875 0.79609375 0.12578125 0.159375
4 0.3734375 0.5921875 0.2515625 0.059375
8 0.365625 0.6828125 0.19296875 0.11953125
8 0.665625 0.11875 0.09921875 0.15
9 0.2734375 0.3890625 0.07578125 0.184375
9 0.63203125 0.37578125 0.15546875 0.12890625
10 0.76875 0.89375 0.09765625 0.15390625
10 0.67109375 0.36171875 0.11328125 0.125
11 0.4984375 0.540625 0.13984375 0.10234375
11 0.77734375 0.2921875 0.1875 0.0625
5 0.165625 0.25390625 0.2140625 0.078125
5 0.56796875 0.18828125 0.19453125 0.06640625
6 0.61484375 0.7375 0.09765625 0.10078125
6 0.3453125 0.5765625 0.0921875 0.12734375
7 0.8609375 0.49296875 0.1890625 0.07265625
7 0.13125 0.3890625 0.078125 0.14453125
12 0.40625 0.5 0.1046875 0.11953125
12 0.37421875 0.63671875 0.11875 0.10078125
13 0.88515625 0.53828125 0.0953125 0.08984375
13 0.43828125 0.34375 0.1578125 0.05078125
14 0.67109375 0.24453125 0.1625 0.0703125
14 0.7140625 0.6796875 0.0796875 0.1125
15 0.41328125 0.40625 0.0828125 0.1046875
15 0.26484375 0.54921875 0.11875 0.08984375
16 0.8640625 0.234375 0.134375 0.071875
16 0.5171875 0.38828125 0.13828125 0.06640625
17 0.653125 0.4 0.08515625 0.09453125
17 0.5671875 0.6921875 0.06875 0.07421875
18 0.821875 0.55546875 0.06875 0.0796875
18 0.5046875 0.2125 0.109375 0.05859375
19 0.4484375 0.13359375 0.065625 0.096875
19 0.22421875 0.41015625 0.0796875 0.07265625
20 0.8859375 0.16484375 0.10078125 0.0625
20 0.5421875 0.66953125 0.05859375 0.05546875
21 0.675 0.73203125 0.06171875 0.0796875
21 0.48203125 0.43203125 0.090625 0.053125
22 0.50078125 0.64140625 0.0640625 0.15
22 0.5859375 0.0984375 0.08828125 0.16171875