0 0.34921875 0.30546875 0.2484375 0.1875
0 0.33984375 0.503125 0.14375 0.15703125
1 0.26796875 0.17109375 0.2296875 0.19296875
1 0.73359375 0.28671875 0.11171875 0.1671875
2 0.28125 0.446875 0.1265625 0.13515625
2 0.3765625 0.71875 0.225 0.09140625
3 0.4171875 0.19140625 0.209375 0.1390625
3 0.62578125 0.26484375 0.18515625 0.2078125
4 0.55390625 0.11953125 0.178125 0.17421875
4 0.49765625 0.6859375 0.20546875 0.1640625
8 0.39765625 0.43125 0.1203125 0.1859375
8 0.56953125 0.20546875 0.1609375 0.1609375
9 0.69921875 0.87109375 0.1015625 0.1046875
9 0.3015625 0.6625 0.09296875 0.11640625
10 0.1234375 0.490625 0.103125 0.1453125
10 0.73671875 0.29375 0.0671875 0.17109375
11 0.534375 0.59765625 0.13203125 0.11171875
11 0.51484375 0.621875 0.0890625 0.14375
5 0.51953125 0.246875 0.13046875 0.1046875
5 0.78125 0.15859375 0.14609375 0.1671875
6 0.82421875 0.64375 0.1015625 0.13671875
6 0.7421875 0.48359375 0.1765625 0.0640625
7 0.571875 0.64296875 0.13515625 0.078125
7 0.59296875 0.465625 0.1046875 0.0984375
12 0.20234375 0.38984375 0.0859375 0.1203125
12 0.54609375 0.91875 0.1015625 0.0640625
13 0.81328125 0.3234375 0.071875 0.15546875
13 0.5265625 0.29921875 0.05859375 0.125
14 0.13203125 0.36953125 0.06875 0.11015625
14 0.68125 0.340625 0.10625 0.08984375
15 0.66484375 0.11171875 0.11484375 0.0640625
15 0.63828125 0.72265625 0.09296875 0.10859375
16 0.63046875 0.771875 0.090625 0.1015625
16 0.6921875 0.43125 0.1015625 0.08125
17 0.9015625 0.46875 0.08046875 0.11171875
17 0.65078125 0.46328125 0.06015625 0.0984375
18 0.86640625 0.634375 0.09296875 0.0578125
18 0.7078125 0.746875 0.0734375 0.0796875
19 0.50703125 0.4609375 0.0734375 0.0828125
19 0.559375 0.80703125 0.0515625 0.05078125
20 0.85703125 0.68046875 0.0734375 0.0640625
20 0.4484375 0.71484375 0.06015625 0.04921875
21 0.6078125 0.3765625 0.0734375 0.0796875
21 0.7734375 0.73125 0.06171875 0.0578125
22 0.62578125 0.85 0.071875 0.11640625
22 0.8359375 0.86015625 0.18671875 0.06953125