0 0.3421875 0.28046875 0.09765625 0.2265625
0 0.25 0.63046875 0.16484375 0.16484375
1 0.4875 0.45 0.153125 0.1546875
1 0.22421875 0.81328125 0.15703125 0.10390625
2 0.30234375 0.78828125 0.109375 0.19296875
2 0.45078125 0.83515625 0.07578125 0.1015625
3 0.4046875 0.93125 0.18125 0.0734375
3 0.4625 0.1796875 0.1171875 0.1578125
4 0.53515625 0.24375 0.1421875 0.0859375
4 0.578125 0.78828125 0.1640625 0.06875
8 0.615625 0.12265625 0.06640625 0.17421875
8 0.471875 0.46953125 0.128125 0.1265625
9 0.1375 0.415625 0.12578125 0.128125
9 0.31640625 0.17734375 0.1328125 0.1125
10 0.67578125 0.29921875 0.0421875 0.1578125
10 0.0671875 0.6375 0.071875 0.1015625
11 0.234375 0.50546875 0.06875 0.13671875
11 0.33671875 0.61953125 0.08515625 0.13671875
5 0.34453125 0.390625 0.11484375 0.08046875
5 0.11328125 0.25390625 0.103125 0.14453125
6 0.490625 0.21484375 0.1140625 0.10234375
6 0.3609375 0.47734375 0.08984375 0.10859375
7 0.53046875 0.33125 0.1125 0.071875
7 0.3671875 0.82734375 0.11171875 0.09140625
12 0.69609375 0.5828125 0.0921875 0.0828125
12 0.62109375 0.6046875 0.0578125 0.12109375
13 0.58125 0.4640625 0.0578125 0.11796875
13 0.34921875 0.4703125 0.06015625 0.10546875
14 0.09140625 0.37109375 0.05 0.14375
14 0.15546875 0.31171875 0.04765625 0.11953125
15 0.2671875 0.41484375 0.05234375 0.109375
15 0.46640625 0.06796875 0.06953125 0.08828125
16 0.47265625 0.34765625 0.0546875 0.08984375
16 0.725 0.30546875 0.05 0.10390625
17 0.56171875 0.58125 0.07421875 0.0703125
17 0.45703125 0.69296875 0.08125 0.0578125
18 0.63046875 0.4734375 0.05546875 0.07734375
18 0.52890625 0.128125 0.06484375 0.06484375
19 0.85234375 0.69453125 0.06015625 0.08984375
19 0.1296875 0.47578125 0.06875 0.0578125
20 0.93828125 0.68828125 0.0625 0.06328125
20 0.4359375 0.3015625 0.05078125 0.0546875
21 0.678125 0.61171875 0.05234375 0.06484375
21 0.409375 0.36875 0.0375 0.07578125
22 0.28515625 0.23828125 0.1359375 0.0828125
23 0.23828125 0.7546875 0.06015625 0.04921875