0 0.7296875 0.665625 0.12734375 0.1421875
0 0.3390625 0.5515625 0.1796875 0.134375
1 0.45234375 0.44765625 0.16171875 0.16171875
1 0.49296875 0.1 0.1671875 0.0984375
2 0.13203125 0.5109375 0.15625 0.14765625
2 0.3375 0.76328125 0.146875 0.16171875
3 0.48359375 0.175 0.22109375 0.0953125
3 0.78828125 0.4859375 0.06796875 0.21953125
4 0.38984375 0.89609375 0.096875 0.16875
4 0.48046875 0.33984375 0.1953125 0.05703125
8 0.45078125 0.26015625 0.20859375 0.08515625
8 0.44921875 0.634375 0.21171875 0.0671875
9 0.590625 0.52109375 0.1578125 0.109375
9 0.26953125 0.72109375 0.18671875 0.0703125
10 0.5171875 0.5859375 0.1546875 0.12109375
10 0.1078125 0.61484375 0.14375 0.1
11 0.66875 0.296875 0.11328125 0.12890625
11 0.809375 0.6875 0.0859375 0.15703125
5 0.72265625 0.221875 0.13828125 0.08984375
5 0.3578125 0.34453125 0.09140625 0.12890625
6 0.553125 0.46171875 0.17578125 0.0625
6 0.42890625 0.7109375 0.12578125 0.11328125
7 0.74453125 0.459375 0.16328125 0.05703125
7 0.21015625 0.3859375 0.16484375 0.05859375
12 0.4046875 0.40234375 0.12734375 0.065625
12 0.22421875 0.2875 0.11875 0.11640625
13 0.784375 0.30546875 0.07890625 0.12578125
13 0.25703125 0.20859375 0.10078125 0.1
14 0.725 0.5328125 0.096875 0.109375
14 0.16484375 0.32890625 0.13671875 0.05234375
15 0.24296875 0.64921875 0.1203125 0.0609375
15 0.59453125 0.41796875 0.10390625 0.0609375
16 0.46328125 0.28515625 0.1109375 0.0625
16 0.43359375 0.36640625 0.109375 0.04921875
17 0.62734375 0.11875 0.0734375 0.10625
17 0.71484375 0.5859375 0.0859375 0.06875
18 0.865625 0.3828125 0.07578125 0.0984375
18 0.7515625 0.546875 0.0734375 0.05859375
19 0.8796875 0.2484375 0.08984375 0.0953125
19 0.21640625 0.36171875 0.09140625 0.04921875
20 0.66875 0.37578125 0.059375 0.0734375
20 0.22734375 0.46875 0.06640625 0.08046875
21 0.35390625 0.18671875 0.0828125 0.08828125
21 0.3 0.47109375 0.0828125 0.06875
22 0.2546875 0.28671875 0.14375 0.1046875
22 0.1078125 0.61484375 0.14375 0.1
23 0.26015625 0.77265625 0.0828125 0.05859375