0 0.20625 0.640625 0.153125 0.109375
0 0.36015625 0.7234375 0.09921875 0.2640625
1 0.3671875 0.8109375 0.22109375 0.18359375
1 0.55546875 0.296875 0.08359375 0.26328125
2 0.4140625 0.253125 0.153125 0.14453125
2 0.66171875 0.6890625 0.17421875 0.1171875
3 0.759375 0.2171875 0.20625 0.146875
3 0.45703125 0.66953125 0.1140625 0.20078125
4 0.5515625 0.2875 0.19921875 0.0875
4 0.50078125 0.6265625 0.184375 0.07421875
8 0.5515625 0.7671875 0.1515625 0.1484375
8 0.4609375 0.22578125 0.1890625 0.0765625
9 0.55 0.0984375 0.1125 0.1578125
9 0.3609375 0.11875 0.15859375 0.1265625
10 0.59921875 0.47265625 0.13125 0.11953125
10 0.10859375 0.7359375 0.16875 0.1
11 0.3546875 0.53359375 0.115625 0.09609375
11 0.8984375 0.45546875 0.08203125 0.15390625
5 0.30859375 0.82421875 0.08984375 0.12734375
5 0.83203125 0.46796875 0.06484375 0.1703125
6 0.4328125 0.6 0.06640625 0.15625
6 0.696875 0.52265625 0.0984375 0.08203125
7 0.1453125 0.80625 0.13671875 0.13515625
7 0.665625 0.696875 0.13671875 0.1328125
12 0.7875 0.5484375 0.08515625 0.1328125
12 0.58828125 0.384375 0.13984375 0.0546875
13 0.28671875 0.309375 0.12578125 0.05625
13 0.4109375 0.23125 0.06953125 0.11328125
14 0.23046875 0.87578125 0.0796875 0.11875
14 0.74765625 0.62421875 0.153125 0.053125
15 0.553125 0.2703125 0.11953125 0.05078125
15 0.278125 0.1109375 0.06328125 0.10546875
16 0.4625 0.928125 0.1109375 0.0953125
16 0.91953125 0.340625 0.06328125 0.1234375
17 0.44453125 0.69921875 0.10390625 0.07265625
17 0.14375 0.58359375 0.09921875 0.07578125
18 0.6734375 0.80625 0.0796875 0.0859375
18 0.5703125 0.8609375 0.08984375 0.0640625
19 0.35625 0.19375 0.06640625 0.06484375
19 0.61796875 0.1234375 0.0953125 0.05859375
20 0.7046875 0.68984375 0.0734375 0.05234375
20 0.5796875 0.19921875 0.06171875 0.06484375
21 0.53046875 0.14140625 0.0765625 0.05078125
21 0.86875 0.4984375 0.04296875 0.078125
22 0.6859375 0.29296875 0.1171875 0.1484375
22 0.2953125 0.62890625 0.06484375 0.15859375