0 0.359375 0.44375 0.2015625 0.13984375
0 0.51875 0.29453125 0.13828125 0.2375
1 0.103125 0.65234375 0.13671875 0.20078125
1 0.15703125 0.33828125 0.18828125 0.2125
2 0.53515625 0.40703125 0.18046875 0.0953125
2 0.55390625 0.32734375 0.11875 0.1828125
3 0.6875 0.42890625 0.18046875 0.10078125
3 0.228125 0.1828125 0.2 0.0859375
4 0.3890625 0.68671875 0.121875 0.16796875
4 0.1046875 0.484375 0.1671875 0.13515625
8 0.48125 0.51171875 0.1109375 0.16015625
8 0.74765625 0.5828125 0.1140625 0.16171875
9 0.21328125 0.7921875 0.17734375 0.10234375
9 0.2359375 0.65078125 0.10234375 0.17109375
10 0.86015625 0.68828125 0.1171875 0.1453125
10 0.3875 0.2109375 0.14921875 0.06953125
11 0.6328125 0.321875 0.1203125 0.096875
11 0.47109375 0.77421875 0.1578125 0.06953125
5 0.4234375 0.7578125 0.115625 0.13203125
5 0.853125 0.484375 0.1546875 0.065625
6 0.23203125 0.64921875 0.14921875 0.06953125
6 0.6640625 0.48984375 0.13359375 0.0578125
7 0.1859375 0.4046875 0.0828125 0.13984375
7 0.35234375 0.87421875 0.09140625 0.16015625
12 0.25 0.37265625 0.08984375 0.10546875
12 0.5953125 0.7796875 0.1171875 0.096875
13 0.6203125 0.5359375 0.11015625 0.0671875
13 0.234375 0.5015625 0.09609375 0.0578125
14 0.3125 0.640625 0.071875 0.11171875
14 0.246875 0.546875 0.10859375 0.05625
15 0.734375 0.74140625 0.10078125 0.07265625
15 0.1984375 0.71640625 0.06640625 0.11171875
16 0.4921875 0.7671875 0.05234375 0.1171875
16 0.34453125 0.47421875 0.078125 0.07890625
17 0.37890625 0.628125 0.0484375 0.10078125
17 0.1921875 0.0875 0.09296875 0.0953125
18 0.4703125 0.67109375 0.0765625 0.0671875
18 0.45703125 0.428125 0.06640625 0.04921875
19 0.67578125 0.6640625 0.0765625 0.07890625
19 0.2640625 0.24921875 0.05234375 0.090625
20 0.31171875 0.34296875 0.05546875 0.08203125
20 0.34140625 0.5921875 0.06328125 0.0578125
21 0.4203125 0.86953125 0.05859375 0.0859375
21 0.86640625 0.56875 0.071875 0.07578125
22 0.6703125 0.3828125 0.11015625 0.1140625
22 0.35078125 0.134375 0.11015625 0.15