0 0.80625 0.6578125 0.16640625 0.1390625
0 0.79765625 0.65390625 0.2140625 0.0796875
1 0.37109375 0.2703125 0.090625 0.17578125
1 0.178125 0.66796875 0.21953125 0.090625
2 0.40546875 0.5796875 0.0671875 0.15546875
2 0.7484375 0.8453125 0.184375 0.046875
3 0.13046875 0.521875 0.14375 0.1125
3 0.75859375 0.34375 0.16953125 0.07265625
4 0.90625 0.3296875 0.11484375 0.13125
4 0.73984375 0.2578125 0.10625 0.12578125
8 0.24296875 0.534375 0.11328125 0.1203125
8 0.74296875 0.09921875 0.09375 0.12265625
9 0.4234375 0.24375 0.14140625 0.09140625
9 0.23671875 0.43828125 0.1453125 0.0640625
10 0.33984375 0.5796875 0.0640625 0.1125
10 0.2875 0.08515625 0.0796875 0.12890625
11 0.6 0.26875 0.12578125 0.07578125
11 0.565625 0.46171875 0.12734375 0.04375
5 0.82734375 0.725 0.07421875 0.10859375
5 0.4453125 0.25 0.096875 0.10390625
6 0.3109375 0.42109375 0.07421875 0.10859375
6 0.3328125 0.6953125 0.07578125 0.1
7 0.11015625 0.39296875 0.14375 0.05390625
7 0.528125 0.128125 0.13828125 0.06640625
12 0.89609375 0.4703125 0.11015625 0.04609375
12 0.69765625 0.49375 0.04453125 0.1
13 0.63359375 0.421875 0.103125 0.06015625
13 0.88984375 0.521875 0.0921875 0.07109375
14 0.82421875 0.5515625 0.09921875 0.03828125
14 0.83984375 0.64375 0.0828125 0.06875
15 0.5234375 0.65703125 0.04921875 0.08671875
15 0.559375 0.596875 0.04765625 0.0796875
16 0.58984375 0.16875 0.08359375 0.075
16 0.31875 0.28203125 0.0953125 0.04609375
17 0.78984375 0.275 0.08828125 0.04375
17 0.6578125 0.62421875 0.07421875 0.06171875
18 0.6203125 0.66875 0.0796875 0.046875
18 0.26640625 0.64296875 0.0796875 0.05546875
19 0.35078125 0.94375 0.053125 0.07578125
19 0.5875 0.36875 0.08125 0.04453125
20 0.721875 0.5453125 0.0671875 0.03359375
20 0.703125 0.578125 0.040625 0.05390625
21 0.75390625 0.56484375 0.06171875 0.0484375
21 0.35703125 0.1625 0.0703125 0.04921875
22 0.2484375 0.31171875 0.14140625 0.06640625
22 0.8875 0.42578125 0.13828125 0.0484375