0 0.58984375 0.540625 0.1953125 0.1125
0 0.78125 0.68671875 0.13515625 0.228125
1 0.51796875 0.62890625 0.15390625 0.22421875
1 0.575 0.26875 0.10390625 0.234375
2 0.3515625 0.51328125 0.1546875 0.1125
2 0.48359375 0.665625 0.13125 0.1828125
3 0.1703125 0.32109375 0.15234375 0.1640625
3 0.7765625 0.67265625 0.13671875 0.15859375
4 0.540625 0.840625 0.171875 0.11640625
4 0.278125 0.67578125 0.05 0.190625
8 0.5046875 0.896875 0.1546875 0.09140625
8 0.28046875 0.40703125 0.17265625 0.0890625
9 0.2734375 0.55625 0.1234375 0.09609375
9 0.31796875 0.0984375 0.09140625 0.1640625
10 0.59375 0.575 0.084375 0.12109375
10 0.925 0.65703125 0.1296875 0.075
11 0.43515625 0.79296875 0.0984375 0.11640625
11 0.87890625 0.815625 0.13125 0.08671875
5 0.4765625 0.24765625 0.09296875 0.1125
5 0.54375 0.525 0.0578125 0.11640625
6 0.20859375 0.87421875 0.14375 0.1140625
6 0.35546875 0.375 0.0828125 0.09921875
7 0.69921875 0.63671875 0.134375 0.0890625
7 0.075 0.6703125 0.096875 0.09609375
12 0.40078125 0.94375 0.121875 0.08046875
12 0.575 0.79296875 0.11328125 0.05625
13 0.325 0.759375 0.09140625 0.11015625
13 0.11640625 0.47734375 0.13515625 0.0484375
14 0.24375 0.3578125 0.10390625 0.07734375
14 0.13515625 0.77890625 0.05546875 0.12890625
15 0.3765625 0.634375 0.08984375 0.06015625
15 0.21796875 0.7140625 0.10390625 0.0609375
16 0.415625 0.70625 0.0734375 0.0890625
16 0.2078125 0.37265625 0.0828125 0.06484375
17 0.08125 0.5484375 0.05546875 0.09609375
17 0.2078125 0.16875 0.0734375 0.0703125
18 0.21953125 0.7875 0.08828125 0.05234375
18 0.44921875 0.3859375 0.0578125 0.07421875
19 0.21953125 0.66171875 0.06328125 0.0609375
19 0.1421875 0.5265625 0.046875 0.07421875
20 0.2078125 0.55859375 0.05546875 0.05390625
20 0.16875 0.2625 0.05 0.0640625
21 0.79921875 0.58984375 0.046875 0.06796875
21 0.37421875 0.4875 0.0484375 0.0609375
22 0.915625 0.56875 0.10546875 0.09609375
22 0.66875 0.8859375 0.07890625 0.16015625