0 0.79765625 0.71015625 0.19140625 0.13125
0 0.4796875 0.63828125 0.15390625 0.13984375
1 0.37578125 0.471875 0.10859375 0.1421875
1 0.740625 0.3640625 0.08984375 0.2
2 0.634375 0.51640625 0.1203125 0.13515625
2 0.48046875 0.41640625 0.07265625 0.07734375
3 0.54375 0.62421875 0.090625 0.16796875
3 0.66875 0.39140625 0.07265625 0.17265625
4 0.77421875 0.509375 0.075 0.1703125
4 0.940625 0.7828125 0.0640625 0.17578125
8 0.19296875 0.54609375 0.0671875 0.1484375
8 0.575 0.41640625 0.1265625 0.06171875
9 0.9 0.65390625 0.1140625 0.1109375
9 0.87109375 0.4734375 0.12578125 0.0515625
10 0.8171875 0.84609375 0.08515625 0.11953125
10 0.33828125 0.30234375 0.046875 0.1390625
11 0.7359375 0.87109375 0.0703125 0.12578125
11 0.82734375 0.3796875 0.078125 0.11484375
5 0.796875 0.3953125 0.0890625 0.09765625
5 0.70546875 0.871875 0.0578125 0.12890625
6 0.33125 0.834375 0.08203125 0.1015625
6 0.4375 0.36328125 0.07890625 0.07265625
7 0.32109375 0.41171875 0.10234375 0.0890625
7 0.30625 0.3265625 0.06015625 0.128125
12 0.54140625 0.55390625 0.053125 0.090625
12 0.2484375 0.49375 0.06796875 0.1046875
13 0.78984375 0.534375 0.04453125 0.115625
13 0.765625 0.87734375 0.05 0.13125
14 0.66953125 0.7234375 0.0703125 0.0796875
14 0.9140625 0.81328125 0.046875 0.11015625
15 0.28515625 0.3421875 0.04921875 0.09765625
15 0.87265625 0.86875 0.04375 0.08828125
16 0.52890625 0.765625 0.028125 0.1
16 0.72890625 0.48828125 0.06640625 0.04921875
17 0.86953125 0.509375 0.06015625 0.0703125
17 0.27734375 0.5546875 0.06640625 0.03828125
18 0.471875 0.965625 0.06328125 0.04921875
18 0.14296875 0.0734375 0.05625 0.08203125
19 0.221875 0.16015625 0.04140625 0.08046875
19 0.02890625 0.121875 0.04140625 0.03359375
20 0.10625 0.06328125 0.05078125 0.06171875
20 0.3890625 0.6 0.0390625 0.0421875
21 0.73125 0.94140625 0.034375 0.06171875
21 0.3484375 0.2921875 0.025 0.06015625
22 0.6359375 0.61015625 0.06796875 0.096875
23 0.65390625 0.52734375 0.03125 0.075