0 0.52265625 0.63046875 0.15625 0.12578125
0 0.475 0.365625 0.08203125 0.2578125
1 0.54453125 0.1796875 0.221875 0.13125
1 0.48046875 0.12421875 0.16328125 0.17734375
2 0.70546875 0.49453125 0.128125 0.1734375
2 0.60625 0.23125 0.2046875 0.09375
3 0.52265625 0.8953125 0.196875 0.103125
3 0.5125 0.7140625 0.16875 0.1140625
4 0.37578125 0.57734375 0.13828125 0.13828125
4 0.23671875 0.74140625 0.159375 0.084375
8 0.74453125 0.284375 0.1671875 0.0890625
8 0.1890625 0.27109375 0.0875 0.18671875
9 0.8984375 0.64609375 0.103125 0.13515625
9 0.6046875 0.746875 0.14375 0.1109375
10 0.3796875 0.2515625 0.06796875 0.14765625
10 0.60390625 0.74609375 0.1421875 0.109375
11 0.76953125 0.36953125 0.13359375 0.1140625
11 0.69453125 0.584375 0.10078125 0.08671875
5 0.3046875 0.11015625 0.11875 0.134375
5 0.3765625 0.3484375 0.12265625 0.0734375
6 0.31328125 0.65546875 0.1046875 0.109375
6 0.1546875 0.55859375 0.128125 0.07890625
7 0.4109375 0.684375 0.1015625 0.0890625
7 0.478125 0.77265625 0.12578125 0.0921875
12 0.475 0.8390625 0.0875 0.07421875
12 0.5359375 0.0625 0.13515625 0.06484375
13 0.4453125 0.4921875 0.06015625 0.10546875
13 0.68671875 0.46796875 0.11875 0.05546875
14 0.13828125 0.41875 0.05 0.125
14 0.246875 0.50234375 0.09765625 0.06640625
15 0.10078125 0.47578125 0.11328125 0.0625
15 0.49765625 0.3546875 0.0640625 0.0796875
16 0.453125 0.29453125 0.10078125 0.0609375
16 0.3671875 0.75234375 0.05 0.1
17 0.24296875 0.90546875 0.103125 0.07890625
17 0.61328125 0.796875 0.0546875 0.0921875
18 0.5296875 0.40859375 0.05546875 0.0828125
18 0.1984375 0.77421875 0.09453125 0.0640625
19 0.71484375 0.771875 0.07421875 0.0796875
19 0.41640625 0.88046875 0.0515625 0.084375
20 0.27265625 0.2265625 0.0515625 0.07890625
20 0.203125 0.240625 0.06015625 0.0609375
21 0.06171875 0.39375 0.07265625 0.06875
21 0.4203125 0.43828125 0.07109375 0.053125
22 0.88671875 0.43515625 0.1203125 0.13046875
22 0.159375 0.56640625 0.09375 0.140625