0 0.74765625 0.4578125 0.075 0.1640625
0 0.590625 0.17421875 0.14609375 0.125
1 0.5125 0.721875 0.0828125 0.1140625
1 0.57578125 0.409375 0.17265625 0.07890625
2 0.38828125 0.87421875 0.0734375 0.0875
2 0.8953125 0.49609375 0.1125 0.09921875
3 0.721875 0.275 0.09375 0.12734375
3 0.29296875 0.690625 0.07109375 0.1234375
4 0.45078125 0.3515625 0.1234375 0.0859375
4 0.55 0.18125 0.0671875 0.14140625
8 0.48046875 0.8921875 0.12421875 0.07734375
8 0.46796875 0.659375 0.12265625 0.0546875
9 0.4734375 0.12109375 0.10390625 0.11328125
9 0.37734375 0.59453125 0.11328125 0.0671875
10 0.7046875 0.15859375 0.07109375 0.10859375
10 0.9453125 0.5125 0.05625 0.0890625
11 0.34140625 0.70546875 0.0984375 0.07421875
11 0.7234375 0.14765625 0.09375 0.075
5 0.5125 0.83359375 0.08515625 0.07890625
5 0.43203125 0.815625 0.0640625 0.11015625
6 0.52265625 0.8 0.08203125 0.07421875
6 0.54609375 0.5546875 0.04765625 0.1125
7 0.334375 0.78984375 0.05703125 0.09140625
7 0.50859375 0.23671875 0.1015625 0.0671875
12 0.45859375 0.70625 0.0625 0.07421875
12 0.55546875 0.91015625 0.08203125 0.0359375
13 0.49765625 0.63203125 0.0828125 0.05859375
13 0.14375 0.27109375 0.05234375 0.10546875
14 0.746875 0.3359375 0.08984375 0.06328125
14 0.1953125 0.7671875 0.06796875 0.09140625
15 0.6328125 0.14375 0.0609375 0.075
15 0.30390625 0.596875 0.0515625 0.06328125
16 0.5078125 0.50390625 0.06640625 0.0578125
16 0.55078125 0.66015625 0.06484375 0.05546875
17 0.42421875 0.709375 0.04765625 0.065625
17 0.5875 0.46640625 0.05625 0.06796875
18 0.4125 0.12421875 0.04375 0.0703125
18 0.2890625 0.028125 0.0625 0.05
19 0.815625 0.215625 0.05546875 0.05859375
19 0.56328125 0.5921875 0.03828125 0.06328125
20 0.04453125 0.634375 0.04921875 0.05703125
20 0.06640625 0.1734375 0.03671875 0.0671875
21 0.25234375 0.45546875 0.05234375 0.05546875
21 0.4484375 0.64140625 0.0328125 0.04609375
22 0.71015625 0.1859375 0.1171875 0.05078125
23 0.62265625 0.3515625 0.04375 0.053125