0 0.32734375 0.83671875 0.0734375 0.1921875
0 0.39921875 0.47421875 0.07265625 0.1953125
1 0.5703125 0.44765625 0.1484375 0.13828125
1 0.29296875 0.77578125 0.16796875 0.15234375
2 0.09765625 0.6859375 0.06796875 0.1640625
2 0.65859375 0.39609375 0.115625 0.13515625
3 0.44375 0.2984375 0.1609375 0.06875
3 0.23984375 0.734375 0.1484375 0.1234375
4 0.440625 0.925 0.09921875 0.08046875
4 0.31484375 0.57578125 0.1296875 0.11015625
8 0.49453125 0.87734375 0.1015625 0.13828125
8 0.49765625 0.70078125 0.06171875 0.13984375
9 0.44921875 0.7921875 0.14921875 0.06796875
9 0.3125 0.48125 0.05625 0.12734375
10 0.14296875 0.4578125 0.13203125 0.0671875
10 0.29921875 0.45234375 0.1109375 0.0640625
11 0.39765625 0.4515625 0.10859375 0.08046875
11 0.40703125 0.1234375 0.0953125 0.10703125
5 0.52421875 0.4578125 0.1109375 0.084375
5 0.64140625 0.2171875 0.13203125 0.046875
6 0.51015625 0.2125 0.07109375 0.1203125
6 0.6390625 0.375 0.0890625 0.0953125
7 0.82109375 0.49453125 0.08203125 0.10390625
7 0.2640625 0.85078125 0.0953125 0.09296875
12 0.0734375 0.5625 0.08671875 0.0875
12 0.38671875 0.76171875 0.10390625 0.0546875
13 0.11171875 0.68515625 0.109375 0.0421875
13 0.92734375 0.6453125 0.078125 0.09453125
14 0.4734375 0.7171875 0.05390625 0.0890625
14 0.2984375 0.91796875 0.08515625 0.07421875
15 0.234375 0.571875 0.065625 0.0703125
15 0.7375 0.525 0.07734375 0.075
16 0.22890625 0.9203125 0.08984375 0.05546875
16 0.26953125 0.75390625 0.08203125 0.06484375
17 0.52109375 0.61796875 0.0734375 0.0546875
17 0.484375 0.3515625 0.06796875 0.075
18 0.38359375 0.19375 0.06796875 0.06484375
18 0.61875 0.0640625 0.07578125 0.0625
19 0.72265625 0.69140625 0.07578125 0.05234375
19 0.1671875 0.53515625 0.05390625 0.065625
20 0.3796875 0.9171875 0.04296875 0.05859375
20 0.534375 0.77578125 0.046875 0.05859375
21 0.48359375 0.55859375 0.0734375 0.03984375
21 0.5953125 0.5109375 0.05625 0.04921875
22 0.14765625 0.86328125 0.08046875 0.11953125
23 0.16484375 0.209375 0.07109375 0.0421875