0 0.2984375 0.26015625 0.2640625 0.115625
0 0.78125 0.53125 0.1796875 0.1125
1 0.1359375 0.25859375 0.1328125 0.18828125
1 0.18359375 0.44375 0.20234375 0.09453125
2 0.22265625 0.53046875 0.1796875 0.20546875
2 0.30625 0.10859375 0.1515625 0.109375
3 0.8671875 0.61640625 0.15390625 0.1234375
3 0.40703125 0.71328125 0.11796875 0.10546875
4 0.33828125 0.8046875 0.08828125 0.18515625
4 0.2609375 0.18125 0.1890625 0.18203125
8 0.55 0.1921875 0.09921875 0.18515625
8 0.88046875 0.70234375 0.17265625 0.09921875
9 0.8453125 0.3515625 0.20390625 0.10234375
9 0.61953125 0.38828125 0.06328125 0.19921875
10 0.51875 0.59140625 0.0859375 0.153125
10 0.20234375 0.36640625 0.1875 0.05390625
11 0.67109375 0.3796875 0.084375 0.146875
11 0.70390625 0.6390625 0.09375 0.128125
5 0.409375 0.2125 0.08828125 0.10234375
5 0.22265625 0.16796875 0.17265625 0.05546875
6 0.31484375 0.5234375 0.12734375 0.09609375
6 0.65078125 0.75703125 0.11015625 0.1078125
7 0.69375 0.29296875 0.08046875 0.10546875
7 0.47578125 0.91796875 0.1125 0.1109375
12 0.37265625 0.453125 0.1046875 0.1109375
12 0.74921875 0.59921875 0.09375 0.08984375
13 0.54375 0.84375 0.06171875 0.1234375
13 0.484375 0.74609375 0.06953125 0.10546875
14 0.75546875 0.83515625 0.103125 0.115625
14 0.46171875 0.765625 0.12890625 0.10546875
15 0.19296875 0.81328125 0.1125 0.09453125
15 0.52734375 0.31875 0.11015625 0.06015625
16 0.39140625 0.40859375 0.10859375 0.08046875
16 0.628125 0.41796875 0.11796875 0.05234375
17 0.84375 0.78671875 0.09921875 0.07890625
17 0.7375 0.890625 0.05625 0.10078125
18 0.584375 0.62421875 0.0859375 0.05703125
18 0.48984375 0.62421875 0.06953125 0.08515625
19 0.678125 0.828125 0.09375 0.06640625
19 0.22734375 0.60390625 0.09140625 0.06484375
20 0.48125 0.196875 0.06015625 0.07421875
20 0.54765625 0.34375 0.084375 0.03984375
21 0.54609375 0.36953125 0.103125 0.04140625
21 0.47265625 0.42109375 0.06953125 0.06171875
22 0.52421875 0.89375 0.15703125 0.09609375
23 0.484375 0.06875 0.103125 0.08671875