0 0.4828125 0.5359375 0.22890625 0.10703125
0 0.2953125 0.62890625 0.1546875 0.13046875
1 0.58984375 0.16171875 0.121875 0.19296875
1 0.48203125 0.28984375 0.1484375 0.165625
2 0.7265625 0.46015625 0.10703125 0.2296875
2 0.54296875 0.32578125 0.1828125 0.078125
3 0.7375 0.1578125 0.1109375 0.14296875
3 0.57734375 0.35703125 0.103125 0.13359375
4 0.6921875 0.56171875 0.1265625 0.165625
4 0.32578125 0.31875 0.06953125 0.184375
8 0.2984375 0.65234375 0.08671875 0.23125
8 0.5921875 0.771875 0.071875 0.12265625
9 0.215625 0.1296875 0.15234375 0.090625
9 0.384375 0.140625 0.06328125 0.1765625
10 0.49296875 0.56171875 0.07265625 0.178125
10 0.28125 0.53203125 0.09765625 0.153125
11 0.94765625 0.309375 0.08046875 0.13828125
11 0.2796875 0.4828125 0.065625 0.175
5 0.73671875 0.3625 0.12265625 0.11953125
5 0.5859375 0.27265625 0.08125 0.18828125
6 0.67421875 0.590625 0.065625 0.165625
6 0.43515625 0.56328125 0.07421875 0.078125
7 0.4609375 0.75859375 0.12421875 0.08125
7 0.11484375 0.18984375 0.07421875 0.11796875
12 0.7046875 0.5015625 0.071875 0.13984375
12 0.5640625 0.85078125 0.10859375 0.08125
13 0.33359375 0.7515625 0.07421875 0.12734375
13 0.396875 0.16328125 0.09609375 0.065625
14 0.50703125 0.14140625 0.1 0.0984375
14 0.63984375 0.65 0.08046875 0.11171875
15 0.4546875 0.43125 0.0890625 0.05703125
15 0.56171875 0.46484375 0.08984375 0.0734375
16 0.40390625 0.4734375 0.0828125 0.0875
16 0.26484375 0.30703125 0.05234375 0.13359375
17 0.08828125 0.2703125 0.07890625 0.0921875
17 0.4171875 0.05703125 0.08046875 0.05703125
18 0.67421875 0.378125 0.0390625 0.096875
18 0.52734375 0.5859375 0.0671875 0.05078125
19 0.43203125 0.325 0.0609375 0.0828125
19 0.46015625 0.6203125 0.0671875 0.04609375
20 0.33828125 0.16796875 0.03671875 0.08125
20 0.421875 0.66796875 0.0453125 0.0875
21 0.2828125 0.075 0.06484375 0.05390625
21 0.05625 0.2140625 0.05 0.065625
22 0.43828125 0.88515625 0.1046875 0.153125
22 0.5703125 0.6640625 0.0890625 0.0953125