0 0.721875 0.8515625 0.1546875 0.0828125
0 0.2359375 0.51640625 0.1078125 0.171875
1 0.63515625 0.7453125 0.14609375 0.10859375
1 0.2171875 0.5875 0.0875 0.12421875
2 0.390625 0.83984375 0.10546875 0.13046875
2 0.56484375 0.1640625 0.05625 0.1578125
3 0.8390625 0.509375 0.084375 0.11171875
3 0.29296875 0.66953125 0.13046875 0.059375
4 0.47890625 0.42421875 0.0484375 0.12890625
4 0.35703125 0.28515625 0.0953125 0.11328125
8 0.803125 0.4078125 0.08359375 0.11796875
8 0.5890625 0.66328125 0.11171875 0.05234375
9 0.72265625 0.33671875 0.05078125 0.11953125
9 0.5265625 0.77265625 0.10390625 0.05078125
10 0.8375 0.3171875 0.0671875 0.10703125
10 0.40078125 0.45078125 0.08125 0.09375
11 0.93984375 0.27109375 0.0671875 0.11171875
11 0.575 0.59375 0.071875 0.08515625
5 0.7984375 0.5515625 0.0703125 0.07890625
5 0.4953125 0.128125 0.096875 0.05234375
6 0.91953125 0.56171875 0.07890625 0.08984375
6 0.60625 0.328125 0.06796875 0.09609375
7 0.284375 0.8203125 0.09375 0.065625
7 0.646875 0.5875 0.03984375 0.10234375
12 0.41953125 0.20390625 0.06015625 0.0890625
12 0.43203125 0.26875 0.075 0.0484375
13 0.546875 0.93359375 0.0671875 0.08359375
13 0.4203125 0.68671875 0.05 0.08359375
14 0.4515625 0.315625 0.04765625 0.0671875
14 0.73203125 0.73671875 0.034375 0.0984375
15 0.62734375 0.15859375 0.0484375 0.08125
15 0.75625 0.66796875 0.06875 0.04140625
16 0.4453125 0.48125 0.04453125 0.0765625
16 0.7421875 0.9390625 0.0671875 0.07578125
17 0.0609375 0.35078125 0.0671875 0.0765625
17 0.68515625 0.265625 0.05859375 0.05703125
18 0.81171875 0.73203125 0.046875 0.06953125
18 0.38046875 0.76953125 0.06328125 0.0375
19 0.53515625 0.5015625 0.0515625 0.05
19 0.63828125 0.446875 0.05078125 0.05703125
20 0.7 0.48359375 0.03671875 0.05234375
20 0.62734375 0.64140625 0.0265625 0.0453125
21 0.603125 0.05078125 0.0578125 0.05
21 0.31796875 0.19765625 0.03828125 0.06953125
22 0.5796875 0.46875 0.06015625 0.0765625
22 0.31328125 0.5015625 0.090625 0.059375