0 0.5609375 0.27734375 0.13203125 0.23984375
0 0.50234375 0.82734375 0.08515625 0.22109375
1 0.1765625 0.86171875 0.2328125 0.09296875
1 0.496875 0.83515625 0.2984375 0.0796875
2 0.490625 0.575 0.10546875 0.11875
2 0.3625 0.4984375 0.1 0.1578125
3 0.47421875 0.2453125 0.1359375 0.1171875
3 0.0828125 0.5875 0.11484375 0.125
4 0.74375 0.17890625 0.1640625 0.1046875
4 0.40625 0.89375 0.18125 0.075
8 0.9140625 0.25859375 0.08671875 0.19921875
8 0.50703125 0.8234375 0.14765625 0.16953125
9 0.3484375 0.67421875 0.17734375 0.0890625
9 0.76796875 0.7359375 0.0875 0.16171875
10 0.68125 0.73515625 0.0921875 0.1375
10 0.5 0.3171875 0.1828125 0.109375
11 0.290625 0.31484375 0.13984375 0.07265625
11 0.23984375 0.628125 0.0828125 0.11171875
5 0.19375 0.49765625 0.0890625 0.1546875
5 0.384375 0.7546875 0.096875 0.1046875
6 0.2046875 0.93984375 0.12109375 0.0796875
6 0.1796875 0.4265625 0.09296875 0.09140625
7 0.60859375 0.39375 0.1171875 0.07421875
7 0.79296875 0.54609375 0.11328125 0.1171875
12 0.46171875 0.3171875 0.0546875 0.1359375
12 0.425 0.8859375 0.06953125 0.09921875
13 0.28828125 0.39296875 0.1 0.0859375
13 0.30390625 0.79296875 0.06640625 0.1078125
14 0.61796875 0.76015625 0.0875 0.0671875
14 0.21484375 0.53515625 0.0890625 0.10625
15 0.1203125 0.76328125 0.0890625 0.09140625
15 0.11796875 0.521875 0.08671875 0.09296875
16 0.7265625 0.28203125 0.07578125 0.10625
16 0.40234375 0.778125 0.06640625 0.0671875
17 0.1875 0.80078125 0.071875 0.096875
17 0.40234375 0.31796875 0.07421875 0.0859375
18 0.4296875 0.56171875 0.0546875 0.08203125
18 0.0875 0.6671875 0.0921875 0.05078125
19 0.3140625 0.5953125 0.06640625 0.07421875
19 0.81796875 0.0359375 0.0703125 0.06875
20 0.475 0.7328125 0.0703125 0.05234375
20 0.28359375 0.44921875 0.04765625 0.08046875
21 0.1078125 0.9203125 0.08515625 0.0703125
21 0.14765625 0.63203125 0.06953125 0.05234375
22 0.49375 0.43046875 0.14375 0.09453125
23 0.51015625 0.64609375 0.0875 0.059375