0 0.38828125 0.7328125 0.24921875 0.1328125
0 0.50390625 0.159375 0.265625 0.078125
1 0.19296875 0.3984375 0.19921875 0.134375
1 0.2984375 0.48671875 0.21796875 0.2390625
2 0.7140625 0.45234375 0.13359375 0.09921875
2 0.33125 0.73828125 0.15234375 0.1671875
3 0.60703125 0.76484375 0.17578125 0.13828125
3 0.48671875 0.89140625 0.08515625 0.17109375
4 0.2671875 0.5671875 0.16953125 0.071875
4 0.05546875 0.36875 0.084375 0.1328125
8 0.5328125 0.3015625 0.06875 0.1609375
8 0.6515625 0.68515625 0.1515625 0.1125
9 0.1359375 0.3296875 0.05546875 0.1546875
9 0.20703125 0.346875 0.10546875 0.11484375
10 0.32109375 0.4578125 0.09453125 0.13515625
10 0.4875 0.61015625 0.12421875 0.06640625
11 0.9109375 0.5078125 0.13125 0.08203125
11 0.4453125 0.37890625 0.11171875 0.05625
5 0.57421875 0.17734375 0.075 0.13515625
5 0.83984375 0.40390625 0.0453125 0.1671875
6 0.39765625 0.19296875 0.12421875 0.059375
6 0.17265625 0.2625 0.0546875 0.13671875
7 0.675 0.36953125 0.09140625 0.12890625
7 0.50234375 0.5109375 0.11796875 0.05859375
12 0.771875 0.5890625 0.103125 0.09140625
12 0.875 0.42734375 0.0515625 0.1171875
13 0.58984375 0.715625 0.09375 0.1046875
13 0.440625 0.29453125 0.0703125 0.096875
14 0.2734375 0.30234375 0.07578125 0.1046875
14 0.725 0.2953125 0.04296875 0.1125
15 0.79140625 0.28984375 0.10234375 0.05625
15 0.2125 0.22578125 0.03984375 0.10390625
16 0.390625 0.509375 0.05703125 0.1140625
16 0.32109375 0.36875 0.04453125 0.0859375
17 0.6421875 0.246875 0.05078125 0.07421875
17 0.234375 0.553125 0.05078125 0.09140625
18 0.6484375 0.1828125 0.07578125 0.06328125
18 0.434375 0.4109375 0.065625 0.053125
19 0.840625 0.234375 0.08125 0.05390625
19 0.90625 0.29140625 0.08203125 0.05078125
20 0.2328125 0.61328125 0.04296875 0.05390625
20 0.2625 0.5625 0.0390625 0.03828125
21 0.5265625 0.4515625 0.06015625 0.04375
21 0.48984375 0.25078125 0.05234375 0.05546875
22 0.434375 0.0625 0.103125 0.09609375
22 0.18203125 0.78515625 0.1265625 0.14296875