0 0.23359375 0.3890625 0.140625 0.10703125
0 0.49140625 0.60859375 0.1140625 0.1796875
1 0.725 0.503125 0.21796875 0.15234375
1 0.85859375 0.52421875 0.128125 0.14453125
2 0.14921875 0.08828125 0.21328125 0.13046875
2 0.203125 0.5625 0.09921875 0.16171875
3 0.31171875 0.74921875 0.10859375 0.12265625
3 0.21875 0.434375 0.2 0.065625
4 0.6734375 0.66953125 0.08515625 0.14296875
4 0.34296875 0.24453125 0.09140625 0.159375
8 0.69765625 0.71484375 0.1390625 0.078125
8 0.29765625 0.2984375 0.09609375 0.14453125
9 0.74296875 0.60390625 0.08671875 0.1234375
9 0.06796875 0.7921875 0.08359375 0.1546875
10 0.21328125 0.21484375 0.1375 0.10390625
10 0.17734375 0.9265625 0.08046875 0.1234375
11 0.759375 0.60703125 0.128125 0.07890625
11 0.41953125 0.603125 0.0703125 0.0921875
5 0.5828125 0.521875 0.1171875 0.0859375
5 0.3515625 0.2765625 0.1234375 0.08515625
6 0.24765625 0.26171875 0.065625 0.1296875
6 0.25625 0.57421875 0.1125 0.0828125
7 0.30625 0.81796875 0.1375 0.05703125
7 0.3 0.7515625 0.140625 0.07890625
12 0.5 0.50703125 0.109375 0.04921875
12 0.653125 0.590625 0.1328125 0.0421875
13 0.14921875 0.80078125 0.1375 0.06328125
13 0.41171875 0.5859375 0.11875 0.046875
14 0.534375 0.30625 0.1171875 0.05703125
14 0.62421875 0.228125 0.1390625 0.0453125
15 0.6046875 0.3796875 0.071875 0.05859375
15 0.096875 0.74921875 0.059375 0.0859375
16 0.46484375 0.43828125 0.115625 0.0421875
16 0.575 0.57890625 0.0484375 0.08359375
17 0.7 0.79140625 0.0578125 0.07890625
17 0.496875 0.203125 0.09453125 0.05
18 0.9484375 0.4453125 0.0546875 0.08125
18 0.56640625 0.33671875 0.075 0.06328125
19 0.153125 0.365625 0.075 0.0609375
19 0.6859375 0.11328125 0.10078125 0.04453125
20 0.64375 0.66328125 0.059375 0.046875
20 0.32734375 0.41171875 0.065625 0.03828125
21 0.371875 0.721875 0.0609375 0.04765625
21 0.3953125 0.73828125 0.05 0.05703125
22 0.0765625 0.65 0.0671875 0.1453125
22 0.90078125 0.34296875 0.09453125 0.09296875