0 0.2796875 0.38984375 0.22265625 0.140625
0 0.521875 0.64375 0.10859375 0.20078125
1 0.19765625 0.475 0.1203125 0.18046875
1 0.284375 0.70625 0.0734375 0.19453125
2 0.8484375 0.5234375 0.175 0.1015625
2 0.74453125 0.3859375 0.1109375 0.15859375
3 0.7265625 0.19765625 0.1109375 0.15546875
3 0.58203125 0.6 0.0640625 0.16484375
4 0.11796875 0.76328125 0.14609375 0.11875
4 0.3671875 0.6703125 0.04609375 0.1546875
8 0.52421875 0.54609375 0.12109375 0.115625
8 0.78046875 0.653125 0.0890625 0.1515625
9 0.4453125 0.36484375 0.1359375 0.07265625
9 0.7984375 0.39375 0.14140625 0.065625
10 0.4 0.31328125 0.125 0.07109375
10 0.56640625 0.22265625 0.0703125 0.12109375
11 0.8828125 0.4625 0.075 0.1015625
11 0.1734375 0.72109375 0.05859375 0.121875
5 0.6421875 0.47265625 0.08515625 0.1125
5 0.71796875 0.7921875 0.1265625 0.0984375
6 0.4546875 0.18203125 0.08125 0.13046875
6 0.14140625 0.49765625 0.0625 0.11875
7 0.34375 0.8875 0.11484375 0.10546875
7 0.80234375 0.21015625 0.0875 0.08515625
12 0.57109375 0.77890625 0.12265625 0.0484375
12 0.78359375 0.4765625 0.09765625 0.05703125
13 0.5484375 0.70625 0.12265625 0.0515625
13 0.77421875 0.275 0.0609375 0.07421875
14 0.82578125 0.31875 0.0609375 0.0984375
14 0.9203125 0.41328125 0.1171875 0.05859375
15 0.5234375 0.27734375 0.04609375 0.08984375
15 0.0578125 0.5625 0.0578125 0.0953125
16 0.38046875 0.47890625 0.0890625 0.05078125
16 0.28203125 0.65625 0.09375 0.06171875
17 0.51171875 0.41796875 0.04609375 0.07578125
17 0.43359375 0.95 0.0671875 0.07421875
18 0.3109375 0.04453125 0.0875 0.0546875
18 0.44140625 0.778125 0.07734375 0.04453125
19 0.690625 0.72890625 0.0890625 0.04296875
19 0.4140625 0.3 0.075 0.0390625
20 0.54375 0.36015625 0.0578125 0.04609375
20 0.59921875 0.46640625 0.05859375 0.04765625
21 0.2921875 0.3328125 0.06015625 0.065625
21 0.440625 0.6234375 0.0484375 0.06171875
22 0.08359375 0.4546875 0.0546875 0.146875
23 0.4078125 0.67734375 0.0578125 0.0640625