0 0.6421875 0.7984375 0.12734375 0.11171875
0 0.3171875 0.675 0.12578125 0.18125
1 0.4984375 0.3671875 0.10234375 0.184375
1 0.2828125 0.51015625 0.12265625 0.15234375
2 0.3515625 0.49140625 0.0609375 0.10546875
2 0.534375 0.40859375 0.0359375 0.171875
3 0.38125 0.92421875 0.1546875 0.0625
3 0.559375 0.3765625 0.1546875 0.0625
4 0.603125 0.15234375 0.0765625 0.11640625
4 0.44765625 0.734375 0.10859375 0.08984375
8 0.38984375 0.4390625 0.053125 0.15859375
8 0.5234375 0.41640625 0.08046875 0.15234375
9 0.29765625 0.75625 0.11171875 0.075
9 0.1265625 0.47265625 0.05078125 0.159375
10 0.11875 0.5859375 0.078125 0.12265625
10 0.05234375 0.46640625 0.05 0.1453125
11 0.83359375 0.32265625 0.08046875 0.13046875
11 0.31953125 0.25 0.08125 0.08984375
5 0.33046875 0.828125 0.10546875 0.08515625
5 0.63203125 0.33125 0.10703125 0.03828125
6 0.5359375 0.87890625 0.10703125 0.075
6 0.115625 0.46171875 0.09140625 0.078125
7 0.28515625 0.16328125 0.0609375 0.10546875
7 0.43515625 0.41484375 0.06015625 0.06796875
12 0.178125 0.57109375 0.03984375 0.11796875
12 0.58046875 0.6625 0.0984375 0.03515625
13 0.19765625 0.7984375 0.07734375 0.09375
13 0.39921875 0.71015625 0.05 0.075
14 0.515625 0.62109375 0.0609375 0.07890625
14 0.29921875 0.83984375 0.08125 0.05078125
15 0.25390625 0.93125 0.0375 0.09765625
15 0.68984375 0.40859375 0.0609375 0.06953125
16 0.20390625 0.68046875 0.07578125 0.06796875
16 0.578125 0.60546875 0.046875 0.07421875
17 0.4765625 0.5265625 0.053125 0.06484375
17 0.45078125 0.60625 0.06171875 0.03828125
18 0.95 0.48515625 0.0796875 0.04375
18 0.43984375 0.71875 0.05234375 0.06171875
19 0.88984375 0.50078125 0.034375 0.08125
19 0.69921875 0.378125 0.0625 0.04296875
20 0.509375 0.8140625 0.0453125 0.06171875
20 0.74296875 0.42890625 0.05078125 0.04765625
21 0.06484375 0.6453125 0.0671875 0.040625
21 0.17421875 0.503125 0.03515625 0.040625
22 0.18828125 0.384375 0.11875 0.09296875
22 0.196875 0.08671875 0.0734375 0.10859375