0 0.21796875 0.5015625 0.171875 0.22890625
0 0.54140625 0.83125 0.18359375 0.23125
1 0.3828125 0.15703125 0.290625 0.075
1 0.534375 0.875 0.24765625 0.14375
2 0.74375 0.77265625 0.08203125 0.215625
2 0.45 0.065625 0.17890625 0.1
3 0.609375 0.44375 0.121875 0.178125
3 0.834375 0.8109375 0.09375 0.16640625
4 0.38046875 0.85546875 0.1921875 0.10546875
4 0.5828125 0.3828125 0.21875 0.05625
8 0.20703125 0.746875 0.1140625 0.16171875
8 0.5625 0.48046875 0.20703125 0.08125
9 0.86328125 0.584375 0.1859375 0.0890625
9 0.2828125 0.51796875 0.10234375 0.15390625
10 0.36796875 0.21796875 0.1875 0.04921875
10 0.721875 0.2046875 0.15703125 0.11171875
11 0.31953125 0.28359375 0.17265625 0.0734375
11 0.21875 0.63046875 0.13203125 0.1015625
5 0.10390625 0.4734375 0.05859375 0.14609375
5 0.378125 0.8796875 0.09375 0.1359375
6 0.48984375 0.73515625 0.0765625 0.13125
6 0.38203125 0.36640625 0.171875 0.0671875
7 0.346875 0.6171875 0.0515625 0.14375
7 0.3515625 0.675 0.1203125 0.0828125
12 0.603125 0.8578125 0.13359375 0.06875
12 0.58828125 0.4484375 0.11171875 0.09140625
13 0.271875 0.834375 0.125 0.07265625
13 0.1890625 0.67890625 0.0703125 0.11328125
14 0.49140625 0.58203125 0.12578125 0.0890625
14 0.63671875 0.15703125 0.10703125 0.0796875
15 0.5421875 0.53125 0.1203125 0.05625
15 0.528125 0.3828125 0.0734375 0.103125
16 0.38359375 0.9375 0.06875 0.1015625
16 0.5515625 0.728125 0.1140625 0.08125
17 0.07734375 0.32890625 0.08046875 0.07890625
17 0.846875 0.44765625 0.071875 0.08515625
18 0.3625 0.36171875 0.0671875 0.08515625
18 0.6015625 0.83125 0.075 0.06484375
19 0.0703125 0.39921875 0.08828125 0.06875
19 0.409375 0.31796875 0.0703125 0.053125
20 0.3015625 0.73359375 0.06328125 0.059375
21 0.17265625 0.74765625 0.06484375 0.07734375
21 0.79140625 0.49921875 0.090625 0.04296875
22 0.74921875 0.5625 0.1671875 0.10546875
22 0.665625 0.809375 0.1234375 0.121875