0 0.4859375 0.7109375 0.19765625 0.125
0 0.209375 0.421875 0.21484375 0.09921875
1 0.61796875 0.303125 0.18359375 0.140625
1 0.40703125 0.26171875 0.17578125 0.13359375
2 0.58359375 0.60703125 0.07109375 0.20859375
2 0.34765625 0.315625 0.14375 0.171875
3 0.5296875 0.13125 0.1078125 0.15859375
3 0.8828125 0.81875 0.15703125 0.153125
4 0.8609375 0.4140625 0.08984375 0.1671875
4 0.7265625 0.41015625 0.17578125 0.0625
8 0.46796875 0.428125 0.1078125 0.153125
8 0.21796875 0.71875 0.1390625 0.13359375
9 0.3609375 0.4515625 0.1484375 0.0953125
9 0.12890625 0.603125 0.08828125 0.13203125
10 0.56875 0.26875 0.07578125 0.140625
10 0.3203125 0.3609375 0.115625 0.13359375
11 0.45546875 0.13828125 0.07421875 0.1203125
11 0.5203125 0.346875 0.0953125 0.11328125
5 0.87421875 0.6484375 0.121875 0.1078125
5 0.190625 0.77265625 0.08515625 0.12734375
6 0.18046875 0.3890625 0.06171875 0.14453125
6 0.20078125 0.7234375 0.08671875 0.14921875
7 0.34921875 0.0921875 0.13125 0.0796875
7 0.321875 0.515625 0.13125 0.06796875
12 0.30078125 0.6796875 0.0984375 0.1046875
12 0.7234375 0.80859375 0.1140625 0.059375
13 0.859375 0.740625 0.08046875 0.121875
13 0.49609375 0.575 0.115625 0.075
14 0.6375 0.7859375 0.07734375 0.11796875
14 0.2359375 0.8640625 0.05234375 0.1390625
15 0.175 0.4953125 0.05703125 0.10078125
15 0.51796875 0.2609375 0.05078125 0.08359375
16 0.53828125 0.81875 0.05234375 0.121875
16 0.3625 0.1484375 0.08359375 0.078125
17 0.76328125 0.15625 0.09140625 0.08671875
17 0.13671875 0.50546875 0.06640625 0.0953125
18 0.72421875 0.2890625 0.08203125 0.0625
18 0.46875 0.0796875 0.06015625 0.0765625
19 0.7046875 0.7609375 0.07265625 0.07109375
19 0.3734375 0.346875 0.04921875 0.075
20 0.41015625 0.678125 0.06171875 0.0796875
20 0.5953125 0.22578125 0.06171875 0.0484375
21 0.65703125 0.5390625 0.06484375 0.0796875
21 0.44453125 0.95546875 0.06484375 0.05390625
22 0.0875 0.37265625 0.115625 0.1203125
22 0.4859375 0.25625 0.1328125 0.10625