0 0.23046875 0.37109375 0.175 0.06953125
0 0.05 0.35703125 0.075 0.11015625
1 0.6328125 0.63359375 0.1265625 0.121875
1 0.365625 0.234375 0.09765625 0.09609375
2 0.23203125 0.09296875 0.125 0.14609375
2 0.5875 0.253125 0.075 0.1359375
3 0.2609375 0.27265625 0.06953125 0.16484375
3 0.4 0.68671875 0.07421875 0.15703125
4 0.6921875 0.890625 0.0390625 0.159375
4 0.4015625 0.2734375 0.11875 0.09765625
8 0.7890625 0.40625 0.08203125 0.1328125
8 0.83359375 0.3375 0.10390625 0.11640625
9 0.8703125 0.3875 0.0796875 0.13046875
9 0.7609375 0.6875 0.0921875 0.06953125
10 0.71015625 0.12421875 0.071875 0.0890625
10 0.5140625 0.88671875 0.08203125 0.08515625
11 0.19609375 0.33046875 0.0640625 0.10234375
11 0.7625 0.62734375 0.07890625 0.09375
5 0.5390625 0.5171875 0.046875 0.1265625
5 0.3765625 0.2296875 0.10078125 0.071875
6 0.72890625 0.2796875 0.0921875 0.075
6 0.2296875 0.7984375 0.09609375 0.06875
7 0.83203125 0.26640625 0.0984375 0.07734375
7 0.12890625 0.159375 0.05 0.1140625
12 0.72109375 0.53515625 0.07421875 0.06875
12 0.38515625 0.16640625 0.07421875 0.08359375
13 0.74453125 0.234375 0.06953125 0.05859375
13 0.38125 0.59765625 0.075 0.071875
14 0.94609375 0.14765625 0.0765625 0.0875
14 0.66953125 0.94609375 0.04453125 0.075
15 0.05546875 0.215625 0.06015625 0.07578125
15 0.14375 0.13671875 0.04140625 0.0734375
16 0.35625 0.67734375 0.0421875 0.0875
16 0.53125 0.13828125 0.05546875 0.065625
17 0.88671875 0.30703125 0.05546875 0.0609375
17 0.73984375 0.2703125 0.06875 0.040625
18 0.196875 0.2046875 0.05625 0.06171875
18 0.26875 0.35078125 0.05859375 0.03828125
19 0.8171875 0.21328125 0.05078125 0.0546875
19 0.3109375 0.253125 0.05625 0.03828125
20 0.56953125 0.31015625 0.053125 0.0421875
20 0.59453125 0.165625 0.04453125 0.059375
21 0.50390625 0.33515625 0.0546875 0.0421875
21 0.396875 0.18671875 0.05078125 0.04453125
22 0.55078125 0.825 0.09765625 0.06875
23 0.52421875 0.53515625 0.03359375 0.04921875