0 0.56328125 0.71328125 0.13828125 0.07421875
0 0.5703125 0.61484375 0.07421875 0.1359375
1 0.2984375 0.0734375 0.16484375 0.1125
1 0.0765625 0.5125 0.10234375 0.15
2 0.653125 0.921875 0.0859375 0.1203125
2 0.80546875 0.5046875 0.07578125 0.11328125
3 0.54609375 0.4234375 0.10390625 0.08984375
3 0.2984375 0.19453125 0.1265625 0.08125
4 0.77421875 0.66328125 0.0546875 0.1125
4 0.7390625 0.13671875 0.07578125 0.11484375
8 0.73828125 0.34453125 0.121875 0.046875
8 0.271875 0.61328125 0.10859375 0.0546875
9 0.39609375 0.22109375 0.08359375 0.0953125
9 0.6046875 0.2359375 0.10859375 0.06171875
10 0.32421875 0.5625 0.07734375 0.0890625
10 0.76015625 0.41796875 0.06875 0.08359375
11 0.4421875 0.30390625 0.05625 0.08359375
11 0.665625 0.32890625 0.0578125 0.0859375
5 0.19140625 0.1609375 0.10546875 0.07578125
5 0.7234375 0.69375 0.06875 0.08984375
6 0.53828125 0.26640625 0.08203125 0.0734375
6 0.19453125 0.6109375 0.08515625 0.08125
7 0.64296875 0.140625 0.07421875 0.08984375
7 0.871875 0.47890625 0.05625 0.096875
12 0.17421875 0.40546875 0.07734375 0.06953125
12 0.509375 0.06015625 0.0875 0.0734375
13 0.31171875 0.40625 0.07578125 0.0703125
13 0.32578125 0.74296875 0.0625 0.07578125
14 0.6609375 0.571875 0.06875 0.06796875
14 0.58515625 0.865625 0.08359375 0.05234375
15 0.46640625 0.44765625 0.07890625 0.046875
15 0.5671875 0.79375 0.07734375 0.065625
16 0.3703125 0.68671875 0.08046875 0.046875
16 0.45859375 0.50078125 0.07421875 0.04296875
17 0.734375 0.590625 0.0703125 0.05390625
17 0.828125 0.328125 0.0578125 0.0640625
18 0.2328125 0.37109375 0.07265625 0.04921875
18 0.3890625 0.60234375 0.0578125 0.05859375
19 0.2703125 0.7046875 0.0546875 0.0640625
19 0.6984375 0.05546875 0.07890625 0.05078125
20 0.50390625 0.62578125 0.0546875 0.05390625
20 0.678125 0.43828125 0.0609375 0.0484375
21 0.5328125 0.47421875 0.05078125 0.0484375
21 0.7171875 0.23984375 0.059375 0.0578125
22 0.50546875 0.3078125 0.07578125 0.0859375
22 0.8203125 0.23984375 0.10390625 0.08359375
23 0.66484375 0.4015625 0.05390625 0.05390625