0 0.4921875 0.46171875 0.15234375 0.23203125
0 0.659375 0.28125 0.14375 0.290625
1 0.47421875 0.77734375 0.2546875 0.09453125
1 0.346875 0.49296875 0.2390625 0.19921875
2 0.71484375 0.50859375 0.19921875 0.1921875
2 0.34375 0.45625 0.18515625 0.12890625
3 0.85078125 0.359375 0.19375 0.1515625
3 0.24375 0.87421875 0.175 0.203125
4 0.68125 0.5828125 0.0828125 0.2265625
4 0.35859375 0.3359375 0.13828125 0.20078125
8 0.35078125 0.59296875 0.14765625 0.18203125
8 0.84453125 0.465625 0.08515625 0.20625
9 0.5265625 0.3875 0.1140625 0.1703125
9 0.13984375 0.40546875 0.11953125 0.1203125
10 0.30703125 0.32578125 0.0828125 0.1875
10 0.1171875 0.696875 0.15390625 0.14296875
11 0.2015625 0.61953125 0.109375 0.10859375
11 0.475 0.0875 0.13203125 0.11328125
5 0.7390625 0.43984375 0.05703125 0.16875
5 0.35234375 0.46640625 0.08828125 0.12890625
6 0.31953125 0.1796875 0.140625 0.12578125
6 0.63515625 0.12578125 0.15390625 0.10625
7 0.58046875 0.44921875 0.06953125 0.16015625
7 0.20625 0.2328125 0.13515625 0.153125
12 0.81953125 0.2828125 0.1421875 0.0671875
12 0.825 0.45390625 0.0484375 0.1375
13 0.53359375 0.2734375 0.06953125 0.1515625
13 0.47890625 0.1890625 0.13359375 0.10625
14 0.19296875 0.4515625 0.06796875 0.1375
14 0.26953125 0.7 0.0609375 0.12578125
15 0.565625 0.65703125 0.0953125 0.084375
15 0.61171875 0.54609375 0.05546875 0.11328125
16 0.62890625 0.69609375 0.096875 0.09296875
16 0.32734375 0.640625 0.1140625 0.07578125
17 0.83984375 0.6328125 0.10546875 0.07734375
17 0.6828125 0.40390625 0.05234375 0.09296875
18 0.55234375 0.6046875 0.0953125 0.05859375
18 0.47890625 0.484375 0.06796875 0.0859375
19 0.73515625 0.16328125 0.0625 0.1
19 0.49375 0.38515625 0.05859375 0.06171875
20 0.715625 0.39453125 0.0453125 0.07734375
20 0.375 0.4390625 0.046875 0.06015625
21 0.48359375 0.75625 0.0796875 0.05859375
21 0.5765625 0.83828125 0.08515625 0.0515625
22 0.7796875 0.22109375 0.128125 0.18046875
23 0.475 0.86328125 0.0765625 0.05703125