0 0.36640625 0.25390625 0.24453125 0.1671875
0 0.54296875 0.5265625 0.13359375 0.2609375
1 0.496875 0.53125 0.19609375 0.23984375
1 0.10625 0.56171875 0.17421875 0.1921875
2 0.50625 0.10625 0.10546875 0.165625
2 0.7265625 0.67109375 0.1265625 0.12578125
3 0.59609375 0.8390625 0.18125 0.15078125
3 0.6328125 0.47890625 0.16875 0.14453125
4 0.36640625 0.5875 0.08671875 0.1765625
4 0.24453125 0.47734375 0.115625 0.1703125
8 0.84921875 0.3484375 0.11953125 0.2
8 0.33359375 0.275 0.1453125 0.11328125
9 0.75 0.42734375 0.1484375 0.12265625
9 0.51640625 0.24140625 0.15390625 0.1078125
10 0.16953125 0.384375 0.08125 0.178125
10 0.67734375 0.68125 0.0796875 0.1609375
11 0.2328125 0.69609375 0.13359375 0.1078125
11 0.6390625 0.89921875 0.15078125 0.12734375
5 0.12421875 0.671875 0.05625 0.1828125
5 0.73046875 0.296875 0.07578125 0.15234375
6 0.390625 0.79296875 0.1140625 0.14453125
6 0.60625 0.28828125 0.08359375 0.1640625
7 0.80859375 0.65234375 0.09453125 0.14921875
7 0.6671875 0.2328125 0.1140625 0.1125
12 0.56796875 0.1734375 0.07578125 0.12265625
12 0.57109375 0.60234375 0.103125 0.12265625
13 0.6265625 0.6328125 0.04921875 0.12890625
13 0.36875 0.8921875 0.07578125 0.12265625
14 0.33203125 0.8125 0.059375 0.12890625
14 0.4890625 0.61640625 0.0546875 0.12421875
15 0.5515625 0.68671875 0.0921875 0.0734375
15 0.41640625 0.60859375 0.08828125 0.0828125
16 0.9015625 0.50546875 0.10546875 0.0953125
16 0.84453125 0.440625 0.090625 0.1015625
17 0.1125 0.56953125 0.06015625 0.0953125
17 0.371875 0.475 0.08125 0.06171875
18 0.4515625 0.4359375 0.05234375 0.0984375
18 0.75703125 0.50625 0.06328125 0.09375
19 0.696875 0.5265625 0.05078125 0.1015625
19 0.6 0.85390625 0.08828125 0.05234375
20 0.665625 0.2140625 0.05078125 0.078125
20 0.73046875 0.6578125 0.06328125 0.05859375
21 0.79765625 0.54921875 0.0671875 0.06015625
21 0.41953125 0.51484375 0.0453125 0.0828125
22 0.8453125 0.66875 0.15546875 0.12734375
22 0.76796875 0.26328125 0.06875 0.13671875