0 0.23671875 0.92109375 0.1265625 0.09453125
0 0.1609375 0.1578125 0.13125 0.05078125
1 0.48671875 0.75625 0.0546875 0.14921875
1 0.23984375 0.4890625 0.0671875 0.1578125
2 0.921875 0.39140625 0.06796875 0.1109375
2 0.27578125 0.8140625 0.06328125 0.0890625
3 0.60625 0.4328125 0.046875 0.1015625
3 0.94609375 0.34765625 0.08671875 0.08203125
4 0.37109375 0.7609375 0.08671875 0.06875
4 0.45078125 0.534375 0.0625 0.0671875
8 0.40234375 0.77265625 0.04921875 0.075
8 0.62265625 0.81875 0.04453125 0.1046875
9 0.65 0.3109375 0.084375 0.0390625
9 0.76953125 0.2984375 0.0875 0.05
10 0.2484375 0.6609375 0.03359375 0.10625
10 0.41328125 0.3953125 0.03125 0.0890625
11 0.03359375 0.38515625 0.0671875 0.07109375
11 0.15 0.39921875 0.06875 0.0515625
5 0.8984375 0.43046875 0.06015625 0.0640625
5 0.72734375 0.471875 0.02890625 0.09296875
6 0.828125 0.40546875 0.04921875 0.0859375
6 0.825 0.471875 0.06171875 0.05625
7 0.9671875 0.4015625 0.0640625 0.0328125
7 0.23984375 0.4203125 0.040625 0.07109375
12 0.37578125 0.94140625 0.059375 0.040625
12 0.89921875 0.578125 0.0703125 0.03515625
13 0.86171875 0.3953125 0.04375 0.0640625
13 0.8484375 0.4484375 0.046875 0.05625
14 0.5546875 0.81015625 0.03984375 0.07734375
14 0.82421875 0.34296875 0.04296875 0.0453125
15 0.346875 0.3171875 0.05234375 0.05859375
15 0.7421875 0.4765625 0.05234375 0.0375
16 0.43359375 0.728125 0.028125 0.059375
16 0.890625 0.409375 0.03828125 0.04765625
17 0.0625 0.6421875 0.04609375 0.05
17 0.3375 0.15078125 0.0546875 0.03203125
18 0.4375 0.36640625 0.034375 0.0484375
18 0.2109375 0.23671875 0.04296875 0.0421875
19 0.6796875 0.47265625 0.0390625 0.0375
19 0.14140625 0.821875 0.03515625 0.04296875
20 0.28046875 0.61015625 0.034375 0.04765625
20 0.834375 0.7640625 0.0359375 0.03984375
21 0.5609375 0.74375 0.040625 0.040625
21 0.8828125 0.378125 0.03125 0.0375
22 0.42890625 0.81796875 0.07890625 0.04375
23 0.5296875 0.509375 0.0265625 0.0515625