0 0.59609375 0.89765625 0.2140625 0.1328125
0 0.47734375 0.11875 0.140625 0.16875
1 0.396875 0.4765625 0.05625 0.2390625
1 0.36875 0.1765625 0.07890625 0.240625
2 0.5921875 0.39453125 0.09140625 0.1265625
2 0.21171875 0.8359375 0.16796875 0.115625
3 0.6546875 0.78203125 0.1296875 0.1328125
3 0.7875 0.54296875 0.0703125 0.1703125
4 0.47578125 0.746875 0.1609375 0.09375
4 0.60078125 0.71640625 0.0609375 0.153125
8 0.315625 0.3640625 0.07578125 0.16875
8 0.79921875 0.5671875 0.10546875 0.1453125
9 0.68515625 0.8875 0.1171875 0.12421875
9 0.69609375 0.37109375 0.140625 0.06484375
10 0.26796875 0.79765625 0.10703125 0.11953125
10 0.4390625 0.796875 0.12421875 0.06953125
11 0.51328125 0.35 0.071875 0.1265625
11 0.8859375 0.69296875 0.0703125 0.13515625
5 0.4890625 0.2015625 0.09609375 0.12109375
5 0.3609375 0.20546875 0.08046875 0.17421875
6 0.20625 0.89140625 0.13359375 0.06796875
6 0.82109375 0.7359375 0.0734375 0.125
7 0.62578125 0.50390625 0.128125 0.0703125
7 0.459375 0.66171875 0.05078125 0.1328125
12 0.38046875 0.8546875 0.10703125 0.071875
12 0.56171875 0.67890625 0.06484375 0.10625
13 0.88125 0.525 0.06875 0.1078125
13 0.6390625 0.5578125 0.1171875 0.04921875
14 0.0625 0.4046875 0.0609375 0.1125
14 0.390625 0.5578125 0.09453125 0.0890625
15 0.35 0.678125 0.08046875 0.08828125
15 0.62890625 0.65859375 0.06875 0.0515625
16 0.428125 0.25390625 0.0703125 0.0890625
16 0.67265625 0.80625 0.075 0.08203125
17 0.63203125 0.31953125 0.07734375 0.06953125
17 0.66484375 0.41796875 0.084375 0.0546875
18 0.1296875 0.3703125 0.07578125 0.075
18 0.4671875 0.35 0.0828125 0.04296875
19 0.4890625 0.91796875 0.07578125 0.06015625
19 0.61171875 0.90625 0.07734375 0.0515625
20 0.39609375 0.7640625 0.06796875 0.053125
20 0.3984375 0.68046875 0.0421875 0.059375
21 0.44140625 0.5953125 0.06328125 0.06328125
21 0.6171875 0.6828125 0.06796875 0.06328125
22 0.740625 0.66484375 0.07890625 0.134375
23 0.4375 0.5203125 0.04609375 0.071875