0 0.62734375 0.159375 0.2765625 0.1375
0 0.59296875 0.26171875 0.18671875 0.18515625
1 0.28046875 0.2765625 0.08046875 0.27578125
1 0.1578125 0.61875 0.19140625 0.23515625
2 0.14765625 0.59921875 0.153125 0.19765625
2 0.3359375 0.48203125 0.2390625 0.09375
3 0.41015625 0.29375 0.1484375 0.16171875
3 0.721875 0.6265625 0.1078125 0.1125
4 0.484375 0.90546875 0.1328125 0.13984375
4 0.61953125 0.33671875 0.08046875 0.15078125
8 0.47421875 0.6046875 0.16640625 0.13203125
8 0.17890625 0.22421875 0.19296875 0.09765625
9 0.26171875 0.35859375 0.21015625 0.06015625
9 0.63671875 0.70703125 0.13125 0.10859375
10 0.8015625 0.521875 0.16015625 0.1125
10 0.75546875 0.66796875 0.1125 0.134375
11 0.8140625 0.453125 0.13125 0.09375
11 0.86015625 0.4234375 0.146875 0.1125
5 0.34453125 0.81328125 0.15703125 0.1046875
5 0.16015625 0.446875 0.16796875 0.078125
6 0.37265625 0.1375 0.103125 0.1015625
6 0.62578125 0.93515625 0.19765625 0.0546875
7 0.69765625 0.44921875 0.07265625 0.14296875
7 0.23828125 0.30390625 0.18828125 0.06484375
12 0.81796875 0.28984375 0.06328125 0.12109375
12 0.621875 0.79296875 0.1140625 0.1140625
13 0.234375 0.5046875 0.1296875 0.08125
14 0.4921875 0.28125 0.08203125 0.07109375
14 0.65 0.8828125 0.1171875 0.07265625
15 0.4421875 0.5328125 0.1 0.07109375
15 0.721875 0.78125 0.1171875 0.06171875
16 0.38203125 0.0546875 0.08046875 0.08515625
16 0.509375 0.5 0.08828125 0.090625
17 0.903125 0.5828125 0.05703125 0.10859375
17 0.596875 0.184375 0.0984375 0.07109375
18 0.50859375 0.80625 0.05546875 0.08203125
18 0.31640625 0.3875 0.09140625 0.046875
19 0.58203125 0.23671875 0.06015625 0.08125
19 0.63671875 0.59453125 0.08046875 0.06875
20 0.72421875 0.28984375 0.08671875 0.06015625
20 0.50234375 0.09375 0.08046875 0.065625
21 0.5453125 0.41484375 0.06796875 0.0578125
21 0.71640625 0.5265625 0.06015625 0.059375
22 0.8875 0.32421875 0.1015625 0.1703125
23 0.76640625 0.26484375 0.05546875 0.06875