0 0.6671875 0.66484375 0.1578125 0.14453125
0 0.68671875 0.35 0.0875 0.190625
1 0.25546875 0.79140625 0.1609375 0.09296875
1 0.71171875 0.5125 0.165625 0.1484375
2 0.565625 0.6515625 0.08203125 0.13203125
2 0.9140625 0.36484375 0.07734375 0.17109375
3 0.83203125 0.36328125 0.1453125 0.08359375
3 0.58671875 0.3390625 0.11015625 0.1171875
4 0.515625 0.7703125 0.05625 0.1484375
4 0.6203125 0.5375 0.071875 0.14609375
8 0.10546875 0.86640625 0.14765625 0.0671875
8 0.5796875 0.24453125 0.103125 0.09453125
9 0.4359375 0.796875 0.13203125 0.071875
9 0.6828125 0.60703125 0.103125 0.1078125
10 0.59765625 0.759375 0.096875 0.10390625
10 0.521875 0.6671875 0.09375 0.10625
11 0.728125 0.5078125 0.08125 0.1
11 0.646875 0.53828125 0.0625 0.1078125
5 0.75390625 0.75234375 0.09140625 0.10390625
5 0.34765625 0.67890625 0.10703125 0.08671875
6 0.81875 0.0359375 0.12421875 0.0421875
6 0.4046875 0.76953125 0.1140625 0.0609375
7 0.209375 0.6484375 0.07578125 0.11484375
7 0.91171875 0.2390625 0.04609375 0.12109375
12 0.6421875 0.61328125 0.071875 0.06875
12 0.2234375 0.5734375 0.0625 0.1
13 0.79375 0.49453125 0.03671875 0.090625
13 0.6015625 0.55703125 0.09140625 0.05390625
14 0.3421875 0.73515625 0.0875 0.059375
14 0.5671875 0.76875 0.078125 0.06875
15 0.2734375 0.64609375 0.078125 0.05
15 0.81640625 0.51953125 0.04609375 0.08671875
16 0.1203125 0.79453125 0.08125 0.059375
16 0.6375 0.3234375 0.04609375 0.0796875
17 0.4171875 0.67109375 0.05234375 0.0796875
17 0.21171875 0.7203125 0.078125 0.04453125
18 0.46796875 0.69453125 0.0421875 0.071875
18 0.18203125 0.6765625 0.065625 0.0578125
19 0.81015625 0.43046875 0.040625 0.06484375
19 0.67421875 0.34140625 0.05 0.059375
20 0.6703125 0.703125 0.05234375 0.04609375
20 0.27734375 0.68046875 0.05 0.05234375
21 0.16796875 0.940625 0.0640625 0.0484375
21 0.76171875 0.39375 0.05390625 0.0421875
22 0.7234375 0.32578125 0.07734375 0.1203125
23 0.56171875 0.2359375 0.0640625 0.0484375