0 0.3703125 0.24609375 0.22890625 0.1546875
0 0.73359375 0.5515625 0.2609375 0.14609375
1 0.6796875 0.28515625 0.2578125 0.18046875
1 0.85234375 0.59140625 0.1625 0.1515625
2 0.43046875 0.684375 0.1828125 0.22421875
2 0.5578125 0.4328125 0.18671875 0.1203125
3 0.34375 0.49296875 0.18671875 0.17890625
3 0.47421875 0.8609375 0.12890625 0.18359375
4 0.321875 0.18671875 0.14921875 0.2078125
4 0.39765625 0.8796875 0.1171875 0.18828125
8 0.784375 0.1453125 0.14609375 0.21640625
8 0.33828125 0.496875 0.1578125 0.1578125
9 0.59453125 0.115625 0.15234375 0.1203125
9 0.74765625 0.51875 0.159375 0.16875
10 0.203125 0.23359375 0.121875 0.13828125
10 0.60390625 0.0609375 0.18828125 0.0828125
11 0.7015625 0.78203125 0.15625 0.084375
11 0.30625 0.29765625 0.09296875 0.17890625
5 0.48984375 0.5890625 0.1015625 0.1640625
5 0.5125 0.33125 0.0828125 0.14765625
6 0.19921875 0.39375 0.096875 0.13671875
6 0.2171875 0.5 0.06796875 0.1640625
7 0.5140625 0.1484375 0.18125 0.0828125
7 0.19921875 0.39375 0.096875 0.13671875
12 0.63046875 0.7234375 0.1015625 0.1625
12 0.09921875 0.6953125 0.08671875 0.13828125
13 0.17421875 0.63671875 0.1421875 0.0765625
13 0.54453125 0.71953125 0.059375 0.14765625
14 0.20546875 0.509375 0.1421875 0.06640625
14 0.221875 0.4796875 0.11171875 0.05234375
15 0.48671875 0.07265625 0.08828125 0.0828125
15 0.259375 0.2390625 0.12578125 0.05859375
16 0.18671875 0.57890625 0.14921875 0.06171875
16 0.80859375 0.74765625 0.09140625 0.1109375
17 0.25 0.6859375 0.08984375 0.075
17 0.06640625 0.721875 0.07421875 0.1203125
18 0.39765625 0.09921875 0.06640625 0.09453125
18 0.378125 0.55859375 0.09453125 0.0828125
19 0.396875 0.1578125 0.10546875 0.05859375
19 0.37578125 0.4640625 0.0625 0.09296875
20 0.703125 0.6921875 0.07421875 0.0828125
20 0.55234375 0.6171875 0.04765625 0.0765625
21 0.440625 0.3046875 0.06796875 0.09296875
21 0.44609375 0.5984375 0.07109375 0.09140625
22 0.31875 0.80078125 0.159375 0.1578125
23 0.178125 0.7953125 0.0640625 0.09453125