0 0.81875 0.45 0.20546875 0.13046875
0 0.54921875 0.590625 0.24375 0.0734375
1 0.378125 0.49609375 0.125 0.15625
1 0.13515625 0.6046875 0.23359375 0.0859375
2 0.23359375 0.43828125 0.15703125 0.1296875
2 0.29453125 0.64453125 0.10546875 0.153125
3 0.51484375 0.7234375 0.225 0.0796875
3 0.58125 0.671875 0.1234375 0.1046875
4 0.75703125 0.17109375 0.18828125 0.05390625
4 0.76953125 0.4625 0.08671875 0.12421875
8 0.56875 0.4890625 0.20546875 0.04765625
8 0.5390625 0.55390625 0.14375 0.09296875
9 0.67578125 0.70390625 0.1 0.0875
9 0.58515625 0.44765625 0.18203125 0.03359375
10 0.63671875 0.11796875 0.13203125 0.053125
10 0.58125 0.26328125 0.18046875 0.03203125
11 0.63359375 0.38125 0.1484375 0.0515625
11 0.5328125 0.60078125 0.1171875 0.0375
5 0.696875 0.59765625 0.1484375 0.065625
5 0.515625 0.3671875 0.11015625 0.04921875
6 0.34453125 0.39453125 0.10546875 0.09296875
6 0.35703125 0.66953125 0.08671875 0.0859375
7 0.575 0.221875 0.125 0.07109375
7 0.56875 0.69609375 0.0953125 0.0671875
12 0.7046875 0.396875 0.1 0.07734375
12 0.7484375 0.22890625 0.10859375 0.07890625
13 0.36484375 0.4328125 0.11875 0.0625
13 0.83828125 0.565625 0.15390625 0.034375
14 0.41484375 0.6484375 0.08515625 0.08515625
14 0.425 0.56640625 0.10546875 0.06328125
15 0.596875 0.5359375 0.1015625 0.05078125
15 0.65703125 0.37109375 0.06171875 0.07421875
16 0.47265625 0.7828125 0.11015625 0.0421875
16 0.48515625 0.19921875 0.06171875 0.0734375
17 0.6265625 0.16171875 0.0984375 0.04921875
17 0.659375 0.03828125 0.10703125 0.04453125
18 0.4640625 0.44140625 0.06328125 0.0546875
18 0.64765625 0.521875 0.08671875 0.0421875
19 0.58984375 0.29609375 0.08203125 0.0390625
19 0.246875 0.77890625 0.06640625 0.06484375
20 0.12734375 0.6578125 0.05859375 0.053125
20 0.5234375 0.8234375 0.08515625 0.03125
21 0.46796875 0.290625 0.06875 0.04765625
21 0.12421875 0.6171875 0.05546875 0.04921875
22 0.74296875 0.2796875 0.0765625 0.12578125
23 0.075 0.5609375 0.0734375 0.0359375