0 0.35546875 0.459375 0.14375 0.115625
0 0.596875 0.24375 0.078125 0.0828125
1 0.684375 0.2390625 0.0953125 0.13671875
1 0.721875 0.8234375 0.13828125 0.07578125
2 0.57109375 0.38671875 0.12890625 0.0828125
2 0.3078125 0.74765625 0.1484375 0.04140625
3 0.23203125 0.47265625 0.128125 0.06875
3 0.5546875 0.1671875 0.078125 0.10703125
4 0.4484375 0.396875 0.05625 0.109375
4 0.71640625 0.2390625 0.1171875 0.084375
8 0.7734375 0.6125 0.13203125 0.07734375
8 0.62890625 0.35390625 0.071875 0.10078125
9 0.76796875 0.26640625 0.065625 0.0984375
9 0.228125 0.38984375 0.0640625 0.09609375
10 0.36640625 0.271875 0.103125 0.04921875
10 0.596875 0.3734375 0.08515625 0.0875
11 0.38515625 0.0515625 0.1046875 0.0609375
11 0.91796875 0.93046875 0.0625 0.090625
5 0.875 0.9 0.08125 0.08203125
5 0.29921875 0.3140625 0.06796875 0.07109375
6 0.46484375 0.13515625 0.09921875 0.05234375
6 0.76015625 0.353125 0.0453125 0.0921875
7 0.48828125 0.23046875 0.065625 0.0828125
7 0.64765625 0.3171875 0.08125 0.06796875
12 0.34375 0.3140625 0.07734375 0.05390625
12 0.54765625 0.8171875 0.08984375 0.07421875
13 0.73203125 0.72890625 0.09765625 0.04609375
13 0.2609375 0.71484375 0.06796875 0.05703125
14 0.37890625 0.21171875 0.05390625 0.06484375
14 0.3921875 0.15703125 0.08515625 0.0359375
15 0.271875 0.53203125 0.0625 0.06484375
15 0.2640625 0.25703125 0.08359375 0.0515625
16 0.734375 0.63828125 0.08515625 0.0390625
16 0.3546875 0.35 0.0640625 0.04296875
17 0.12578125 0.49375 0.08203125 0.04140625
17 0.146875 0.7375 0.08203125 0.03515625
18 0.3828125 0.1140625 0.04453125 0.0625
18 0.25625 0.3078125 0.0390625 0.0546875
19 0.66484375 0.28671875 0.0578125 0.046875
19 0.0984375 0.715625 0.06640625 0.046875
20 0.35546875 0.1140625 0.040625 0.046875
20 0.390625 0.0734375 0.05390625 0.03203125
21 0.44140625 0.21328125 0.046875 0.0484375
21 0.546875 0.25546875 0.046875 0.05
22 0.5359375 0.571875 0.11640625 0.06640625
22 0.6890625 0.36640625 0.065625 0.09375