0 0.58828125 0.87578125 0.21796875 0.128125
0 0.63359375 0.825 0.16015625 0.3046875
1 0.18359375 0.6 0.18671875 0.25625
1 0.28984375 0.45390625 0.08515625 0.28203125
2 0.66171875 0.2453125 0.1328125 0.20234375
2 0.73359375 0.81015625 0.26875 0.10078125
3 0.54375 0.6453125 0.1796875 0.10703125
3 0.11875 0.37890625 0.11640625 0.1203125
4 0.2875 0.2875 0.22109375 0.07265625
4 0.66953125 0.4046875 0.0984375 0.18671875
8 0.5609375 0.10703125 0.18203125 0.171875
8 0.27109375 0.50390625 0.18515625 0.1296875
9 0.41484375 0.72265625 0.08046875 0.18828125
9 0.57578125 0.2375 0.1375 0.10859375
10 0.31484375 0.35703125 0.18203125 0.06953125
10 0.85703125 0.5265625 0.15234375 0.090625
11 0.23125 0.81015625 0.18828125 0.11015625
11 0.45234375 0.4875 0.171875 0.05859375
5 0.11796875 0.634375 0.1375 0.0859375
5 0.80234375 0.69375 0.07890625 0.16171875
6 0.59765625 0.54765625 0.12109375 0.10703125
6 0.41015625 0.71875 0.165625 0.0796875
7 0.76328125 0.73515625 0.15234375 0.11484375
7 0.603125 0.33515625 0.1359375 0.1359375
12 0.5125 0.4296875 0.1078125 0.096875
12 0.45078125 0.1984375 0.096875 0.125
13 0.43046875 0.48671875 0.05546875 0.140625
13 0.38671875 0.40390625 0.1390625 0.0484375
14 0.26328125 0.5234375 0.16328125 0.08125
14 0.06796875 0.73984375 0.0703125 0.11484375
15 0.22734375 0.5796875 0.08203125 0.10859375
15 0.4875 0.9296875 0.11484375 0.06640625
16 0.3484375 0.59921875 0.07890625 0.09921875
16 0.8125 0.596875 0.12265625 0.05
17 0.93359375 0.57890625 0.103125 0.10078125
17 0.75859375 0.46328125 0.10625 0.06796875
18 0.628125 0.70546875 0.08828125 0.0765625
18 0.36328125 0.453125 0.06875 0.0796875
19 0.43125 0.75625 0.096875 0.05
19 0.7578125 0.3578125 0.05546875 0.10078125
20 0.92421875 0.4015625 0.0671875 0.0875
20 0.18515625 0.403125 0.071875 0.07265625
21 0.53203125 0.609375 0.071875 0.06484375
21 0.66015625 0.62265625 0.0609375 0.07421875
22 0.57578125 0.39765625 0.134375 0.13125
23 0.37890625 0.78671875 0.0734375 0.06015625