0 0.5171875 0.65390625 0.2453125 0.20234375
0 0.18125 0.57109375 0.09375 0.29609375
1 0.33984375 0.1421875 0.13828125 0.28046875
1 0.78125 0.47734375 0.2234375 0.14453125
2 0.71484375 0.2046875 0.21171875 0.1515625
2 0.17421875 0.59140625 0.23515625 0.15390625
3 0.5765625 0.49921875 0.1109375 0.21796875
3 0.66953125 0.1203125 0.08984375 0.115625
4 0.61875 0.37421875 0.1828125 0.12890625
4 0.49609375 0.821875 0.19453125 0.07109375
8 0.21875 0.73359375 0.2 0.09140625
8 0.5859375 0.58984375 0.1359375 0.16484375
9 0.2703125 0.18125 0.1359375 0.18046875
9 0.81796875 0.38828125 0.19296875 0.11328125
10 0.26328125 0.534375 0.134375 0.12890625
10 0.5796875 0.1265625 0.1515625 0.10234375
11 0.5515625 0.2140625 0.1265625 0.125
11 0.76171875 0.43671875 0.09140625 0.16015625
5 0.48359375 0.51015625 0.13046875 0.125
5 0.61015625 0.63125 0.1421875 0.12265625
6 0.42421875 0.7625 0.1125 0.1578125
6 0.778125 0.228125 0.16328125 0.06875
7 0.43984375 0.6640625 0.14765625 0.11171875
7 0.2078125 0.1578125 0.1515625 0.11171875
12 0.71796875 0.61015625 0.128125 0.08046875
12 0.3640625 0.28359375 0.1203125 0.09140625
13 0.15859375 0.38046875 0.14609375 0.084375
13 0.46171875 0.40625 0.05625 0.1359375
14 0.48828125 0.23359375 0.06640625 0.13828125
14 0.62265625 0.5125 0.13203125 0.0578125
15 0.5546875 0.2703125 0.10078125 0.11328125
15 0.3203125 0.2046875 0.0953125 0.10234375
16 0.36171875 0.67265625 0.10859375 0.0625
16 0.3734375 0.38984375 0.0703125 0.07578125
17 0.24140625 0.3828125 0.08203125 0.11171875
17 0.4203125 0.40078125 0.07421875 0.08046875
18 0.17109375 0.26484375 0.09375 0.08046875
18 0.42421875 0.24375 0.06640625 0.1
19 0.27890625 0.34765625 0.06796875 0.09765625
19 0.4921875 0.4453125 0.05859375 0.10234375
20 0.7 0.434375 0.078125 0.07109375
20 0.49921875 0.34609375 0.06796875 0.08671875
21 0.3265625 0.62890625 0.08203125 0.06484375
21 0.32265625 0.38828125 0.0546875 0.1
22 0.66328125 0.303125 0.159375 0.084375
22 0.465625 0.90234375 0.1734375 0.084375