0 0.3015625 0.26953125 0.084375 0.22890625
0 0.43359375 0.64453125 0.2140625 0.0734375
1 0.75859375 0.48515625 0.09375 0.18046875
1 0.6515625 0.4734375 0.1359375 0.10859375
2 0.81953125 0.29609375 0.07265625 0.18203125
2 0.89765625 0.7515625 0.09375 0.15390625
3 0.69140625 0.9234375 0.1609375 0.0859375
3 0.184375 0.30859375 0.0671875 0.1515625
4 0.48828125 0.30625 0.09765625 0.0859375
4 0.490625 0.646875 0.1359375 0.09921875
8 0.47109375 0.54453125 0.13203125 0.09609375
8 0.4921875 0.128125 0.1046875 0.08984375
9 0.35546875 0.55 0.0671875 0.1390625
9 0.6734375 0.3375 0.0671875 0.15
10 0.77734375 0.8609375 0.05546875 0.13359375
10 0.39921875 0.065625 0.10234375 0.1015625
11 0.21953125 0.77421875 0.07265625 0.1296875
11 0.21015625 0.58671875 0.078125 0.11484375
5 0.9015625 0.60390625 0.11953125 0.0640625
5 0.83046875 0.2984375 0.11640625 0.07265625
6 0.44765625 0.88515625 0.090625 0.0734375
6 0.27578125 0.778125 0.084375 0.0859375
7 0.475 0.528125 0.078125 0.11640625
7 0.5453125 0.87734375 0.08203125 0.12421875
12 0.64375 0.26328125 0.0453125 0.10859375
12 0.32421875 0.38984375 0.0703125 0.1046875
13 0.0546875 0.21953125 0.04921875 0.12578125
13 0.56953125 0.328125 0.059375 0.07734375
14 0.50078125 0.3828125 0.075 0.09140625
14 0.28984375 0.50703125 0.10234375 0.06796875
15 0.6625 0.19609375 0.08203125 0.0734375
15 0.2875 0.2 0.0609375 0.08203125
16 0.284375 0.6578125 0.09609375 0.0578125
16 0.39375 0.6890625 0.08984375 0.06015625
17 0.79453125 0.76875 0.05859375 0.05234375
17 0.48828125 0.59765625 0.07421875 0.04453125
18 0.92109375 0.67890625 0.0703125 0.05078125
18 0.38515625 0.7875 0.059375 0.065625
19 0.59453125 0.24609375 0.0609375 0.05625
19 0.553125 0.57578125 0.05078125 0.06171875
20 0.48359375 0.82578125 0.059375 0.05625
20 0.1890625 0.221875 0.059375 0.0578125
21 0.38515625 0.52890625 0.0671875 0.03515625
21 0.771875 0.1875 0.059375 0.06171875
22 0.78984375 0.42109375 0.04921875 0.1296875
23 0.115625 0.29765625 0.06484375 0.04453125