0 0.7328125 0.81484375 0.1890625 0.15859375
0 0.696875 0.215625 0.2109375 0.15546875
1 0.26640625 0.74375 0.30390625 0.13671875
1 0.6078125 0.86953125 0.1828125 0.11484375
2 0.51953125 0.82734375 0.209375 0.175
2 0.38671875 0.14921875 0.15625 0.11328125
3 0.8875 0.78046875 0.115625 0.11875
3 0.38125 0.35703125 0.2015625 0.140625
4 0.678125 0.29140625 0.1671875 0.13984375
4 0.4203125 0.66015625 0.1578125 0.16015625
8 0.85 0.2640625 0.175 0.15
8 0.8359375 0.62890625 0.1125 0.175
9 0.09375 0.6859375 0.09375 0.16484375
9 0.86796875 0.52109375 0.1796875 0.11171875
10 0.578125 0.0828125 0.1796875 0.10390625
10 0.65859375 0.7671875 0.11875 0.13671875
11 0.57109375 0.596875 0.153125 0.08359375
11 0.10625 0.3546875 0.1125 0.15390625
5 0.7328125 0.9328125 0.1796875 0.07890625
5 0.13046875 0.58828125 0.0703125 0.1421875
6 0.25859375 0.32578125 0.15625 0.0765625
6 0.21171875 0.3828125 0.0953125 0.0984375
7 0.30625 0.190625 0.0546875 0.15859375
7 0.38984375 0.34921875 0.11875 0.13828125
12 0.3515625 0.6734375 0.1390625 0.078125
12 0.24375 0.21328125 0.109375 0.08984375
13 0.84921875 0.65859375 0.1421875 0.0515625
13 0.73125 0.5265625 0.1296875 0.08984375
14 0.50234375 0.40703125 0.09375 0.10859375
14 0.48046875 0.6921875 0.15 0.05703125
15 0.6375 0.51796875 0.0921875 0.08203125
15 0.290625 0.4734375 0.0890625 0.10390625
16 0.55390625 0.496875 0.1125 0.06640625
16 0.521875 0.28828125 0.0828125 0.11328125
17 0.39921875 0.61171875 0.0875 0.08671875
17 0.478125 0.5375 0.1078125 0.05
18 0.57421875 0.20703125 0.09375 0.0671875
18 0.74921875 0.1546875 0.1 0.071875
19 0.89453125 0.58203125 0.0578125 0.06875
19 0.64765625 0.21015625 0.09375 0.046875
20 0.8546875 0.49765625 0.065625 0.05859375
20 0.075 0.47109375 0.059375 0.0734375
21 0.7234375 0.4484375 0.0734375 0.06875
21 0.5375 0.72578125 0.0765625 0.06875
23 0.1515625 0.434375 0.090625 0.053125