0 0.425 0.34609375 0.1171875 0.1375
0 0.38984375 0.71171875 0.20859375 0.1890625
1 0.56484375 0.63671875 0.2234375 0.14609375
1 0.80078125 0.721875 0.2046875 0.13125
2 0.90234375 0.70859375 0.08828125 0.22421875
2 0.61953125 0.29765625 0.178125 0.14765625
3 0.17734375 0.22734375 0.06796875 0.20546875
3 0.328125 0.2140625 0.096875 0.1921875
4 0.42421875 0.5265625 0.15234375 0.1109375
4 0.6625 0.853125 0.15390625 0.184375
8 0.8171875 0.60703125 0.14765625 0.1359375
8 0.8046875 0.73515625 0.096875 0.1875
9 0.76484375 0.49921875 0.10703125 0.11953125
9 0.78828125 0.659375 0.1390625 0.09765625
10 0.1 0.07890625 0.08125 0.1578125
10 0.88046875 0.575 0.14609375 0.0578125
11 0.24609375 0.1921875 0.115625 0.09609375
11 0.8671875 0.48984375 0.05390625 0.14765625
5 0.32421875 0.68359375 0.07109375 0.14921875
5 0.10234375 0.22109375 0.04765625 0.1640625
6 0.51015625 0.5234375 0.08125 0.12421875
6 0.73359375 0.57109375 0.115625 0.1109375
7 0.27578125 0.675 0.07109375 0.1359375
7 0.55625 0.68359375 0.0578125 0.1390625
12 0.94609375 0.8 0.1046875 0.08828125
12 0.821875 0.39453125 0.11875 0.06328125
13 0.72890625 0.44375 0.10703125 0.07109375
13 0.1125 0.20625 0.1203125 0.07109375
14 0.8375 0.48828125 0.06640625 0.1109375
14 0.81171875 0.84921875 0.0609375 0.11640625
15 0.30703125 0.2734375 0.06953125 0.10625
15 0.259375 0.33984375 0.08125 0.08984375
16 0.67734375 0.9546875 0.10859375 0.06171875
16 0.39921875 0.390625 0.08828125 0.078125
17 0.66171875 0.74375 0.07421875 0.078125
17 0.4953125 0.32421875 0.084375 0.0546875
18 0.4296875 0.61875 0.07421875 0.08984375
18 0.525 0.75234375 0.04921875 0.1046875
19 0.4859375 0.72109375 0.06484375 0.0765625
19 0.2578125 0.6203125 0.0546875 0.0796875
20 0.06484375 0.2375 0.0640625 0.059375
20 0.90546875 0.53203125 0.0640625 0.053125
21 0.22734375 0.6984375 0.05234375 0.0828125
21 0.83203125 0.8859375 0.07265625 0.07265625
22 0.5109375 0.296875 0.14921875 0.06953125
23 0.52109375 0.61796875 0.0625 0.0578125