0 0.67421875 0.54765625 0.12578125 0.11875
0 0.746875 0.48203125 0.18984375 0.13046875
1 0.45078125 0.6875 0.14921875 0.1875
1 0.28203125 0.8953125 0.1109375 0.1546875
2 0.19296875 0.903125 0.14453125 0.10234375
2 0.596875 0.29296875 0.1546875 0.115625
3 0.34609375 0.55546875 0.1125 0.134375
3 0.16796875 0.27109375 0.14296875 0.14140625
4 0.2609375 0.60078125 0.115625 0.1359375
4 0.78671875 0.2359375 0.14453125 0.10234375
8 0.2609375 0.23125 0.0625 0.17421875
8 0.70703125 0.3921875 0.11328125 0.15703125
9 0.0921875 0.4265625 0.1109375 0.12109375
9 0.4546875 0.4265625 0.0546875 0.14765625
10 0.15078125 0.65546875 0.09921875 0.1296875
10 0.5140625 0.47578125 0.065625 0.11875
11 0.45703125 0.09609375 0.0703125 0.115625
11 0.49375 0.53984375 0.0546875 0.12109375
5 0.28984375 0.57421875 0.10859375 0.103125
5 0.425 0.33046875 0.0921875 0.07890625
6 0.5765625 0.13359375 0.09140625 0.1359375
6 0.7875 0.75078125 0.11640625 0.078125
7 0.334375 0.19375 0.09765625 0.08515625
7 0.684375 0.10859375 0.1 0.1046875
12 0.35859375 0.09375 0.11796875 0.09140625
12 0.08203125 0.63671875 0.06796875 0.12578125
13 0.9 0.75546875 0.11328125 0.0828125
13 0.32265625 0.815625 0.0609375 0.1046875
14 0.8875 0.6234375 0.09765625 0.071875
14 0.73984375 0.4984375 0.0640625 0.09609375
15 0.64296875 0.165625 0.0796875 0.0765625
15 0.82265625 0.615625 0.04296875 0.1078125
16 0.3625 0.38359375 0.05859375 0.0828125
16 0.4390625 0.2890625 0.0640625 0.0875
17 0.2390625 0.47109375 0.0640625 0.08046875
17 0.32265625 0.421875 0.0453125 0.08515625
18 0.15625 0.49140625 0.0859375 0.04921875
18 0.63515625 0.46796875 0.071875 0.0515625
19 0.25546875 0.4171875 0.06640625 0.05859375
19 0.81953125 0.4625 0.06328125 0.0765625
20 0.41171875 0.19453125 0.06796875 0.0453125
20 0.2375 0.625 0.04296875 0.06640625
21 0.24453125 0.67265625 0.05078125 0.07578125
21 0.51796875 0.38203125 0.07421875 0.0453125
22 0.2015625 0.36640625 0.11875 0.1140625
23 0.38125 0.428125 0.04453125 0.0609375