0 0.484375 0.903125 0.2875 0.090625
0 0.45078125 0.64453125 0.06875 0.21640625
1 0.70078125 0.33515625 0.14453125 0.190625
1 0.7203125 0.80546875 0.16796875 0.18359375
2 0.21328125 0.5578125 0.2234375 0.096875
2 0.62109375 0.64765625 0.178125 0.153125
3 0.81875 0.10234375 0.15078125 0.13515625
3 0.47734375 0.8953125 0.16796875 0.1453125
4 0.31875 0.43671875 0.2234375 0.07265625
4 0.15625 0.3546875 0.0625 0.1578125
8 0.8125 0.4984375 0.06640625 0.1515625
8 0.69453125 0.2125 0.21953125 0.059375
9 0.7625 0.70234375 0.1703125 0.0890625
9 0.32421875 0.54140625 0.11953125 0.12890625
10 0.68515625 0.13984375 0.15234375 0.1015625
10 0.325 0.6625 0.1640625 0.05625
11 0.4640625 0.125 0.1484375 0.08671875
11 0.6390625 0.60625 0.11953125 0.10625
5 0.7921875 0.796875 0.06640625 0.12421875
5 0.43671875 0.1890625 0.16796875 0.06953125
6 0.33046875 0.28984375 0.140625 0.0953125
6 0.44453125 0.340625 0.15234375 0.06328125
7 0.64375 0.27109375 0.1484375 0.06640625
7 0.49609375 0.52109375 0.13125 0.08203125
12 0.47578125 0.28359375 0.125 0.08515625
12 0.89609375 0.39140625 0.10546875 0.08359375
13 0.5859375 0.45390625 0.0921875 0.1046875
13 0.1234375 0.46953125 0.0703125 0.109375
14 0.54140625 0.6125 0.115625 0.06953125
14 0.5703125 0.346875 0.13515625 0.0546875
15 0.47421875 0.37890625 0.10390625 0.0578125
15 0.59296875 0.81875 0.08203125 0.08671875
16 0.65859375 0.3734375 0.1 0.07421875
16 0.75859375 0.45234375 0.07265625 0.08671875
17 0.23671875 0.20234375 0.078125 0.08046875
17 0.33984375 0.63125 0.06484375 0.08359375
18 0.8375 0.30234375 0.10546875 0.046875
18 0.72734375 0.83984375 0.084375 0.05625
19 0.5078125 0.78984375 0.084375 0.06484375
19 0.6875 0.46875 0.06484375 0.06796875
20 0.4015625 0.55703125 0.07421875 0.046875
20 0.4734375 0.42890625 0.07421875 0.0515625
21 0.1109375 0.34765625 0.06484375 0.07109375
21 0.2875 0.1703125 0.078125 0.05625
22 0.665625 0.1546875 0.171875 0.090625
22 0.87734375 0.4046875 0.17421875 0.0484375