0 0.2328125 0.4875 0.1 0.16328125
0 0.58046875 0.43359375 0.16015625 0.07109375
1 0.83359375 0.17421875 0.15625 0.0890625
1 0.8265625 0.47578125 0.1015625 0.1671875
2 0.675 0.35390625 0.1078125 0.11875
2 0.8828125 0.21328125 0.11015625 0.1390625
3 0.21484375 0.28125 0.09375 0.10234375
3 0.49453125 0.54921875 0.0609375 0.1328125
4 0.07890625 0.63359375 0.1140625 0.11640625
4 0.52890625 0.77734375 0.134375 0.0546875
8 0.771875 0.69921875 0.11875 0.06796875
8 0.8078125 0.503125 0.14453125 0.078125
9 0.56015625 0.23125 0.0859375 0.10234375
9 0.19453125 0.65703125 0.059375 0.13046875
10 0.5046875 0.34296875 0.09296875 0.08203125
10 0.796875 0.65390625 0.09296875 0.0828125
11 0.13828125 0.3203125 0.07109375 0.10859375
11 0.25859375 0.22890625 0.05234375 0.11796875
5 0.91875 0.2640625 0.0921875 0.0890625
5 0.62734375 0.07578125 0.09609375 0.0796875
6 0.29140625 0.121875 0.09609375 0.07578125
6 0.171875 0.2140625 0.084375 0.08984375
7 0.63671875 0.9296875 0.0734375 0.08671875
7 0.41328125 0.21796875 0.0734375 0.10390625
12 0.66796875 0.20390625 0.0859375 0.07109375
12 0.87734375 0.51015625 0.05703125 0.08671875
13 0.31328125 0.5265625 0.07421875 0.0703125
13 0.86171875 0.503125 0.05546875 0.1
14 0.6984375 0.47265625 0.046875 0.08203125
14 0.7015625 0.81015625 0.0734375 0.0703125
15 0.25078125 0.70859375 0.06015625 0.0828125
15 0.6765625 0.7109375 0.06953125 0.0546875
16 0.7875 0.79296875 0.0640625 0.05703125
16 0.49765625 0.13671875 0.06953125 0.059375
17 0.2046875 0.14296875 0.059375 0.06875
17 0.4265625 0.60234375 0.05859375 0.0609375
18 0.29921875 0.678125 0.0546875 0.06796875
18 0.4578125 0.61640625 0.04375 0.06875
19 0.38515625 0.89609375 0.0484375 0.075
19 0.5703125 0.59140625 0.0484375 0.06796875
20 0.42265625 0.45078125 0.046875 0.059375
20 0.37109375 0.59609375 0.04921875 0.04921875
21 0.61328125 0.20703125 0.04921875 0.059375
21 0.16875 0.73828125 0.04765625 0.05390625
22 0.6703125 0.11796875 0.11171875 0.05390625
23 0.66640625 0.97109375 0.04765625 0.04765625