0 0.65078125 0.5859375 0.1640625 0.221875
0 0.19921875 0.346875 0.10390625 0.25625
1 0.73671875 0.82109375 0.159375 0.21171875
1 0.6140625 0.840625 0.09375 0.25078125
2 0.6953125 0.47265625 0.06953125 0.2140625
2 0.69140625 0.63671875 0.11796875 0.19296875
3 0.2921875 0.13203125 0.15390625 0.1015625
3 0.76171875 0.29765625 0.15390625 0.109375
4 0.62109375 0.42265625 0.07578125 0.18828125
4 0.48984375 0.52890625 0.09375 0.175
8 0.4203125 0.5859375 0.12578125 0.159375
8 0.3640625 0.70078125 0.121875 0.159375
9 0.1609375 0.72421875 0.1140625 0.1484375
9 0.515625 0.78984375 0.06953125 0.18046875
10 0.25234375 0.71796875 0.11015625 0.140625
10 0.5671875 0.6171875 0.128125 0.1015625
11 0.6046875 0.1828125 0.1234375 0.09375
11 0.353125 0.59296875 0.11171875 0.1046875
5 0.3015625 0.2375 0.07578125 0.16171875
5 0.4140625 0.15390625 0.1140625 0.125
6 0.2921875 0.53671875 0.11796875 0.10703125
6 0.59609375 0.690625 0.121875 0.08125
7 0.075 0.5734375 0.078125 0.15390625
7 0.4421875 0.7453125 0.08203125 0.15390625
12 0.36015625 0.3890625 0.10546875 0.09921875
12 0.5328125 0.36796875 0.0640625 0.13046875
13 0.41796875 0.33515625 0.1015625 0.096875
13 0.6859375 0.9421875 0.08984375 0.09375
14 0.45234375 0.221875 0.09375 0.1046875
14 0.17578125 0.29375 0.06796875 0.128125
15 0.2265625 0.5015625 0.09375 0.078125
15 0.4734375 0.40703125 0.0640625 0.1203125
16 0.3140625 0.45078125 0.08984375 0.0859375
16 0.4140625 0.0796875 0.09375 0.0859375
17 0.09609375 0.74765625 0.07578125 0.1015625
17 0.08046875 0.4375 0.06171875 0.10703125
18 0.7578125 0.359375 0.08203125 0.08125
18 0.76875 0.41796875 0.0875 0.078125
19 0.43515625 0.44375 0.05625 0.09921875
19 0.684375 0.284375 0.071875 0.09375
20 0.9203125 0.71171875 0.0640625 0.08125
20 0.40703125 0.67109375 0.05625 0.0734375
21 0.53125 0.2875 0.0796875 0.0734375
21 0.26484375 0.34453125 0.065625 0.08359375
22 0.8609375 0.5375 0.1375 0.109375
23 0.91796875 0.64609375 0.1 0.09140625