0 0.64453125 0.76796875 0.10078125 0.21953125
0 0.63515625 0.55234375 0.215625 0.06015625
1 0.86875 0.76171875 0.10703125 0.1890625
1 0.50234375 0.37890625 0.14296875 0.1359375
2 0.38359375 0.23671875 0.1703125 0.08984375
2 0.253125 0.74453125 0.16328125 0.12890625
3 0.44140625 0.79140625 0.0921875 0.1296875
3 0.20390625 0.725 0.12421875 0.14921875
4 0.86796875 0.58203125 0.1296875 0.13359375
4 0.7921875 0.69296875 0.13359375 0.1
8 0.59609375 0.74140625 0.09375 0.1359375
8 0.55703125 0.440625 0.06953125 0.14921875
9 0.1703125 0.6578125 0.103125 0.1296875
9 0.86484375 0.5453125 0.13125 0.1015625
10 0.815625 0.4890625 0.0953125 0.09609375
10 0.73671875 0.84140625 0.12734375 0.04765625
11 0.50859375 0.646875 0.0484375 0.11171875
11 0.771875 0.88203125 0.1296875 0.0578125
5 0.334375 0.34453125 0.0453125 0.1234375
5 0.453125 0.640625 0.084375 0.0890625
6 0.2859375 0.0609375 0.12421875 0.078125
6 0.18984375 0.50546875 0.05078125 0.12890625
7 0.5828125 0.65390625 0.10546875 0.08515625
7 0.6546875 0.6203125 0.0828125 0.09921875
12 0.371875 0.8203125 0.0640625 0.1015625
12 0.73203125 0.6390625 0.09609375 0.07421875
13 0.371875 0.5984375 0.08046875 0.08359375
13 0.17109375 0.83046875 0.06953125 0.0796875
14 0.6 0.23125 0.05859375 0.0953125
14 0.715625 0.91953125 0.1109375 0.06015625
15 0.44296875 0.37421875 0.05859375 0.07734375
15 0.5171875 0.15390625 0.065625 0.08984375
16 0.3109375 0.2109375 0.08203125 0.0671875
16 0.59609375 0.47265625 0.04296875 0.08359375
17 0.17578125 0.2265625 0.04921875 0.0875
17 0.30625 0.14921875 0.084375 0.04921875
18 0.3625 0.52421875 0.0546875 0.07421875
18 0.89921875 0.33515625 0.0453125 0.07734375
19 0.5421875 0.528125 0.0671875 0.03828125
19 0.28828125 0.83515625 0.07890625 0.03828125
20 0.41328125 0.19375 0.065625 0.03828125
20 0.50546875 0.80078125 0.05234375 0.05625
21 0.6109375 0.53203125 0.07109375 0.0359375
21 0.278125 0.5015625 0.0640625 0.0375
22 0.54453125 0.3171875 0.06015625 0.12578125
22 0.2640625 0.91484375 0.1140625 0.0734375