0 0.38828125 0.83203125 0.165625 0.2265625
0 0.48125 0.7078125 0.18046875 0.1890625
1 0.11171875 0.4265625 0.16875 0.1515625
1 0.68046875 0.17890625 0.12734375 0.1484375
2 0.32421875 0.246875 0.178125 0.1375
2 0.20078125 0.41953125 0.103125 0.234375
3 0.84921875 0.68125 0.14296875 0.0984375
3 0.54140625 0.71640625 0.13828125 0.09375
4 0.8625 0.2625 0.08046875 0.2140625
4 0.1875 0.25859375 0.15078125 0.10625
8 0.60390625 0.76015625 0.18984375 0.1328125
8 0.2109375 0.6765625 0.08203125 0.2171875
9 0.415625 0.4859375 0.171875 0.0734375
9 0.8515625 0.49296875 0.09296875 0.15625
10 0.346875 0.74453125 0.1078125 0.11875
10 0.55078125 0.89609375 0.1015625 0.0921875
11 0.82109375 0.46953125 0.09609375 0.08125
11 0.5734375 0.240625 0.07109375 0.109375
5 0.71328125 0.51484375 0.1046875 0.125
5 0.50390625 0.23828125 0.07421875 0.1609375
6 0.4734375 0.68203125 0.153125 0.078125
6 0.28203125 0.07734375 0.08671875 0.1109375
7 0.7609375 0.384375 0.1078125 0.1078125
7 0.47265625 0.19375 0.14296875 0.09375
12 0.64375 0.2125 0.1171875 0.1
12 0.24375 0.40078125 0.059375 0.128125
13 0.459375 0.275 0.08046875 0.1265625
13 0.19375 0.59375 0.065625 0.1078125
14 0.65546875 0.39375 0.04375 0.1453125
14 0.7375 0.27734375 0.0984375 0.06875
15 0.29375 0.31796875 0.059375 0.121875
15 0.525 0.4203125 0.059375 0.1015625
16 0.77578125 0.534375 0.046875 0.1140625
16 0.915625 0.82734375 0.06875 0.1078125
17 0.509375 0.44765625 0.08203125 0.08125
17 0.61953125 0.58671875 0.07421875 0.084375
18 0.45703125 0.57421875 0.07421875 0.071875
18 0.54140625 0.10859375 0.059375 0.0921875
19 0.58828125 0.6421875 0.08203125 0.0609375
19 0.55859375 0.5640625 0.05 0.0921875
20 0.090625 0.4234375 0.05625 0.0765625
20 0.37109375 0.37734375 0.0546875 0.065625
21 0.41171875 0.24453125 0.0546875 0.0703125
21 0.4171875 0.95546875 0.0625 0.0640625
22 0.45859375 0.7625 0.14453125 0.103125
23 0.29375 0.434375 0.05 0.0765625