0 0.378125 0.68203125 0.034375 0.296875
0 0.61953125 0.24140625 0.04921875 0.28828125
1 0.52421875 0.8453125 0.1015625 0.2
1 0.7640625 0.6375 0.11171875 0.190625
2 0.6015625 0.65703125 0.05859375 0.14453125
2 0.52109375 0.88359375 0.07578125 0.16953125
3 0.54453125 0.33984375 0.0875 0.14296875
3 0.740625 0.66953125 0.07890625 0.1734375
4 0.81328125 0.609375 0.0859375 0.1515625
4 0.5015625 0.09453125 0.10078125 0.121875
8 0.65390625 0.52890625 0.09609375 0.10390625
8 0.41015625 0.5046875 0.0484375 0.15390625
9 0.76875 0.515625 0.0609375 0.14453125
9 0.53359375 0.359375 0.0296875 0.178125
10 0.65546875 0.31328125 0.03671875 0.178125
10 0.478125 0.55859375 0.04140625 0.159375
11 0.57421875 0.39140625 0.0375 0.15390625
11 0.33671875 0.7703125 0.02734375 0.1765625
5 0.67421875 0.58828125 0.06875 0.08828125
5 0.58046875 0.85625 0.04765625 0.13984375
6 0.5 0.16875 0.06328125 0.1109375
6 0.625 0.90390625 0.08125 0.07578125
7 0.85078125 0.80625 0.05859375 0.1640625
7 0.55625 0.66640625 0.04609375 0.14453125
12 0.52734375 0.215625 0.05 0.134375
12 0.6171875 0.428125 0.03984375 0.1328125
13 0.54921875 0.540625 0.02578125 0.1484375
13 0.40390625 0.81015625 0.04609375 0.1078125
14 0.51171875 0.7296875 0.0484375 0.11640625
14 0.465625 0.8921875 0.03203125 0.1375
15 0.43671875 0.68515625 0.053125 0.08828125
15 0.54453125 0.45859375 0.04921875 0.06171875
16 0.4359375 0.5125 0.03828125 0.11328125
16 0.35234375 0.77265625 0.025 0.11484375
17 0.43359375 0.7828125 0.02578125 0.10625
17 0.39921875 0.71796875 0.0390625 0.096875
18 0.88359375 0.45234375 0.05 0.06328125
18 0.58046875 0.484375 0.04140625 0.078125
19 0.71953125 0.91484375 0.0359375 0.10234375
19 0.665625 0.709375 0.034375 0.0828125
20 0.4609375 0.50859375 0.03125 0.0703125
20 0.503125 0.65390625 0.03125 0.07421875
21 0.64921875 0.484375 0.0296875 0.08515625
21 0.7515625 0.83671875 0.04453125 0.05859375
22 0.9453125 0.546875 0.0890625 0.0796875
22 0.45 0.1640625 0.04296875 0.1375