0 0.60859375 0.43125 0.165625 0.1546875
0 0.6578125 0.4359375 0.15 0.10625
1 0.40859375 0.89765625 0.19375 0.15078125
1 0.65703125 0.72578125 0.08359375 0.19609375
2 0.53046875 0.40234375 0.1484375 0.0796875
2 0.63828125 0.26640625 0.1484375 0.08125
3 0.89296875 0.58515625 0.15546875 0.1125
3 0.28671875 0.4109375 0.175 0.065625
4 0.63125 0.9234375 0.15546875 0.09765625
4 0.1890625 0.63984375 0.16484375 0.1015625
8 0.80625 0.36953125 0.103125 0.10234375
8 0.11484375 0.42109375 0.08515625 0.15078125
9 0.3875 0.07734375 0.08828125 0.13203125
9 0.4140625 0.33359375 0.13515625 0.07734375
10 0.66953125 0.840625 0.1234375 0.09140625
10 0.86328125 0.65390625 0.07890625 0.11875
11 0.56015625 0.7375 0.06875 0.0859375
11 0.2625 0.42890625 0.0671875 0.09765625
5 0.70390625 0.50859375 0.121875 0.05234375
5 0.48515625 0.8875 0.13671875 0.0453125
6 0.44375 0.525 0.06171875 0.11015625
6 0.390625 0.2265625 0.1 0.08125
7 0.8140625 0.45859375 0.0953125 0.09921875
7 0.6796875 0.2234375 0.06484375 0.109375
12 0.221875 0.703125 0.04375 0.10234375
12 0.78828125 0.3234375 0.0703125 0.0953125
13 0.61328125 0.84140625 0.06640625 0.0859375
13 0.28984375 0.2875 0.08984375 0.0890625
14 0.7734375 0.62890625 0.10390625 0.0671875
14 0.54296875 0.61875 0.0921875 0.075
15 0.4640625 0.6234375 0.04375 0.08125
15 0.28046875 0.49375 0.096875 0.0390625
16 0.7453125 0.7765625 0.0984375 0.04453125
16 0.70703125 0.7328125 0.05703125 0.08125
17 0.5265625 0.58203125 0.071875 0.0453125
17 0.34296875 0.86796875 0.08359375 0.0453125
18 0.190625 0.44140625 0.0734375 0.05078125
18 0.6375 0.4265625 0.06171875 0.046875
19 0.49375 0.91328125 0.07890625 0.0390625
19 0.47578125 0.3 0.0703125 0.04453125
20 0.4703125 0.253125 0.0546875 0.0609375
20 0.4625 0.70859375 0.05859375 0.05859375
21 0.34921875 0.24296875 0.0734375 0.05078125
21 0.74453125 0.6796875 0.05859375 0.05234375
22 0.2625 0.75703125 0.06484375 0.1265625