0 0.3734375 0.91328125 0.11953125 0.16484375
0 0.48671875 0.3421875 0.1078125 0.1546875
1 0.21796875 0.71875 0.13359375 0.128125
1 0.384375 0.57265625 0.134375 0.06640625
2 0.16875 0.4921875 0.1125 0.071875
2 0.72734375 0.61875 0.128125 0.10625
3 0.375 0.16328125 0.11953125 0.06171875
3 0.4078125 0.665625 0.05859375 0.16015625
4 0.06171875 0.434375 0.0890625 0.11328125
4 0.14296875 0.5765625 0.08828125 0.13515625
8 0.55078125 0.44609375 0.0953125 0.09296875
8 0.325 0.48125 0.05 0.1546875
9 0.6421875 0.24296875 0.0984375 0.08515625
9 0.42421875 0.09765625 0.0640625 0.13125
10 0.21953125 0.2546875 0.03671875 0.14375
10 0.39453125 0.66015625 0.0890625 0.08203125
11 0.94375 0.4640625 0.071875 0.13125
11 0.68984375 0.4 0.08203125 0.08515625
5 0.165625 0.57109375 0.05546875 0.125
5 0.20546875 0.421875 0.075 0.0734375
6 0.27734375 0.1734375 0.0796875 0.0703125
6 0.34296875 0.8546875 0.078125 0.10625
7 0.53203125 0.65390625 0.090625 0.06875
7 0.5296875 0.80625 0.0421875 0.13203125
12 0.20703125 0.5671875 0.0328125 0.11875
12 0.5609375 0.56875 0.0390625 0.11015625
13 0.578125 0.20390625 0.0375 0.11640625
13 0.30546875 0.4703125 0.04140625 0.096875
14 0.53828125 0.1 0.075 0.0796875
14 0.4859375 0.559375 0.065625 0.08671875
15 0.03984375 0.3796875 0.04921875 0.0765625
15 0.4640625 0.82890625 0.0375 0.1046875
16 0.2453125 0.21171875 0.04609375 0.0765625
16 0.45390625 0.69765625 0.03828125 0.0953125
17 0.8046875 0.4953125 0.0609375 0.0734375
17 0.16328125 0.11796875 0.0359375 0.096875
18 0.45625 0.19296875 0.0546875 0.05859375
18 0.5203125 0.3875 0.034375 0.0546875
19 0.4171875 0.90859375 0.04921875 0.0703125
19 0.53671875 0.51796875 0.03828125 0.0734375
20 0.2375 0.61171875 0.05 0.05
20 0.15625 0.40625 0.0453125 0.06171875
21 0.0359375 0.51171875 0.0421875 0.0765625
21 0.08203125 0.490625 0.0375 0.075
22 0.45703125 0.684375 0.09296875 0.06015625
22 0.359375 0.4890625 0.08359375 0.06015625