0 0.58125 0.84765625 0.12265625 0.1453125
0 0.58125 0.46328125 0.09296875 0.1140625
1 0.6296875 0.2421875 0.14453125 0.13515625
1 0.74375 0.890625 0.096875 0.16015625
2 0.571875 0.73671875 0.05625 0.2046875
2 0.84765625 0.0671875 0.1 0.1171875
3 0.71015625 0.76640625 0.09140625 0.12109375
3 0.7125 0.5796875 0.11015625 0.08203125
4 0.4109375 0.4484375 0.03671875 0.196875
4 0.915625 0.378125 0.10625 0.078125
8 0.65625 0.28984375 0.096875 0.1171875
8 0.76953125 0.7921875 0.0765625 0.159375
9 0.66171875 0.8609375 0.05546875 0.14375
9 0.5234375 0.55859375 0.0875 0.1046875
10 0.52265625 0.81328125 0.0375 0.153125
10 0.08125 0.60703125 0.0765625 0.11015625
11 0.47890625 0.484375 0.084375 0.0765625
11 0.85625 0.35234375 0.05 0.1296875
5 0.715625 0.25859375 0.04375 0.1296875
5 0.0453125 0.56875 0.06015625 0.1421875
6 0.1828125 0.6984375 0.09453125 0.07421875
6 0.67265625 0.1109375 0.07734375 0.09375
7 0.6515625 0.13515625 0.0796875 0.07265625
7 0.26640625 0.24375 0.0921875 0.07109375
12 0.9234375 0.89921875 0.078125 0.05546875
12 0.57890625 0.465625 0.02578125 0.13125
13 0.61328125 0.39140625 0.07265625 0.06015625
13 0.58828125 0.371875 0.059375 0.090625
14 0.7390625 0.74453125 0.06328125 0.078125
14 0.63046875 0.5484375 0.0609375 0.05859375
15 0.53671875 0.31328125 0.046875 0.0875
15 0.67109375 0.53515625 0.0546875 0.07109375
16 0.509375 0.64453125 0.0515625 0.08359375
16 0.396875 0.57578125 0.03828125 0.10625
17 0.9484375 0.60546875 0.04375 0.09453125
17 0.75078125 0.25625 0.053125 0.06171875
18 0.48359375 0.76953125 0.03046875 0.08515625
18 0.74453125 0.603125 0.04140625 0.06015625
19 0.46484375 0.81484375 0.03671875 0.07109375
19 0.615625 0.596875 0.03046875 0.08125
20 0.83046875 0.2890625 0.040625 0.06015625
20 0.67578125 0.465625 0.0359375 0.0671875
21 0.2296875 0.6046875 0.04453125 0.06015625
21 0.678125 0.43515625 0.0515625 0.04765625
22 0.89375 0.76484375 0.08828125 0.0875
22 0.74765625 0.375 0.0484375 0.10078125