0 0.3484375 0.84375 0.11171875 0.22265625
0 0.25078125 0.47890625 0.1171875 0.1484375
1 0.878125 0.28671875 0.14140625 0.19765625
1 0.33046875 0.621875 0.06171875 0.21796875
2 0.375 0.45078125 0.09609375 0.11796875
2 0.42265625 0.4765625 0.09296875 0.15
3 0.41015625 0.384375 0.08515625 0.13671875
3 0.228125 0.4421875 0.1109375 0.1046875
4 0.47421875 0.5375 0.07109375 0.171875
4 0.5515625 0.41484375 0.121875 0.07578125
8 0.16328125 0.3953125 0.07890625 0.13515625
8 0.35546875 0.5671875 0.11640625 0.09140625
9 0.4984375 0.684375 0.125 0.0609375
9 0.4203125 0.17734375 0.084375 0.1015625
10 0.4171875 0.2375 0.1015625 0.0640625
10 0.0609375 0.1203125 0.096875 0.0859375
11 0.3765625 0.2375 0.0578125 0.13359375
11 0.61953125 0.559375 0.07265625 0.109375
5 0.2796875 0.76171875 0.0515625 0.15
5 0.2578125 0.79765625 0.0703125 0.125
6 0.24375 0.9015625 0.0984375 0.0890625
6 0.5859375 0.0828125 0.05625 0.13359375
7 0.6203125 0.4921875 0.06640625 0.12265625
7 0.4140625 0.71796875 0.09921875 0.08125
12 0.584375 0.3734375 0.075 0.07421875
12 0.94921875 0.12734375 0.04375 0.13828125
13 0.2109375 0.58515625 0.0765625 0.1015625
13 0.4015625 0.64375 0.084375 0.05859375
14 0.5515625 0.22421875 0.07890625 0.05859375
14 0.26953125 0.54765625 0.0734375 0.0859375
15 0.34375 0.484375 0.06484375 0.07734375
15 0.5109375 0.79375 0.08203125 0.05078125
16 0.490625 0.58203125 0.04765625 0.09296875
16 0.5625 0.32890625 0.05859375 0.0609375
17 0.24765625 0.42109375 0.06484375 0.06875
17 0.47109375 0.32421875 0.075 0.0640625
18 0.52734375 0.5859375 0.05 0.06875
18 0.6765625 0.28828125 0.05234375 0.084375
19 0.553125 0.271875 0.06171875 0.05546875
19 0.2859375 0.5796875 0.05625 0.040625
20 0.3453125 0.8109375 0.04453125 0.0671875
20 0.33828125 0.75859375 0.040625 0.05859375
21 0.2265625 0.56171875 0.0328125 0.08125
21 0.47578125 0.1546875 0.0578125 0.0453125
22 0.171875 0.49765625 0.11015625 0.09609375
22 0.48984375 0.7390625 0.09453125 0.0859375