0 0.51875 0.40390625 0.153125 0.08359375
0 0.25 0.25859375 0.134375 0.12890625
1 0.3328125 0.3671875 0.16953125 0.1796875
1 0.5875 0.73203125 0.24375 0.0703125
2 0.36015625 0.1421875 0.12890625 0.146875
2 0.74140625 0.69453125 0.09921875 0.196875
3 0.7203125 0.42578125 0.0625 0.19296875
3 0.509375 0.7890625 0.1578125 0.09609375
4 0.5796875 0.4859375 0.0765625 0.1734375
4 0.68125 0.578125 0.06953125 0.14296875
8 0.34765625 0.2875 0.1625 0.10546875
8 0.61875 0.29140625 0.10703125 0.1328125
9 0.5375 0.3296875 0.12890625 0.06796875
9 0.484375 0.6765625 0.16171875 0.07421875
10 0.45703125 0.5140625 0.1234375 0.0859375
10 0.48671875 0.1625 0.06640625 0.1015625
11 0.26953125 0.25625 0.08828125 0.115625
11 0.36484375 0.08515625 0.06484375 0.0796875
5 0.54609375 0.8109375 0.115625 0.08359375
5 0.4578125 0.37578125 0.096875 0.071875
6 0.35234375 0.609375 0.0515625 0.13828125
6 0.38125 0.32890625 0.07109375 0.115625
7 0.44609375 0.4703125 0.10390625 0.1
7 0.59296875 0.4890625 0.1109375 0.0921875
12 0.2953125 0.5765625 0.08125 0.1109375
12 0.53671875 0.25234375 0.05390625 0.08359375
13 0.76796875 0.4921875 0.10625 0.07578125
13 0.7484375 0.5484375 0.08515625 0.0859375
14 0.56015625 0.64375 0.09921875 0.084375
14 0.4078125 0.5890625 0.09765625 0.06640625
15 0.61875 0.60546875 0.09921875 0.046875
15 0.275 0.17578125 0.0625 0.09140625
16 0.4953125 0.4765625 0.0734375 0.0625
16 0.3265625 0.3625 0.08984375 0.0453125
17 0.24296875 0.540625 0.06640625 0.084375
17 0.5609375 0.1296875 0.07890625 0.05859375
18 0.46484375 0.5953125 0.071875 0.053125
18 0.26328125 0.35078125 0.07109375 0.04296875
19 0.41796875 0.63828125 0.05546875 0.0625
19 0.2453125 0.38125 0.05390625 0.0703125
20 0.43515625 0.2125 0.05625 0.0625
20 0.26875 0.52421875 0.05859375 0.0484375
21 0.4 0.20234375 0.04453125 0.05859375
21 0.65703125 0.7484375 0.03515625 0.06796875
22 0.19609375 0.23359375 0.0875 0.08203125
22 0.275 0.15234375 0.08984375 0.13046875