0 0.87734375 0.32734375 0.1265625 0.284375
0 0.48046875 0.2828125 0.21484375 0.13203125
1 0.41796875 0.15625 0.1609375 0.21640625
1 0.44453125 0.41796875 0.19453125 0.13203125
2 0.25859375 0.62578125 0.125 0.21015625
2 0.4703125 0.4796875 0.125 0.1453125
3 0.4859375 0.10234375 0.140625 0.16875
3 0.11015625 0.64296875 0.17109375 0.10546875
4 0.4859375 0.73984375 0.1515625 0.09453125
4 0.61875 0.875 0.16796875 0.07734375
8 0.396875 0.61015625 0.13515625 0.1125
8 0.0984375 0.39375 0.0953125 0.18203125
9 0.596875 0.296875 0.1140625 0.12421875
9 0.69140625 0.5125 0.16015625 0.05625
10 0.39140625 0.24453125 0.1296875 0.07265625
10 0.34296875 0.73984375 0.06328125 0.12734375
11 0.153125 0.4125 0.1046875 0.13359375
11 0.5625 0.38984375 0.1390625 0.059375
5 0.42734375 0.3328125 0.078125 0.13046875
5 0.54765625 0.5875 0.078125 0.14375
6 0.390625 0.55078125 0.1140625 0.109375
6 0.66796875 0.9 0.06875 0.16015625
7 0.62421875 0.159375 0.11875 0.1203125
7 0.65703125 0.3296875 0.08828125 0.1109375
12 0.74375 0.6609375 0.090625 0.115625
12 0.3953125 0.525 0.0609375 0.13359375
13 0.2609375 0.53984375 0.0453125 0.12734375
13 0.146875 0.7109375 0.11171875 0.04921875
14 0.8734375 0.56640625 0.09375 0.09453125
14 0.26484375 0.70390625 0.078125 0.13515625
15 0.5859375 0.71328125 0.08984375 0.07421875
15 0.2578125 0.328125 0.07734375 0.07421875
16 0.21015625 0.353125 0.08671875 0.07109375
16 0.74453125 0.45390625 0.09765625 0.0578125
17 0.70234375 0.36015625 0.046875 0.10234375
17 0.334375 0.89765625 0.06171875 0.09609375
18 0.73125 0.51875 0.04375 0.0921875
18 0.4140625 0.19609375 0.0671875 0.07421875
19 0.14609375 0.53046875 0.071875 0.0625
19 0.33984375 0.275 0.07265625 0.06796875
20 0.4953125 0.7921875 0.06171875 0.0578125
20 0.65390625 0.6625 0.05234375 0.07265625
21 0.7703125 0.26015625 0.059375 0.10390625
21 0.7546875 0.36875 0.0578125 0.07578125
22 0.521875 0.82578125 0.1265625 0.0875
22 0.63671875 0.71015625 0.08671875 0.15390625