0 0.77109375 0.796875 0.1453125 0.13984375
0 0.3625 0.72109375 0.13671875 0.0890625
1 0.365625 0.37109375 0.2234375 0.053125
1 0.71796875 0.38046875 0.203125 0.06015625
2 0.31796875 0.66015625 0.1703125 0.08203125
2 0.6453125 0.6953125 0.171875 0.03359375
3 0.8234375 0.58203125 0.10234375 0.1046875
3 0.58203125 0.76796875 0.1 0.10859375
4 0.778125 0.73203125 0.05859375 0.11796875
4 0.4875 0.621875 0.078125 0.11875
8 0.18046875 0.6125 0.10546875 0.07109375
8 0.26953125 0.52265625 0.13515625 0.0546875
9 0.5453125 0.29140625 0.14453125 0.0515625
9 0.34453125 0.58203125 0.14296875 0.03046875
10 0.74296875 0.5671875 0.1234375 0.04765625
10 0.31953125 0.63828125 0.06875 0.10234375
11 0.88515625 0.7671875 0.0765625 0.0921875
11 0.4078125 0.671875 0.05859375 0.08828125
5 0.82265625 0.95859375 0.13359375 0.078125
5 0.7796875 0.4734375 0.10234375 0.0671875
6 0.83984375 0.8640625 0.09375 0.05859375
6 0.346875 0.6171875 0.1234375 0.05625
7 0.40078125 0.30390625 0.09765625 0.0890625
7 0.41015625 0.79453125 0.13125 0.05234375
12 0.43515625 0.31484375 0.0875 0.065625
12 0.41796875 0.66953125 0.08984375 0.06796875
13 0.8734375 0.0984375 0.1078125 0.0625
13 0.64765625 0.7328125 0.07265625 0.06953125
14 0.51328125 0.5734375 0.04921875 0.075
14 0.56015625 0.64921875 0.09140625 0.04140625
15 0.4515625 0.4828125 0.0921875 0.0359375
15 0.60703125 0.54609375 0.04453125 0.0703125
16 0.72265625 0.5203125 0.08984375 0.0328125
16 0.8453125 0.77890625 0.04140625 0.06796875
17 0.29296875 0.5375 0.0765625 0.0484375
17 0.828125 0.890625 0.0859375 0.0421875
18 0.5296875 0.76171875 0.05625 0.05546875
18 0.9390625 0.9453125 0.06015625 0.05546875
19 0.0890625 0.58828125 0.0796875 0.0515625
19 0.36640625 0.35625 0.07421875 0.0328125
20 0.6859375 0.2734375 0.05859375 0.04765625
20 0.1875 0.4796875 0.0625 0.046875
21 0.40078125 0.5421875 0.06796875 0.03203125
21 0.903125 0.04375 0.053125 0.05234375
22 0.87265625 0.65546875 0.0625 0.103125
22 0.4375 0.396875 0.11796875 0.06796875