0 0.46796875 0.8390625 0.18125 0.12578125
0 0.1859375 0.5546875 0.09765625 0.17421875
1 0.67578125 0.26328125 0.1375 0.15390625
1 0.41875 0.29609375 0.128125 0.2390625
2 0.50234375 0.72890625 0.14375 0.11015625
2 0.553125 0.459375 0.09609375 0.1609375
3 0.2125 0.796875 0.19375 0.09921875
3 0.52421875 0.334375 0.134375 0.0890625
4 0.49609375 0.41328125 0.134375 0.090625
4 0.1953125 0.7390625 0.1296875 0.1203125
8 0.5265625 0.58828125 0.1453125 0.15390625
8 0.12265625 0.6625 0.06640625 0.22890625
9 0.7625 0.60625 0.08359375 0.2109375
9 0.39375 0.2953125 0.08984375 0.1609375
10 0.71171875 0.3625 0.11015625 0.18359375
10 0.4328125 0.909375 0.19375 0.0734375
11 0.39921875 0.74375 0.07265625 0.17109375
11 0.746875 0.365625 0.10234375 0.14453125
5 0.60234375 0.2890625 0.07890625 0.165625
5 0.746875 0.50859375 0.10546875 0.15546875
6 0.36171875 0.53515625 0.09609375 0.15546875
6 0.28828125 0.66953125 0.10078125 0.13125
7 0.5078125 0.14453125 0.1328125 0.14296875
7 0.26015625 0.8578125 0.1265625 0.11015625
12 0.52265625 0.2453125 0.10546875 0.0921875
12 0.49609375 0.634375 0.128125 0.103125
13 0.3609375 0.74140625 0.07890625 0.09453125
13 0.8484375 0.365625 0.1328125 0.06796875
14 0.4203125 0.5796875 0.11171875 0.090625
14 0.2390625 0.50546875 0.10234375 0.103125
15 0.57265625 0.84140625 0.06640625 0.11484375
15 0.29296875 0.428125 0.11484375 0.08203125
16 0.38046875 0.6390625 0.09453125 0.0734375
16 0.6453125 0.46953125 0.08203125 0.090625
17 0.45234375 0.79609375 0.07578125 0.090625
17 0.50390625 0.521875 0.08984375 0.0734375
18 0.33046875 0.79296875 0.06171875 0.0921875
18 0.07890625 0.7078125 0.06953125 0.1171875
19 0.16328125 0.8828125 0.08984375 0.08046875
19 0.55859375 0.56796875 0.07265625 0.0609375
20 0.61796875 0.81171875 0.06015625 0.08359375
20 0.8265625 0.3234375 0.08515625 0.0609375
21 0.90703125 0.0640625 0.09453125 0.07890625
21 0.4328125 0.9484375 0.07109375 0.06796875