0 0.80078125 0.3875 0.08515625 0.146875
0 0.36640625 0.95390625 0.11171875 0.05703125
1 0.309375 0.46484375 0.10390625 0.11953125
1 0.9234375 0.45625 0.09921875 0.1109375
2 0.11953125 0.27421875 0.09921875 0.08828125
2 0.534375 0.771875 0.103125 0.06171875
3 0.92265625 0.2640625 0.0984375 0.08203125
3 0.68515625 0.36796875 0.0453125 0.12734375
4 0.60234375 0.87734375 0.071875 0.109375
4 0.3828125 0.16875 0.040625 0.11875
8 0.81484375 0.471875 0.09453125 0.07421875
8 0.17734375 0.2609375 0.07109375 0.10390625
9 0.2546875 0.5421875 0.08515625 0.05859375
9 0.5390625 0.3078125 0.05546875 0.10625
10 0.33203125 0.27265625 0.06328125 0.0734375
10 0.43828125 0.48046875 0.06171875 0.08359375
11 0.8328125 0.73046875 0.06015625 0.09765625
11 0.63671875 0.21796875 0.0671875 0.06796875
5 0.246875 0.73203125 0.03671875 0.1
5 0.5828125 0.20625 0.05390625 0.09140625
6 0.2296875 0.68203125 0.07734375 0.0609375
6 0.790625 0.53828125 0.0734375 0.07109375
7 0.04921875 0.6921875 0.0546875 0.0859375
7 0.25625 0.2765625 0.06328125 0.06171875
12 0.5390625 0.9109375 0.0671875 0.0484375
12 0.5 0.71953125 0.06796875 0.0375
13 0.4703125 0.40859375 0.06484375 0.0390625
13 0.3546875 0.67109375 0.0453125 0.0828125
14 0.09765625 0.79296875 0.06015625 0.06796875
14 0.48359375 0.08671875 0.05546875 0.07265625
15 0.34921875 0.49296875 0.053125 0.05859375
15 0.6671875 0.2640625 0.0390625 0.07109375
16 0.53359375 0.3703125 0.04296875 0.06953125
16 0.50078125 0.13359375 0.05390625 0.0421875
17 0.65078125 0.6 0.0546875 0.04609375
17 0.6828125 0.12734375 0.0578125 0.0421875
18 0.40546875 0.35 0.04765625 0.04296875
18 0.390625 0.64765625 0.04453125 0.0453125
19 0.603125 0.94296875 0.05 0.0359375
19 0.69296875 0.740625 0.05390625 0.0421875
20 0.4296875 0.66640625 0.040625 0.0375
20 0.45234375 0.01796875 0.04140625 0.0359375
21 0.17265625 0.2265625 0.03515625 0.05234375
21 0.3578125 0.71796875 0.03046875 0.04375
22 0.3953125 0.234375 0.07265625 0.06953125
22 0.50859375 0.4640625 0.0359375 0.10625