0 0.7515625 0.48984375 0.096875 0.1109375
0 0.8859375 0.14296875 0.1296875 0.14453125
1 0.7875 0.3296875 0.1609375 0.146875
1 0.90234375 0.08046875 0.09765625 0.1390625
2 0.3109375 0.7421875 0.14765625 0.1109375
2 0.60546875 0.19140625 0.1203125 0.09375
3 0.36875 0.5109375 0.08984375 0.09140625
3 0.49375 0.196875 0.10625 0.1515625
4 0.64375 0.4609375 0.15625 0.090625
4 0.59765625 0.396875 0.15390625 0.065625
8 0.63984375 0.353125 0.09375 0.065625
8 0.8359375 0.3046875 0.07734375 0.12265625
9 0.91953125 0.30390625 0.0765625 0.1078125
9 0.68515625 0.55390625 0.12578125 0.08828125
10 0.8296875 0.42109375 0.07109375 0.0796875
10 0.59296875 0.1984375 0.0609375 0.09921875
11 0.915625 0.23203125 0.07890625 0.0859375
11 0.3890625 0.859375 0.09765625 0.0765625
5 0.5359375 0.61640625 0.09453125 0.07734375
5 0.5265625 0.20625 0.06328125 0.1
6 0.4875 0.18671875 0.12890625 0.04609375
6 0.3796875 0.65546875 0.0921875 0.04765625
7 0.50390625 0.66953125 0.12578125 0.07421875
7 0.66171875 0.6921875 0.0703125 0.0765625
12 0.65390625 0.51640625 0.05546875 0.09140625
12 0.32734375 0.934375 0.07578125 0.08828125
13 0.665625 0.14296875 0.0640625 0.08046875
13 0.265625 0.6484375 0.090625 0.0703125
14 0.60546875 0.71953125 0.05625 0.08828125
14 0.678125 0.59609375 0.05234375 0.10234375
15 0.5984375 0.278125 0.06015625 0.05625
15 0.42578125 0.3671875 0.0828125 0.06484375
16 0.2734375 0.87578125 0.046875 0.0859375
16 0.67734375 0.88828125 0.05 0.04921875
17 0.759375 0.4125 0.05234375 0.06171875
17 0.61484375 0.56015625 0.03359375 0.07578125
18 0.22265625 0.771875 0.04765625 0.065625
18 0.27421875 0.81484375 0.06953125 0.04453125
19 0.26875 0.5265625 0.05703125 0.06875
19 0.70390625 0.609375 0.0390625 0.0421875
20 0.23984375 0.59609375 0.05703125 0.04765625
20 0.36875 0.81484375 0.06328125 0.04296875
21 0.884375 0.31328125 0.06015625 0.0453125
21 0.053125 0.9140625 0.065625 0.0390625
22 0.74453125 0.54921875 0.0640625 0.09375
23 0.0953125 0.928125 0.0375 0.05390625