0 0.5734375 0.4828125 0.12265625 0.21640625
0 0.61015625 0.15859375 0.1375 0.12578125
1 0.36328125 0.54765625 0.08671875 0.2046875
1 0.49765625 0.34296875 0.18125 0.0875
2 0.54453125 0.24609375 0.14921875 0.0859375
2 0.51015625 0.5625 0.14140625 0.1109375
3 0.37265625 0.80078125 0.10078125 0.13984375
3 0.465625 0.69765625 0.0765625 0.175
4 0.259375 0.87109375 0.1515625 0.0796875
4 0.515625 0.703125 0.115625 0.13359375
8 0.2875 0.7671875 0.14609375 0.06875
8 0.48828125 0.56171875 0.1453125 0.06328125
9 0.1921875 0.759375 0.1015625 0.13359375
9 0.903125 0.44453125 0.05234375 0.1984375
10 0.68671875 0.39140625 0.08046875 0.11640625
10 0.53984375 0.79375 0.1015625 0.09375
11 0.10859375 0.77109375 0.1203125 0.06484375
11 0.53671875 0.78515625 0.0828125 0.13203125
5 0.703125 0.44140625 0.06171875 0.13984375
5 0.3859375 0.85 0.06171875 0.13671875
6 0.5421875 0.29921875 0.06171875 0.12578125
6 0.5203125 0.69453125 0.06328125 0.13203125
7 0.50078125 0.48203125 0.053125 0.11328125
7 0.32109375 0.72890625 0.05703125 0.14609375
12 0.3734375 0.19296875 0.059375 0.11484375
12 0.4296875 0.20625 0.09296875 0.06875
13 0.878125 0.10234375 0.0484375 0.14296875
13 0.32734375 0.51328125 0.0421875 0.12265625
14 0.43828125 0.49375 0.05859375 0.103125
14 0.62734375 0.4625 0.040625 0.11328125
15 0.39453125 0.60078125 0.0765625 0.05859375
15 0.06015625 0.63671875 0.08828125 0.06640625
16 0.64140625 0.63359375 0.0671875 0.071875
16 0.184375 0.6578125 0.053125 0.1078125
17 0.4390625 0.41328125 0.05234375 0.0859375
17 0.55078125 0.71640625 0.06484375 0.06875
18 0.59375 0.37109375 0.065625 0.05390625
18 0.3 0.6078125 0.040625 0.084375
19 0.5734375 0.409375 0.05859375 0.06640625
19 0.2140625 0.5578125 0.05078125 0.0734375
20 0.70546875 0.53515625 0.04375 0.071875
20 0.64453125 0.51953125 0.0359375 0.06484375
21 0.49296875 0.91875 0.0359375 0.0953125
21 0.55 0.81640625 0.03203125 0.078125
22 0.446875 0.25703125 0.096875 0.090625
23 0.76015625 0.5765625 0.059375 0.05078125