0 0.67265625 0.440625 0.2484375 0.18203125
0 0.27734375 0.796875 0.23125 0.225
1 0.77265625 0.28203125 0.19765625 0.17734375
1 0.746875 0.59375 0.146875 0.1390625
2 0.13515625 0.4484375 0.19375 0.2328125
2 0.4328125 0.559375 0.16171875 0.1609375
3 0.4703125 0.39765625 0.0765625 0.26171875
3 0.7046875 0.1671875 0.14375 0.2421875
4 0.6234375 0.68671875 0.078125 0.215625
4 0.40078125 0.16015625 0.09921875 0.18828125
8 0.52421875 0.36953125 0.06875 0.17890625
8 0.44921875 0.85078125 0.125 0.20703125
9 0.35625 0.1984375 0.15703125 0.13046875
9 0.334375 0.69609375 0.140625 0.1640625
10 0.53984375 0.72890625 0.15546875 0.12265625
10 0.62578125 0.2734375 0.11328125 0.1453125
11 0.8546875 0.421875 0.13046875 0.10859375
11 0.734375 0.72109375 0.078125 0.15625
5 0.921875 0.30625 0.090625 0.15
5 0.49375 0.69375 0.0921875 0.140625
6 0.4078125 0.7546875 0.06875 0.153125
6 0.7140625 0.26484375 0.08671875 0.153125
7 0.22578125 0.2859375 0.140625 0.13046875
7 0.49765625 0.18515625 0.09453125 0.159375
12 0.25703125 0.2125 0.0828125 0.11015625
12 0.70703125 0.621875 0.09296875 0.1375
13 0.15703125 0.584375 0.125 0.08125
13 0.6828125 0.39765625 0.10859375 0.090625
14 0.39609375 0.3 0.0984375 0.11953125
14 0.39296875 0.48046875 0.0484375 0.12265625
15 0.5390625 0.82109375 0.06015625 0.0890625
15 0.35 0.478125 0.05234375 0.12265625
16 0.83515625 0.70625 0.11484375 0.0578125
16 0.71015625 0.68671875 0.0953125 0.08125
17 0.60625 0.10078125 0.09453125 0.0859375
17 0.71484375 0.78046875 0.0625 0.10859375
18 0.71015625 0.41875 0.08828125 0.059375
18 0.596875 0.86875 0.05859375 0.08125
19 0.65390625 0.87890625 0.0625 0.0953125
19 0.7578125 0.1234375 0.0921875 0.071875
20 0.55390625 0.290625 0.04375 0.0859375
20 0.86328125 0.76171875 0.0640625 0.06875
21 0.5703125 0.79765625 0.05078125 0.0921875
21 0.66171875 0.8203125 0.0703125 0.05390625
23 0.775 0.5765625 0.046875 0.078125