0 0.55546875 0.8046875 0.14375 0.10703125
0 0.37265625 0.3515625 0.09765625 0.103125
1 0.5640625 0.284375 0.159375 0.04765625
1 0.79375 0.43984375 0.109375 0.1609375
2 0.36953125 0.48671875 0.13203125 0.0984375
2 0.82890625 0.28359375 0.12734375 0.1
3 0.6890625 0.353125 0.08125 0.13046875
3 0.709375 0.50078125 0.08828125 0.115625
4 0.24375 0.16328125 0.09140625 0.13515625
4 0.61875 0.53671875 0.07734375 0.121875
8 0.31171875 0.67109375 0.1046875 0.1
8 0.703125 0.74375 0.11328125 0.08203125
9 0.38125 0.18671875 0.04140625 0.12265625
9 0.35546875 0.5359375 0.09609375 0.08515625
10 0.58359375 0.48203125 0.08359375 0.08359375
10 0.45234375 0.5953125 0.0640625 0.10546875
11 0.56640625 0.63515625 0.10390625 0.05546875
11 0.46328125 0.7265625 0.10234375 0.0578125
5 0.40703125 0.24453125 0.0859375 0.0875
5 0.66484375 0.49453125 0.05625 0.09609375
6 0.675 0.634375 0.090625 0.08203125
6 0.48125 0.3125 0.0984375 0.0421875
7 0.52890625 0.534375 0.04296875 0.10234375
7 0.4109375 0.1265625 0.040625 0.10859375
12 0.1796875 0.41953125 0.07890625 0.08359375
12 0.7625 0.58828125 0.08671875 0.06015625
13 0.15859375 0.55625 0.0953125 0.05625
13 0.58125 0.646875 0.04375 0.09140625
14 0.5125 0.39765625 0.075 0.0640625
14 0.75546875 0.36015625 0.08203125 0.0453125
15 0.6734375 0.27578125 0.0640625 0.06875
15 0.4421875 0.7734375 0.0796875 0.0625
16 0.43125 0.85703125 0.084375 0.06484375
16 0.18671875 0.28671875 0.08359375 0.04453125
17 0.34375 0.1578125 0.05234375 0.06796875
17 0.35546875 0.77734375 0.07265625 0.04453125
18 0.3109375 0.18046875 0.040625 0.0703125
18 0.5765625 0.4265625 0.05703125 0.05625
19 0.58203125 0.353125 0.040625 0.06640625
19 0.33359375 0.553125 0.05 0.0640625
20 0.59453125 0.746875 0.05390625 0.04453125
20 0.2015625 0.671875 0.0546875 0.053125
21 0.49921875 0.34296875 0.06328125 0.03671875
21 0.159375 0.24453125 0.04296875 0.06171875
22 0.22890625 0.478125 0.0734375 0.1046875
22 0.74609375 0.46640625 0.115625 0.04296875