0 0.4921875 0.32578125 0.25078125 0.06953125
0 0.3421875 0.65703125 0.228125 0.1359375
1 0.06875 0.67890625 0.06796875 0.25
1 0.4578125 0.43125 0.20625 0.1140625
2 0.56875 0.68828125 0.1703125 0.12265625
2 0.6171875 0.28125 0.12265625 0.10859375
3 0.16640625 0.365625 0.1890625 0.08828125
3 0.13046875 0.55390625 0.18359375 0.0765625
4 0.3453125 0.85078125 0.1109375 0.15390625
4 0.68046875 0.58125 0.1515625 0.13203125
8 0.4484375 0.1734375 0.096875 0.11015625
8 0.796875 0.51796875 0.14609375 0.1375
9 0.92265625 0.478125 0.13671875 0.11328125
9 0.76484375 0.3625 0.10390625 0.12890625
10 0.31640625 0.43984375 0.1140625 0.1140625
10 0.496875 0.03984375 0.16328125 0.05546875
11 0.57109375 0.14453125 0.13671875 0.09375
11 0.534375 0.725 0.1109375 0.0953125
5 0.26875 0.91015625 0.12421875 0.1140625
5 0.62890625 0.61796875 0.109375 0.0953125
6 0.803125 0.4234375 0.10859375 0.10859375
6 0.3625 0.715625 0.04609375 0.14453125
7 0.78515625 0.26796875 0.12421875 0.103125
7 0.41953125 0.7125 0.05078125 0.13203125
12 0.2515625 0.46796875 0.1109375 0.08671875
12 0.371875 0.18828125 0.04765625 0.1265625
13 0.2828125 0.684375 0.1125 0.08125
13 0.3421875 0.51796875 0.11796875 0.053125
14 0.46171875 0.83515625 0.0578125 0.1171875
14 0.4421875 0.5703125 0.10234375 0.10859375
15 0.65703125 0.334375 0.10234375 0.08046875
15 0.62734375 0.228125 0.06796875 0.096875
16 0.13671875 0.8328125 0.059375 0.10625
16 0.48359375 0.91328125 0.06953125 0.09140625
17 0.25 0.56015625 0.08515625 0.08046875
17 0.459375 0.76015625 0.06171875 0.084375
18 0.8046875 0.746875 0.08515625 0.0546875
18 0.71484375 0.33671875 0.059375 0.07734375
19 0.48046875 0.29453125 0.08359375 0.0421875
19 0.54921875 0.2203125 0.0765625 0.06796875
20 0.33125 0.2328125 0.0796875 0.04375
20 0.14765625 0.61875 0.06796875 0.0421875
21 0.14609375 0.65546875 0.06640625 0.05546875
21 0.32890625 0.37421875 0.071875 0.0546875
22 0.36484375 0.8359375 0.10390625 0.13203125
23 0.4125 0.26640625 0.08359375 0.04921875