0 0.36796875 0.6421875 0.09609375 0.18125
0 0.865625 0.71875 0.10078125 0.11953125
1 0.7734375 0.5515625 0.209375 0.078125
1 0.69296875 0.30703125 0.16640625 0.08984375
2 0.75625 0.46015625 0.1703125 0.1234375
2 0.403125 0.23125 0.0921875 0.1140625
3 0.8203125 0.33203125 0.0859375 0.10859375
3 0.259375 0.09765625 0.1171875 0.1734375
4 0.7890625 0.62734375 0.11953125 0.14921875
4 0.88828125 0.48828125 0.09375 0.10078125
8 0.3625 0.184375 0.12421875 0.10078125
8 0.55078125 0.31171875 0.0984375 0.14375
9 0.2515625 0.36796875 0.10078125 0.09140625
9 0.60390625 0.61953125 0.053125 0.14375
10 0.1796875 0.353125 0.10078125 0.1265625
10 0.9640625 0.9046875 0.04921875 0.15859375
11 0.51796875 0.3546875 0.075 0.12734375
11 0.36875 0.76640625 0.11171875 0.08046875
5 0.13046875 0.57890625 0.128125 0.07109375
5 0.896875 0.37890625 0.059375 0.11015625
6 0.50703125 0.79453125 0.11484375 0.0859375
6 0.06875 0.2984375 0.06875 0.0953125
7 0.2515625 0.57578125 0.09453125 0.0859375
7 0.43828125 0.76640625 0.0859375 0.1234375
12 0.74453125 0.9015625 0.05546875 0.121875
12 0.4203125 0.4328125 0.1046875 0.05234375
13 0.5140625 0.55703125 0.075 0.08359375
13 0.56953125 0.571875 0.04296875 0.1046875
14 0.309375 0.7875 0.103125 0.0765625
14 0.63828125 0.61015625 0.07421875 0.08203125
15 0.52578125 0.27265625 0.05703125 0.096875
15 0.6875 0.4859375 0.05703125 0.078125
16 0.80859375 0.4171875 0.08984375 0.0640625
16 0.5890625 0.4484375 0.0578125 0.09140625
17 0.3546875 0.365625 0.0765625 0.065625
17 0.4234375 0.471875 0.06640625 0.06015625
18 0.74765625 0.34375 0.0640625 0.0640625
18 0.64375 0.10859375 0.0765625 0.05625
19 0.46875 0.565625 0.06015625 0.06328125
19 0.7546875 0.8265625 0.04765625 0.078125
20 0.3234375 0.24609375 0.075 0.05
20 0.33515625 0.421875 0.06640625 0.04453125
21 0.55390625 0.61484375 0.0390625 0.07265625
21 0.54609375 0.509375 0.06015625 0.04453125
22 0.803125 0.68828125 0.09375 0.11953125
22 0.234375 0.48828125 0.07109375 0.1265625