0 0.40703125 0.40234375 0.10859375 0.19375
0 0.63671875 0.4703125 0.215625 0.0890625
1 0.1359375 0.4890625 0.15703125 0.1859375
1 0.25234375 0.3546875 0.1125 0.1640625
2 0.72421875 0.5828125 0.0828125 0.1953125
2 0.71328125 0.78671875 0.12734375 0.1296875
3 0.54765625 0.6515625 0.0875 0.1734375
3 0.3515625 0.796875 0.08828125 0.16875
4 0.821875 0.28828125 0.1703125 0.15625
4 0.16484375 0.503125 0.0984375 0.1015625
8 0.64921875 0.68359375 0.14453125 0.1
8 0.24921875 0.4265625 0.0703125 0.1578125
9 0.403125 0.271875 0.09140625 0.1578125
9 0.40390625 0.3671875 0.134375 0.0796875
10 0.9015625 0.64921875 0.07734375 0.165625
10 0.353125 0.78359375 0.13984375 0.0828125
11 0.46796875 0.484375 0.115625 0.0953125
11 0.5890625 0.87734375 0.07265625 0.1546875
5 0.6296875 0.3203125 0.14609375 0.0640625
5 0.6328125 0.53828125 0.07421875 0.115625
6 0.47890625 0.07265625 0.1296875 0.1171875
6 0.465625 0.80859375 0.103125 0.1046875
7 0.15078125 0.35625 0.1015625 0.1234375
7 0.29375 0.5515625 0.07890625 0.0921875
12 0.1375 0.7109375 0.096875 0.1234375
12 0.33671875 0.58515625 0.084375 0.09375
13 0.39765625 0.68046875 0.11015625 0.059375
13 0.71015625 0.6015625 0.11171875 0.0453125
14 0.478125 0.22578125 0.08125 0.1078125
14 0.23515625 0.75390625 0.05859375 0.1328125
15 0.615625 0.26640625 0.0796875 0.096875
15 0.32890625 0.115625 0.09296875 0.090625
16 0.853125 0.5234375 0.065625 0.1046875
16 0.18125 0.2796875 0.05390625 0.1015625
17 0.3859375 0.61953125 0.04609375 0.096875
17 0.55625 0.76953125 0.0875 0.0515625
18 0.32734375 0.4734375 0.0515625 0.0828125
18 0.5578125 0.2359375 0.05546875 0.071875
19 0.6875 0.39921875 0.0703125 0.06875
19 0.25390625 0.11875 0.08125 0.05625
20 0.6328125 0.9046875 0.07421875 0.046875
20 0.4734375 0.8875 0.053125 0.075
21 0.340625 0.25390625 0.0703125 0.046875
21 0.55390625 0.35078125 0.0484375 0.05
22 0.6671875 0.20390625 0.0828125 0.1546875
22 0.509375 0.5515625 0.0671875 0.1140625