0 0.28125 0.30859375 0.23046875 0.08125
0 0.46015625 0.21953125 0.209375 0.0953125
1 0.4625 0.3453125 0.21640625 0.1421875
1 0.63671875 0.64296875 0.08203125 0.24140625
2 0.3265625 0.1765625 0.15625 0.1171875
2 0.6296875 0.41484375 0.16015625 0.16875
3 0.7625 0.696875 0.08515625 0.15625
3 0.8578125 0.6515625 0.12578125 0.14140625
4 0.44921875 0.86796875 0.11015625 0.13203125
4 0.31484375 0.671875 0.08125 0.14375
8 0.61640625 0.90390625 0.1578125 0.115625
8 0.2046875 0.6875 0.184375 0.0734375
9 0.6859375 0.50859375 0.1515625 0.05625
9 0.65546875 0.7140625 0.13828125 0.1171875
10 0.44453125 0.39453125 0.13828125 0.09296875
10 0.5828125 0.84375 0.16015625 0.05859375
11 0.51328125 0.084375 0.1328125 0.11796875
11 0.7234375 0.57109375 0.13359375 0.08515625
5 0.865625 0.5 0.08359375 0.13125
5 0.50234375 0.590625 0.0609375 0.134375
6 0.6765625 0.284375 0.125 0.08359375
6 0.44921875 0.45859375 0.0890625 0.10390625
7 0.5640625 0.5625 0.07578125 0.1234375
7 0.74375 0.30546875 0.09453125 0.12578125
12 0.346875 0.4046875 0.04609375 0.1234375
12 0.446875 0.6 0.053125 0.1078125
13 0.73046875 0.3875 0.12890625 0.05625
13 0.77421875 0.4609375 0.09296875 0.06640625
14 0.6265625 0.60703125 0.09921875 0.096875
14 0.38359375 0.709375 0.0765625 0.06640625
15 0.60546875 0.17265625 0.07578125 0.07109375
15 0.43125 0.60078125 0.11640625 0.06640625
16 0.45859375 0.16640625 0.1046875 0.08359375
16 0.0890625 0.4796875 0.0984375 0.0546875
17 0.31015625 0.5796875 0.08203125 0.0546875
17 0.178125 0.47421875 0.09453125 0.06484375
18 0.409375 0.4640625 0.07265625 0.05625
18 0.2671875 0.3671875 0.0890625 0.05625
19 0.32890625 0.65546875 0.0796875 0.05078125
19 0.5171875 0.7671875 0.0609375 0.075
20 0.7125 0.4453125 0.0453125 0.0671875
20 0.33125 0.79375 0.0703125 0.046875
21 0.53203125 0.1515625 0.0796875 0.07265625
21 0.4875 0.49609375 0.05703125 0.06953125
22 0.27578125 0.30234375 0.10078125 0.1140625
23 0.33984375 0.8578125 0.06796875 0.05078125