0 0.36484375 0.23671875 0.1375 0.09609375
0 0.41796875 0.2171875 0.15703125 0.1078125
1 0.4484375 0.24765625 0.1671875 0.1015625
1 0.1625 0.36171875 0.1078125 0.13046875
2 0.19609375 0.22734375 0.09765625 0.1390625
2 0.18125 0.5390625 0.1296875 0.12890625
3 0.39375 0.325 0.16796875 0.08203125
3 0.2125 0.55625 0.153125 0.06875
4 0.35546875 0.865625 0.06796875 0.1390625
4 0.28828125 0.2921875 0.17109375 0.04921875
8 0.153125 0.5515625 0.10625 0.1015625
8 0.23359375 0.53359375 0.08671875 0.13515625
9 0.28984375 0.48515625 0.1125 0.09296875
9 0.278125 0.43046875 0.1125 0.07421875
10 0.5046875 0.1546875 0.0578125 0.115625
10 0.30625 0.4359375 0.0875 0.09140625
11 0.1828125 0.62421875 0.096875 0.065625
11 0.22109375 0.621875 0.12265625 0.04609375
5 0.46484375 0.19375 0.06328125 0.10859375
5 0.3671875 0.57734375 0.06796875 0.11328125
6 0.54296875 0.09296875 0.053125 0.11875
6 0.309375 0.1546875 0.13359375 0.04375
7 0.8625 0.5125 0.06171875 0.11875
7 0.20390625 0.4828125 0.09140625 0.065625
12 0.35 0.3390625 0.071875 0.0796875
12 0.3734375 0.940625 0.08671875 0.040625
13 0.10390625 0.5859375 0.071875 0.07421875
13 0.3734375 0.71171875 0.1125 0.05546875
14 0.28203125 0.2796875 0.034375 0.096875
14 0.40703125 0.49140625 0.09375 0.06328125
15 0.34375 0.46875 0.05078125 0.07421875
15 0.41171875 0.9234375 0.07265625 0.0578125
16 0.08359375 0.0515625 0.0484375 0.0890625
16 0.93203125 0.078125 0.08203125 0.06875
17 0.1578125 0.26015625 0.08046875 0.04453125
17 0.20703125 0.3453125 0.08671875 0.04140625
18 0.29453125 0.53515625 0.0421875 0.0640625
18 0.76640625 0.2296875 0.08046875 0.05234375
19 0.565625 0.1484375 0.0640625 0.0578125
19 0.2015625 0.446875 0.071875 0.03046875
20 0.534375 0.24765625 0.040625 0.05546875
20 0.23515625 0.3875 0.059375 0.03046875
21 0.42578125 0.9625 0.071875 0.03125
21 0.15703125 0.6390625 0.03984375 0.05703125
22 0.32578125 0.60234375 0.08515625 0.1
22 0.3140625 0.371875 0.10625 0.046875