0 0.21640625 0.85625 0.06796875 0.17265625
0 0.4875 0.6046875 0.08671875 0.09140625
1 0.3671875 0.9171875 0.0796875 0.11484375
1 0.41484375 0.359375 0.1171875 0.09375
2 0.47890625 0.43828125 0.07578125 0.11484375
2 0.54921875 0.409375 0.084375 0.1890625
3 0.31328125 0.25859375 0.0546875 0.15234375
3 0.29296875 0.7421875 0.0515625 0.190625
4 0.2046875 0.8578125 0.1140625 0.09140625
4 0.06328125 0.55625 0.07890625 0.190625
8 0.496875 0.34453125 0.06171875 0.109375
8 0.52734375 0.65859375 0.0734375 0.12890625
9 0.46875 0.5625 0.08359375 0.08828125
9 0.13984375 0.10078125 0.1125 0.06171875
10 0.409375 0.26328125 0.08515625 0.078125
10 0.10234375 0.621875 0.07421875 0.1203125
11 0.6046875 0.53984375 0.08984375 0.0796875
11 0.4671875 0.840625 0.04609375 0.12578125
5 0.23046875 0.49296875 0.065625 0.11171875
5 0.48515625 0.78046875 0.0296875 0.12890625
6 0.18359375 0.20625 0.08984375 0.06328125
6 0.23125 0.2875 0.06015625 0.11640625
7 0.36875 0.85859375 0.0375 0.134375
7 0.26640625 0.15625 0.0609375 0.09140625
12 0.43984375 0.3234375 0.05625 0.0953125
12 0.41640625 0.7296875 0.0640625 0.0953125
13 0.28046875 0.48359375 0.05 0.09375
13 0.3546875 0.2984375 0.03203125 0.11171875
14 0.12421875 0.54375 0.06484375 0.09140625
14 0.41796875 0.8453125 0.0328125 0.1046875
15 0.40703125 0.4859375 0.03359375 0.08984375
15 0.41953125 0.57734375 0.0328125 0.08671875
16 0.0921875 0.2671875 0.06953125 0.0640625
16 0.39453125 0.36796875 0.03515625 0.096875
17 0.115625 0.41640625 0.046875 0.08828125
17 0.5109375 0.775 0.0421875 0.07734375
18 0.36953125 0.52890625 0.05 0.0515625
18 0.315625 0.85625 0.0421875 0.06875
19 0.58671875 0.43046875 0.03828125 0.07109375
19 0.32265625 0.36640625 0.04453125 0.0578125
20 0.3734375 0.6421875 0.0453125 0.0578125
20 0.36875 0.2328125 0.04296875 0.04921875
21 0.97578125 0.2 0.0421875 0.05859375
21 0.2140625 0.1828125 0.0421875 0.0515625
22 0.35078125 0.73359375 0.08203125 0.084375
23 0.42421875 0.75 0.0375 0.065625