0 0.25859375 0.2328125 0.12890625 0.07734375
0 0.6625 0.6765625 0.1390625 0.06328125
1 0.80078125 0.4703125 0.08203125 0.15859375
1 0.5046875 0.703125 0.1109375 0.1328125
2 0.35625 0.4609375 0.1125 0.0984375
2 0.84921875 0.6 0.12109375 0.06875
3 0.92109375 0.34453125 0.0953125 0.1140625
3 0.3515625 0.78828125 0.0390625 0.1421875
4 0.25859375 0.6453125 0.08125 0.11328125
4 0.18984375 0.23046875 0.05 0.1265625
8 0.54765625 0.74296875 0.06015625 0.12109375
8 0.62578125 0.2453125 0.08203125 0.109375
9 0.36640625 0.88125 0.0765625 0.10234375
9 0.6703125 0.7921875 0.0484375 0.11875
10 0.80390625 0.6953125 0.08046875 0.08984375
10 0.5203125 0.7640625 0.0609375 0.090625
11 0.559375 0.571875 0.08203125 0.065625
11 0.228125 0.215625 0.06015625 0.10078125
5 0.75703125 0.121875 0.06015625 0.10859375
5 0.27734375 0.13046875 0.09296875 0.046875
6 0.5296875 0.40390625 0.07578125 0.0828125
6 0.3171875 0.7015625 0.07890625 0.0546875
7 0.475 0.15078125 0.0890625 0.06015625
7 0.4203125 0.70859375 0.08046875 0.0484375
12 0.2578125 0.95078125 0.075 0.07421875
12 0.0921875 0.35625 0.07890625 0.04765625
13 0.26171875 0.88203125 0.04375 0.08984375
13 0.46328125 0.5484375 0.0734375 0.04765625
14 0.86875 0.63828125 0.06171875 0.07109375
14 0.04609375 0.56796875 0.0546875 0.075
15 0.33046875 0.384375 0.0484375 0.0765625
15 0.22890625 0.43125 0.04375 0.08203125
16 0.45 0.065625 0.04375 0.0828125
16 0.74609375 0.76796875 0.0578125 0.065625
17 0.31484375 0.26015625 0.05546875 0.0578125
17 0.24140625 0.76796875 0.05703125 0.05859375
18 0.4421875 0.6234375 0.034375 0.06875
18 0.90234375 0.45859375 0.040625 0.07109375
19 0.6609375 0.23203125 0.05 0.053125
19 0.54140625 0.45859375 0.04609375 0.06171875
20 0.75078125 0.61953125 0.04453125 0.053125
20 0.34453125 0.67578125 0.03359375 0.05
21 0.36953125 0.68359375 0.034375 0.05625
21 0.56875 0.22421875 0.046875 0.04296875
22 0.63046875 0.1671875 0.08828125 0.071875
22 0.37890625 0.365625 0.07890625 0.09609375