0 0.2859375 0.321875 0.1734375 0.11875
0 0.8203125 0.5359375 0.05703125 0.2390625
1 0.63125 0.3015625 0.20390625 0.12265625
1 0.23359375 0.4171875 0.22265625 0.07109375
2 0.12734375 0.62421875 0.190625 0.11328125
2 0.38203125 0.16640625 0.17265625 0.10546875
3 0.91171875 0.2609375 0.08359375 0.18203125
3 0.5640625 0.35703125 0.115625 0.1703125
4 0.63125 0.66328125 0.13515625 0.09921875
4 0.2625 0.165625 0.05859375 0.13828125
8 0.78125 0.121875 0.11953125 0.14921875
8 0.38203125 0.92421875 0.17265625 0.10390625
9 0.421875 0.59140625 0.12734375 0.10703125
9 0.25625 0.24765625 0.1484375 0.04453125
10 0.390625 0.37890625 0.0625 0.1078125
10 0.35703125 0.69296875 0.14609375 0.08046875
11 0.6140625 0.59453125 0.11171875 0.09140625
11 0.55546875 0.20078125 0.04765625 0.1265625
5 0.47890625 0.43046875 0.11640625 0.07890625
5 0.63359375 0.0953125 0.11171875 0.06484375
6 0.2109375 0.56953125 0.1296875 0.06328125
6 0.6515625 0.47734375 0.1140625 0.08671875
7 0.66875 0.28203125 0.0546875 0.1265625
7 0.56328125 0.2484375 0.10625 0.078125
12 0.6765625 0.54609375 0.06328125 0.1078125
12 0.15625 0.64765625 0.0984375 0.10546875
13 0.49921875 0.39140625 0.078125 0.0859375
13 0.40703125 0.5109375 0.10625 0.05703125
14 0.3234375 0.5203125 0.05859375 0.0859375
14 0.190625 0.440625 0.11015625 0.053125
15 0.80703125 0.203125 0.10234375 0.04453125
15 0.44921875 0.753125 0.0703125 0.08671875
16 0.159375 0.34140625 0.09296875 0.0671875
16 0.4671875 0.29296875 0.03984375 0.1
17 0.1046875 0.24375 0.08515625 0.05703125
17 0.60390625 0.0671875 0.08359375 0.04765625
18 0.884375 0.32890625 0.0765625 0.05390625
18 0.48671875 0.3578125 0.05078125 0.06953125
19 0.49453125 0.78671875 0.0453125 0.075
19 0.453125 0.20546875 0.04609375 0.07421875
20 0.5546875 0.30703125 0.05078125 0.0515625
20 0.596875 0.5484375 0.053125 0.05390625
21 0.234375 0.38125 0.0609375 0.0421875
21 0.41484375 0.31953125 0.06484375 0.0515625
22 0.54765625 0.459375 0.11953125 0.09375
22 0.5328125 0.7375 0.14453125 0.04765625