0 0.41640625 0.653125 0.15546875 0.2171875
0 0.60234375 0.20234375 0.2015625 0.1359375
1 0.57421875 0.5875 0.10078125 0.25234375
1 0.5046875 0.41328125 0.14453125 0.1453125
2 0.840625 0.2859375 0.0875 0.26875
2 0.228125 0.61796875 0.1671875 0.1375
3 0.44140625 0.90625 0.2109375 0.075
3 0.14296875 0.6171875 0.078125 0.23125
4 0.609375 0.3515625 0.19453125 0.10859375
4 0.42890625 0.09375 0.2046875 0.0875
8 0.57578125 0.1921875 0.121875 0.18046875
8 0.259375 0.56640625 0.18984375 0.0875
9 0.3046875 0.50390625 0.1703125 0.075
9 0.4453125 0.79453125 0.1640625 0.09765625
10 0.1734375 0.33046875 0.15078125 0.09921875
10 0.796875 0.3921875 0.084375 0.1328125
11 0.7046875 0.72890625 0.06953125 0.17109375
11 0.440625 0.49609375 0.13984375 0.10390625
5 0.38515625 0.34765625 0.1171875 0.1390625
5 0.28984375 0.2875 0.11328125 0.09609375
6 0.2859375 0.43984375 0.14453125 0.08125
6 0.6125 0.46328125 0.11875 0.128125
7 0.8171875 0.61328125 0.13125 0.09609375
7 0.4640625 0.4671875 0.090625 0.1359375
12 0.4125 0.2296875 0.090625 0.134375
12 0.28203125 0.2328125 0.128125 0.065625
13 0.63515625 0.44140625 0.10390625 0.10703125
13 0.28125 0.746875 0.0875 0.0875
14 0.18359375 0.4609375 0.05390625 0.1390625
14 0.471875 0.31953125 0.125 0.0703125
15 0.48984375 0.62109375 0.11484375 0.0734375
15 0.91796875 0.53515625 0.0734375 0.140625
16 0.66484375 0.6703125 0.06171875 0.1296875
16 0.696875 0.328125 0.09765625 0.08125
17 0.61171875 0.84140625 0.10546875 0.084375
17 0.121875 0.47578125 0.10546875 0.0671875
18 0.59921875 0.72890625 0.0875 0.06875
18 0.46171875 0.5484375 0.09765625 0.05625
19 0.553125 0.52265625 0.06171875 0.0859375
19 0.7890625 0.4859375 0.09609375 0.0671875
20 0.39453125 0.534375 0.0484375 0.084375
20 0.509375 0.7078125 0.06640625 0.0640625
21 0.23984375 0.76875 0.07265625 0.0734375
21 0.33515625 0.35703125 0.06796875 0.075
22 0.7609375 0.36640625 0.09453125 0.1515625
22 0.61953125 0.3484375 0.09765625 0.17578125