0 0.75 0.615625 0.16171875 0.0890625
0 0.490625 0.3921875 0.1 0.140625
1 0.38359375 0.3421875 0.14765625 0.0953125
1 0.33671875 0.403125 0.1609375 0.059375
2 0.46484375 0.9125 0.1015625 0.10078125
2 0.46796875 0.33203125 0.08984375 0.11640625
3 0.30390625 0.23515625 0.10546875 0.10625
3 0.3109375 0.68671875 0.05234375 0.1203125
4 0.74609375 0.5390625 0.0984375 0.09453125
4 0.36796875 0.71484375 0.084375 0.1046875
8 0.46328125 0.80078125 0.10390625 0.07265625
8 0.20703125 0.6140625 0.07578125 0.10234375
9 0.653125 0.51484375 0.103125 0.06875
9 0.7640625 0.2515625 0.1140625 0.075
10 0.45390625 0.52265625 0.10390625 0.05546875
10 0.8078125 0.7859375 0.1109375 0.053125
11 0.671875 0.634375 0.10390625 0.04921875
11 0.70234375 0.73828125 0.096875 0.0609375
5 0.528125 0.89140625 0.08203125 0.08515625
5 0.16875 0.50390625 0.0875 0.07734375
6 0.42109375 0.48046875 0.09296875 0.07265625
6 0.4484375 0.57890625 0.09140625 0.07265625
7 0.340625 0.08671875 0.05078125 0.10078125
7 0.81484375 0.721875 0.09453125 0.07109375
12 0.11484375 0.63828125 0.09140625 0.0515625
12 0.46015625 0.6640625 0.06875 0.075
13 0.59375 0.425 0.06875 0.06953125
13 0.73984375 0.45078125 0.04921875 0.0875
14 0.80625 0.378125 0.0890625 0.04296875
14 0.67421875 0.35625 0.0828125 0.06328125
15 0.56875 0.2390625 0.07890625 0.05703125
15 0.74609375 0.85 0.0703125 0.06171875
16 0.54296875 0.5671875 0.06328125 0.0671875
16 0.5375 0.4203125 0.07734375 0.04296875
17 0.821875 0.48671875 0.06640625 0.0671875
17 0.35 0.65625 0.06328125 0.05703125
18 0.7953125 0.5640625 0.0546875 0.0609375
18 0.70390625 0.77890625 0.05078125 0.059375
19 0.621875 0.45703125 0.04921875 0.05703125
19 0.17734375 0.54765625 0.06484375 0.04140625
20 0.26171875 0.15703125 0.05390625 0.05
20 0.46796875 0.22265625 0.06171875 0.05
21 0.5546875 0.65859375 0.05078125 0.053125
21 0.25703125 0.5796875 0.05234375 0.05546875
22 0.57265625 0.76796875 0.07734375 0.09921875
23 0.52109375 0.6078125 0.0421875 0.05