0 0.86875 0.45859375 0.11953125 0.18203125
0 0.4671875 0.06015625 0.23203125 0.07421875
1 0.7046875 0.4796875 0.10546875 0.18046875
1 0.5140625 0.55 0.18125 0.08359375
2 0.82734375 0.30859375 0.15390625 0.1203125
2 0.32578125 0.5921875 0.0890625 0.16875
3 0.25234375 0.48046875 0.04921875 0.165625
3 0.5140625 0.28671875 0.1546875 0.08359375
4 0.48671875 0.90703125 0.07421875 0.16171875
4 0.61640625 0.6890625 0.11953125 0.1203125
8 0.16015625 0.56328125 0.165625 0.06328125
8 0.54765625 0.09609375 0.15234375 0.0765625
9 0.70078125 0.82109375 0.109375 0.13046875
9 0.16796875 0.36796875 0.0921875 0.12734375
10 0.525 0.77109375 0.0578125 0.1203125
10 0.64609375 0.25234375 0.065625 0.1234375
11 0.56015625 0.80078125 0.05078125 0.11953125
11 0.796875 0.29375 0.0578125 0.14140625
5 0.4125 0.4640625 0.0671875 0.1140625
5 0.3328125 0.225 0.059375 0.13125
6 0.52890625 0.353125 0.0453125 0.11796875
6 0.71953125 0.2578125 0.09765625 0.10390625
7 0.184375 0.21015625 0.1140625 0.11640625
7 0.3875 0.3171875 0.0921875 0.10546875
12 0.5609375 0.384375 0.05234375 0.09453125
12 0.578125 0.57890625 0.08359375 0.0890625
13 0.53203125 0.2359375 0.10703125 0.0421875
13 0.475 0.47734375 0.0921875 0.07265625
14 0.2921875 0.27890625 0.06328125 0.09453125
14 0.478125 0.76875 0.059375 0.09296875
15 0.37890625 0.69375 0.0921875 0.04765625
15 0.15859375 0.5140625 0.09765625 0.053125
16 0.44296875 0.1453125 0.07421875 0.0875
16 0.48984375 0.5828125 0.06875 0.08046875
17 0.30234375 0.43125 0.06171875 0.0796875
17 0.0890625 0.69765625 0.08515625 0.06953125
18 0.30078125 0.6921875 0.078125 0.05078125
18 0.359375 0.4421875 0.0546875 0.07109375
19 0.24453125 0.30859375 0.07578125 0.05234375
19 0.475 0.3578125 0.07421875 0.0546875
20 0.2796875 0.63203125 0.07109375 0.0421875
20 0.1359375 0.4484375 0.065625 0.053125
21 0.67734375 0.5109375 0.053125 0.06328125
21 0.54609375 0.44375 0.04921875 0.06875
22 0.790625 0.68046875 0.06484375 0.13828125
22 0.2921875 0.1390625 0.14296875 0.0671875