0 0.12421875 0.6046875 0.1 0.1640625
0 0.11328125 0.47890625 0.175 0.17421875
1 0.58125 0.8703125 0.0703125 0.1984375
1 0.30859375 0.45625 0.11171875 0.11875
2 0.16640625 0.68046875 0.12734375 0.11796875
2 0.90703125 0.06015625 0.15703125 0.1203125
3 0.6640625 0.271875 0.14765625 0.08046875
3 0.09609375 0.70078125 0.12421875 0.11875
4 0.32734375 0.33046875 0.04765625 0.13984375
4 0.63671875 0.3875 0.10390625 0.121875
8 0.659375 0.446875 0.1359375 0.09296875
8 0.240625 0.51796875 0.0765625 0.1359375
9 0.3515625 0.7265625 0.1140625 0.10078125
9 0.1765625 0.27734375 0.1296875 0.0703125
10 0.20078125 0.5203125 0.10859375 0.06484375
10 0.534375 0.78046875 0.090625 0.0875
11 0.37890625 0.4421875 0.0984375 0.0671875
11 0.52890625 0.64609375 0.090625 0.0625
5 0.4015625 0.640625 0.09765625 0.08359375
5 0.4015625 0.771875 0.08984375 0.096875
6 0.6609375 0.81328125 0.115625 0.06328125
6 0.52421875 0.60546875 0.1140625 0.04375
7 0.24609375 0.3671875 0.1 0.07578125
7 0.59375 0.48828125 0.08984375 0.08984375
12 0.39140625 0.49921875 0.07890625 0.06484375
12 0.24296875 0.690625 0.05078125 0.09765625
13 0.46328125 0.48046875 0.090625 0.0515625
13 0.490625 0.35234375 0.0625 0.07578125
14 0.1734375 0.3703125 0.06328125 0.08984375
14 0.40546875 0.9375 0.0921875 0.05390625
15 0.278125 0.66015625 0.053125 0.0796875
15 0.4875 0.89453125 0.08046875 0.06875
16 0.3484375 0.78046875 0.07421875 0.06640625
16 0.4453125 0.58828125 0.06875 0.0703125
17 0.14921875 0.3015625 0.046875 0.0875
17 0.1828125 0.78125 0.0671875 0.0671875
18 0.56015625 0.396875 0.0671875 0.05
18 0.4 0.5828125 0.05859375 0.0671875
19 0.48359375 0.4109375 0.05703125 0.0671875
19 0.75078125 0.40859375 0.0703125 0.05
20 0.80625 0.553125 0.04765625 0.06640625
20 0.50390625 0.778125 0.053125 0.04609375
21 0.534375 0.69609375 0.0625 0.04921875
21 0.2984375 0.70390625 0.04140625 0.0609375
22 0.2875 0.3328125 0.07109375 0.09921875
22 0.25703125 0.6171875 0.10390625 0.078125