0 0.8265625 0.67890625 0.17734375 0.2046875
0 0.5203125 0.234375 0.171875 0.13828125
1 0.5296875 0.63671875 0.18125 0.1453125
1 0.49453125 0.76328125 0.16328125 0.14296875
2 0.73203125 0.7640625 0.0609375 0.19609375
2 0.58984375 0.69765625 0.090625 0.18828125
3 0.19765625 0.5015625 0.0890625 0.1390625
3 0.91015625 0.5125 0.08828125 0.103125
4 0.15546875 0.3796875 0.08203125 0.14921875
4 0.4390625 0.24296875 0.06796875 0.15859375
8 0.39609375 0.3890625 0.0515625 0.1703125
8 0.30390625 0.83828125 0.084375 0.15390625
9 0.134375 0.2203125 0.1109375 0.13515625
9 0.1125 0.575 0.10234375 0.13515625
10 0.7890625 0.315625 0.09296875 0.10859375
10 0.39140625 0.059375 0.14921875 0.04921875
11 0.8703125 0.375 0.1203125 0.11171875
11 0.55546875 0.2734375 0.05859375 0.13828125
5 0.90859375 0.646875 0.1234375 0.10703125
5 0.2875 0.453125 0.053125 0.1203125
6 0.21953125 0.7640625 0.07421875 0.1
6 0.225 0.1671875 0.0984375 0.121875
7 0.25 0.29765625 0.05546875 0.13046875
7 0.3890625 0.6515625 0.05546875 0.1109375
12 0.26875 0.2265625 0.12109375 0.0515625
12 0.4953125 0.22421875 0.0703125 0.09609375
13 0.209375 0.63046875 0.06328125 0.09375
13 0.303125 0.2984375 0.0671875 0.1
14 0.48671875 0.8125 0.0703125 0.1
14 0.32734375 0.26171875 0.10625 0.03828125
15 0.35390625 0.1125 0.0671875 0.09453125
15 0.3796875 0.84375 0.0765625 0.08125
16 0.5078125 0.32734375 0.0625 0.1
16 0.65390625 0.40859375 0.09296875 0.07265625
17 0.12734375 0.51015625 0.04921875 0.08828125
17 0.70625 0.6 0.090625 0.06015625
18 0.8484375 0.71875 0.08359375 0.05546875
18 0.35390625 0.6765625 0.04609375 0.075
19 0.19375 0.584375 0.05546875 0.075
19 0.6984375 0.4984375 0.07421875 0.04765625
20 0.32734375 0.20234375 0.053125 0.0640625
20 0.54921875 0.94453125 0.075 0.05703125
21 0.115625 0.64140625 0.046875 0.06640625
21 0.59296875 0.81328125 0.0515625 0.06796875
22 0.42578125 0.52734375 0.075 0.13203125
23 0.684375 0.53046875 0.08203125 0.0453125