0 0.190625 0.54921875 0.17890625 0.221875
0 0.1921875 0.21796875 0.19453125 0.1515625
1 0.6828125 0.1015625 0.28359375 0.19296875
1 0.1796875 0.6265625 0.26484375 0.20234375
2 0.5703125 0.8421875 0.18125 0.253125
2 0.25234375 0.7671875 0.14296875 0.17578125
3 0.71015625 0.67109375 0.1375 0.28203125
3 0.49296875 0.16875 0.16796875 0.24609375
4 0.56953125 0.8671875 0.25546875 0.1203125
4 0.53515625 0.2625 0.1375 0.2171875
8 0.90078125 0.309375 0.1484375 0.15625
8 0.80703125 0.6375 0.18125 0.1515625
9 0.3578125 0.43828125 0.140625 0.26015625
9 0.39140625 0.13828125 0.1234375 0.24375
10 0.903125 0.5046875 0.11796875 0.21484375
10 0.47421875 0.65390625 0.17109375 0.15625
11 0.6390625 0.4421875 0.08984375 0.23359375
11 0.83203125 0.40234375 0.140625 0.2359375
5 0.77890625 0.68203125 0.06875 0.25078125
5 0.534375 0.3265625 0.1578125 0.190625
6 0.77734375 0.309375 0.15234375 0.24375
6 0.83828125 0.46171875 0.1484375 0.2
7 0.3203125 0.2171875 0.175 0.20703125
7 0.7296875 0.459375 0.15625 0.1953125
12 0.440625 0.775 0.08984375 0.209375
12 0.36953125 0.68828125 0.08359375 0.21953125
13 0.6859375 0.82421875 0.175 0.13515625
13 0.37421875 0.42265625 0.165625 0.0796875
14 0.4578125 0.52421875 0.10859375 0.16640625
14 0.634375 0.409375 0.1140625 0.16875
15 0.684375 0.175 0.14296875 0.11328125
15 0.5703125 0.65625 0.0703125 0.10390625
16 0.26953125 0.11484375 0.0703125 0.11328125
16 0.690625 0.18828125 0.12734375 0.10625
17 0.33984375 0.74921875 0.0515625 0.1640625
17 0.6078125 0.66015625 0.07265625 0.14921875
18 0.10546875 0.3484375 0.078125 0.11796875
18 0.6578125 0.2359375 0.10078125 0.10625
19 0.53125 0.61328125 0.06484375 0.11328125
19 0.2421875 0.1109375 0.0796875 0.0578125
20 0.59921875 0.82421875 0.06640625 0.08203125
20 0.496875 0.4359375 0.0953125 0.08671875
21 0.66015625 0.68671875 0.08203125 0.1015625
21 0.53125 0.36640625 0.11015625 0.07734375