0 0.48203125 0.51328125 0.1640625 0.1609375
0 0.2375 0.65078125 0.15 0.08203125
1 0.790625 0.41796875 0.17890625 0.14375
1 0.45078125 0.2203125 0.11171875 0.153125
2 0.80390625 0.86015625 0.15234375 0.11875
2 0.8421875 0.59921875 0.146875 0.15
3 0.534375 0.64296875 0.10859375 0.1546875
3 0.578125 0.1234375 0.06171875 0.21484375
4 0.7765625 0.79765625 0.146875 0.08515625
4 0.3640625 0.58203125 0.15546875 0.06796875
8 0.51796875 0.4890625 0.13359375 0.08671875
8 0.16171875 0.44921875 0.07578125 0.125
9 0.6859375 0.615625 0.1140625 0.10546875
9 0.596875 0.47734375 0.1046875 0.1234375
10 0.53984375 0.74375 0.05390625 0.1328125
10 0.5671875 0.853125 0.0453125 0.1421875
11 0.375 0.171875 0.0890625 0.1390625
11 0.19765625 0.36484375 0.078125 0.1296875
5 0.2828125 0.46171875 0.0484375 0.134375
5 0.71328125 0.21953125 0.13046875 0.06328125
6 0.128125 0.26484375 0.11796875 0.1125
6 0.37109375 0.53828125 0.09921875 0.06171875
7 0.36640625 0.21875 0.09453125 0.1125
7 0.4078125 0.8140625 0.10078125 0.08359375
12 0.65703125 0.3 0.09765625 0.09453125
12 0.365625 0.68046875 0.0828125 0.08046875
13 0.63515625 0.38671875 0.08671875 0.08828125
13 0.3828125 0.4859375 0.09453125 0.05234375
14 0.8828125 0.53203125 0.0828125 0.10078125
14 0.62578125 0.91875 0.06015625 0.10546875
15 0.66875 0.65546875 0.0578125 0.09140625
15 0.65 0.51796875 0.0890625 0.06328125
16 0.06328125 0.35390625 0.0796875 0.08515625
16 0.61875 0.6828125 0.04140625 0.09765625
17 0.4109375 0.38984375 0.05234375 0.09453125
17 0.5359375 0.25625 0.06484375 0.07265625
18 0.6109375 0.8625 0.06875 0.04140625
18 0.54921875 0.30703125 0.06875 0.05234375
19 0.4953125 0.37890625 0.06875 0.07265625
19 0.56015625 0.34765625 0.071875 0.04453125
20 0.61171875 0.821875 0.06171875 0.05390625
20 0.31875 0.27109375 0.0546875 0.06171875
21 0.47421875 0.78203125 0.0578125 0.05390625
21 0.32109375 0.3265625 0.0671875 0.05234375
22 0.1296875 0.4125 0.07265625 0.1484375
23 0.64453125 0.72890625 0.0703125 0.06171875