0 0.47890625 0.22734375 0.109375 0.19140625
0 0.2828125 0.62421875 0.14609375 0.1109375
1 0.63125 0.62109375 0.1296875 0.10078125
1 0.1765625 0.4984375 0.18125 0.121875
2 0.0671875 0.390625 0.06640625 0.1984375
2 0.32734375 0.85859375 0.1625 0.06796875
3 0.21640625 0.215625 0.09921875 0.09609375
3 0.52109375 0.1390625 0.15234375 0.071875
4 0.61015625 0.30078125 0.09453125 0.11328125
4 0.40546875 0.52890625 0.040625 0.153125
8 0.74765625 0.3953125 0.14296875 0.0953125
8 0.425 0.5140625 0.1328125 0.07890625
9 0.7328125 0.3328125 0.0828125 0.08125
9 0.55390625 0.82734375 0.11796875 0.07890625
10 0.1703125 0.34375 0.071875 0.13046875
10 0.63046875 0.7171875 0.09375 0.07734375
11 0.675 0.19609375 0.109375 0.07890625
11 0.7671875 0.54375 0.06015625 0.11328125
5 0.47734375 0.53671875 0.08046875 0.10390625
5 0.2515625 0.75703125 0.04140625 0.1359375
6 0.6625 0.67109375 0.09921875 0.0703125
6 0.28046875 0.38828125 0.11328125 0.071875
7 0.43515625 0.25234375 0.06796875 0.08515625
7 0.33203125 0.11015625 0.06875 0.09765625
12 0.490625 0.06015625 0.09375 0.0890625
12 0.2625 0.14296875 0.05 0.11875
13 0.5921875 0.45546875 0.05 0.10703125
13 0.63828125 0.946875 0.08515625 0.0859375
14 0.32734375 0.18359375 0.07109375 0.07890625
14 0.2484375 0.28671875 0.0828125 0.065625
15 0.60390625 0.35703125 0.0765625 0.05546875
15 0.49375 0.5859375 0.0640625 0.07421875
16 0.36328125 0.71328125 0.0828125 0.0703125
16 0.5609375 0.7609375 0.0796875 0.05703125
17 0.5171875 0.6734375 0.071875 0.04453125
17 0.2015625 0.1421875 0.06328125 0.08515625
18 0.20546875 0.75390625 0.0734375 0.04296875
18 0.41171875 0.12421875 0.04453125 0.08125
19 0.51875 0.790625 0.0625 0.06015625
19 0.6578125 0.4078125 0.05234375 0.06796875
20 0.4125 0.434375 0.0578125 0.04921875
20 0.5296875 0.3765625 0.05859375 0.0453125
21 0.94140625 0.69296875 0.06328125 0.059375
21 0.42109375 0.32109375 0.053125 0.0453125
22 0.28671875 0.51640625 0.0875 0.11875
22 0.72421875 0.63671875 0.11796875 0.05078125