0 0.34375 0.7359375 0.12109375 0.16171875
0 0.83984375 0.49453125 0.08359375 0.2578125
1 0.62890625 0.08828125 0.29140625 0.14375
1 0.68828125 0.66875 0.19765625 0.2078125
2 0.42578125 0.39375 0.13125 0.19375
2 0.75390625 0.28046875 0.0875 0.209375
3 0.53203125 0.4140625 0.17734375 0.15625
3 0.64375 0.64140625 0.20859375 0.13125
4 0.43515625 0.63359375 0.15859375 0.115625
4 0.35390625 0.25234375 0.0875 0.18125
8 0.225 0.125 0.10390625 0.18984375
8 0.10859375 0.38828125 0.1375 0.1296875
9 0.35390625 0.5 0.15390625 0.1296875
9 0.70078125 0.47578125 0.18125 0.1140625
10 0.39375 0.890625 0.075 0.16171875
10 0.15234375 0.3390625 0.1625 0.0890625
11 0.525 0.190625 0.0875 0.14765625
11 0.86796875 0.43984375 0.14375 0.1296875
5 0.73125 0.41796875 0.125 0.08359375
5 0.63359375 0.26484375 0.15 0.0890625
6 0.32265625 0.53125 0.1125 0.08515625
6 0.62578125 0.39765625 0.11875 0.08515625
7 0.26328125 0.5859375 0.06875 0.13125
7 0.278125 0.290625 0.11875 0.0765625
12 0.38125 0.078125 0.14140625 0.07421875
12 0.41875 0.0984375 0.125 0.0625
13 0.18359375 0.271875 0.125 0.078125
13 0.52578125 0.52109375 0.08125 0.09765625
14 0.68125 0.1578125 0.12890625 0.09609375
14 0.20703125 0.63046875 0.08125 0.11015625
15 0.90859375 0.46875 0.09140625 0.09921875
15 0.45546875 0.76171875 0.08515625 0.0890625
16 0.52421875 0.72734375 0.08515625 0.0765625
16 0.32734375 0.1515625 0.11640625 0.07265625
17 0.15234375 0.36640625 0.0625 0.08671875
17 0.79921875 0.3859375 0.06875 0.09375
18 0.50390625 0.6765625 0.09609375 0.05
18 0.246875 0.9171875 0.10625 0.0765625
19 0.26015625 0.33984375 0.08359375 0.065625
19 0.39453125 0.321875 0.08984375 0.053125
20 0.44140625 0.50546875 0.05859375 0.065625
20 0.2375 0.46171875 0.07109375 0.0671875
21 0.79609375 0.528125 0.05390625 0.08359375
21 0.48671875 0.51953125 0.07734375 0.05859375
22 0.18203125 0.11171875 0.09375 0.1421875
22 0.47578125 0.13359375 0.12734375 0.13828125