0 0.54609375 0.2296875 0.2953125 0.1765625
0 0.6890625 0.41796875 0.22265625 0.15859375
1 0.559375 0.5078125 0.2328125 0.184375
1 0.19375 0.53515625 0.2078125 0.1625
2 0.5125 0.76875 0.09296875 0.225
2 0.79921875 0.33984375 0.1484375 0.21640625
3 0.39609375 0.3734375 0.2109375 0.13984375
3 0.3171875 0.68828125 0.24296875 0.07734375
4 0.79140625 0.51796875 0.228125 0.06875
4 0.33984375 0.84140625 0.20625 0.09921875
8 0.67109375 0.64140625 0.19453125 0.10078125
8 0.7875 0.43203125 0.16875 0.15703125
9 0.5953125 0.29375 0.19765625 0.09609375
9 0.3328125 0.57109375 0.1921875 0.0578125
10 0.21484375 0.43515625 0.17265625 0.08046875
10 0.6375 0.3375 0.11640625 0.175
11 0.4453125 0.80546875 0.10625 0.13828125
11 0.22734375 0.3609375 0.1 0.125
5 0.71875 0.84609375 0.1203125 0.1125
5 0.48828125 0.41171875 0.1890625 0.0625
6 0.24921875 0.74296875 0.1875 0.0703125
6 0.253125 0.21953125 0.1859375 0.10625
7 0.428125 0.16328125 0.15703125 0.1234375
7 0.60859375 0.50078125 0.1296875 0.1125
12 0.325 0.12734375 0.16015625 0.1078125
12 0.86171875 0.6609375 0.1484375 0.07734375
13 0.809375 0.82890625 0.09453125 0.13359375
13 0.1828125 0.5515625 0.07734375 0.1234375
14 0.65625 0.81171875 0.14375 0.10078125
14 0.39453125 0.70234375 0.10625 0.1078125
15 0.38359375 0.28046875 0.09765625 0.1046875
15 0.571875 0.8203125 0.06953125 0.09921875
16 0.43359375 0.63671875 0.11015625 0.09453125
16 0.45078125 0.90625 0.08125 0.1046875
17 0.66796875 0.1109375 0.09296875 0.109375
17 0.40390625 0.5234375 0.1078125 0.08984375
18 0.621875 0.70625 0.1046875 0.0703125
18 0.2890625 0.61875 0.09140625 0.08203125
19 0.1515625 0.6265625 0.065625 0.1046875
19 0.3453125 0.50390625 0.0625 0.09609375
20 0.1 0.5125 0.07109375 0.07890625
20 0.35859375 0.62109375 0.065625 0.0671875
21 0.3078125 0.259375 0.09765625 0.071875
21 0.69609375 0.72265625 0.07109375 0.07421875
22 0.3703125 0.803125 0.1890625 0.08203125
22 0.82890625 0.73828125 0.1875 0.07734375