0 0.17890625 0.828125 0.1734375 0.10078125
0 0.7546875 0.45390625 0.21171875 0.09375
1 0.48671875 0.303125 0.228125 0.078125
1 0.28125 0.3921875 0.14296875 0.178125
2 0.5265625 0.23828125 0.20234375 0.07109375
2 0.53046875 0.53984375 0.15703125 0.10078125
3 0.49609375 0.57109375 0.15390625 0.09921875
3 0.265625 0.87890625 0.1265625 0.1375
4 0.11015625 0.45390625 0.1515625 0.10703125
4 0.209375 0.6859375 0.115625 0.10703125
8 0.1890625 0.48359375 0.07421875 0.14765625
8 0.41796875 0.33359375 0.1625 0.096875
9 0.57421875 0.69296875 0.1390625 0.0859375
9 0.421875 0.43359375 0.1390625 0.0859375
10 0.78515625 0.69609375 0.13046875 0.0953125
10 0.54765625 0.74453125 0.13359375 0.06640625
11 0.1671875 0.06015625 0.14296875 0.0875
11 0.7609375 0.54375 0.1375 0.0796875
5 0.4984375 0.79921875 0.08125 0.10390625
5 0.178125 0.37265625 0.128125 0.0875
6 0.39296875 0.6484375 0.128125 0.07109375
6 0.290625 0.5203125 0.1171875 0.0875
7 0.14765625 0.71171875 0.0921875 0.10703125
7 0.303125 0.9265625 0.0671875 0.11484375
12 0.0984375 0.5203125 0.08828125 0.10078125
12 0.15390625 0.590625 0.1125 0.06015625
13 0.4078125 0.5828125 0.10703125 0.06328125
13 0.8609375 0.7125 0.12265625 0.053125
14 0.2359375 0.65546875 0.059375 0.0921875
14 0.290625 0.6390625 0.103125 0.040625
15 0.38046875 0.71171875 0.09921875 0.07109375
15 0.5984375 0.35 0.1015625 0.06171875
16 0.41484375 0.3953125 0.09609375 0.05546875
16 0.89453125 0.61640625 0.0703125 0.0828125
17 0.3046875 0.4765625 0.0671875 0.084375
17 0.2828125 0.5890625 0.0671875 0.0765625
18 0.80390625 0.39296875 0.08125 0.06953125
18 0.69453125 0.32578125 0.07265625 0.07421875
19 0.3609375 0.76875 0.08515625 0.06328125
19 0.71484375 0.5890625 0.059375 0.0828125
20 0.33984375 0.578125 0.07578125 0.053125
20 0.6546875 0.68359375 0.06875 0.06171875
21 0.89453125 0.4515625 0.078125 0.05703125
21 0.2375 0.59921875 0.0484375 0.06015625
22 0.58203125 0.2796875 0.159375 0.0859375
23 0.6625 0.7609375 0.0671875 0.06015625