0 0.37734375 0.14140625 0.4015625 0.09296875
0 0.603125 0.73125 0.19921875 0.18046875
1 0.71640625 0.796875 0.1625 0.24296875
1 0.26328125 0.1578125 0.1625 0.178125
2 0.36015625 0.19140625 0.13828125 0.265625
2 0.6515625 0.6984375 0.18515625 0.13671875
3 0.61484375 0.5875 0.10546875 0.309375
3 0.25625 0.44375 0.20078125 0.21640625
4 0.87578125 0.72890625 0.096875 0.28046875
4 0.4765625 0.55859375 0.0984375 0.1421875
8 0.38828125 0.2796875 0.23671875 0.10078125
8 0.1125 0.35546875 0.15234375 0.184375
9 0.3125 0.828125 0.115625 0.24453125
9 0.3078125 0.475 0.1453125 0.115625
10 0.6796875 0.25234375 0.11796875 0.11015625
10 0.61484375 0.35546875 0.20625 0.078125
11 0.76875 0.61328125 0.13671875 0.12109375
11 0.0546875 0.59140625 0.08828125 0.19921875
5 0.42578125 0.8625 0.1421875 0.134375
5 0.17890625 0.45546875 0.14375 0.18203125
6 0.43046875 0.68984375 0.2109375 0.08515625
6 0.74453125 0.44375 0.14375 0.1671875
7 0.42578125 0.0703125 0.18671875 0.11796875
7 0.86328125 0.4984375 0.15234375 0.12734375
12 0.1578125 0.72734375 0.065625 0.17265625
12 0.91484375 0.6828125 0.10703125 0.159375
13 0.265625 0.60234375 0.1609375 0.078125
13 0.284375 0.5515625 0.1609375 0.06640625
14 0.68046875 0.56328125 0.1265625 0.10625
14 0.32578125 0.88203125 0.10234375 0.13671875
15 0.38984375 0.5984375 0.1296875 0.08125
15 0.4578125 0.1609375 0.078125 0.140625
16 0.41328125 0.38671875 0.09375 0.125
16 0.5734375 0.47421875 0.09140625 0.10234375
17 0.34765625 0.7921875 0.1109375 0.08515625
17 0.2046875 0.80390625 0.08125 0.1234375
18 0.1515625 0.2375 0.07421875 0.0875
18 0.62265625 0.80703125 0.0625 0.09296875
19 0.2015625 0.1421875 0.09140625 0.0984375
19 0.30078125 0.5296875 0.05546875 0.10234375
20 0.5140625 0.4703125 0.0828125 0.053125
20 0.5734375 0.23828125 0.07109375 0.0890625
21 0.16484375 0.453125 0.078125 0.10234375
21 0.55625 0.32578125 0.09140625 0.0515625
22 0.075 0.26875 0.09140625 0.2484375
23 0.365625 0.5515625 0.0640625 0.096875