0 0.44140625 0.63984375 0.171875 0.0953125
0 0.47578125 0.86171875 0.2015625 0.0453125
1 0.396875 0.76484375 0.16640625 0.0859375
1 0.3578125 0.9453125 0.18828125 0.0453125
2 0.7140625 0.0796875 0.12890625 0.11640625
2 0.340625 0.35234375 0.06796875 0.12734375
3 0.21171875 0.5140625 0.04765625 0.1203125
3 0.31015625 0.25234375 0.15390625 0.04375
4 0.6125 0.53515625 0.13359375 0.04375
4 0.26640625 0.509375 0.07421875 0.1046875
8 0.2390625 0.65546875 0.11484375 0.06484375
8 0.5671875 0.8390625 0.07578125 0.10546875
9 0.12578125 0.359375 0.1109375 0.0796875
9 0.57890625 0.49453125 0.115625 0.046875
10 0.5078125 0.25390625 0.115625 0.05078125
10 0.36796875 0.50703125 0.1125 0.04765625
11 0.34296875 0.55 0.09609375 0.06875
11 0.9078125 0.06171875 0.10859375 0.08984375
5 0.784375 0.42890625 0.1109375 0.06328125
5 0.50234375 0.35234375 0.10703125 0.059375
6 0.559375 0.1609375 0.05390625 0.09296875
6 0.54921875 0.91171875 0.0796875 0.075
7 0.2765625 0.39609375 0.0921875 0.065625
7 0.34921875 0.49921875 0.0375 0.09296875
12 0.16484375 0.44921875 0.04921875 0.08359375
12 0.1703125 0.50546875 0.08828125 0.03671875
13 0.5921875 0.3546875 0.0765625 0.04140625
13 0.41875 0.4421875 0.0859375 0.0515625
14 0.5640625 0.46171875 0.0734375 0.04375
14 0.25546875 0.50703125 0.0921875 0.03359375
15 0.384375 0.60625 0.084375 0.03359375
15 0.42734375 0.53671875 0.07578125 0.03828125
16 0.39453125 0.89296875 0.07578125 0.05078125
16 0.253125 0.77265625 0.04375 0.07109375
17 0.603125 0.290625 0.0734375 0.04765625
17 0.84453125 0.20546875 0.0640625 0.06328125
18 0.79609375 0.375 0.078125 0.0390625
18 0.1484375 0.65234375 0.06328125 0.04140625
19 0.75078125 0.08046875 0.05703125 0.059375
19 0.45234375 0.96328125 0.06796875 0.03828125
20 0.4828125 0.91875 0.05078125 0.0453125
20 0.3046875 0.56484375 0.04921875 0.04375
21 0.4609375 0.20390625 0.071875 0.03671875
21 0.78203125 0.54296875 0.05078125 0.0484375
22 0.159375 0.72421875 0.06171875 0.10078125
23 0.70546875 0.77578125 0.04921875 0.053125