0 0.6734375 0.8984375 0.259375 0.11640625
0 0.65078125 0.740625 0.121875 0.203125
1 0.3234375 0.45078125 0.18984375 0.1109375
1 0.709375 0.41171875 0.19140625 0.15625
2 0.30703125 0.184375 0.08828125 0.215625
2 0.85625 0.55859375 0.10859375 0.1453125
3 0.5171875 0.4109375 0.15625 0.0921875
3 0.665625 0.26796875 0.09296875 0.2015625
4 0.81171875 0.6234375 0.159375 0.1328125
4 0.271875 0.71796875 0.17421875 0.16171875
8 0.75234375 0.62734375 0.15625 0.125
8 0.59921875 0.60234375 0.1171875 0.1890625
9 0.2265625 0.24375 0.1171875 0.146875
9 0.48203125 0.7234375 0.178125 0.07421875
10 0.4765625 0.7921875 0.17265625 0.08203125
10 0.16015625 0.596875 0.10703125 0.1234375
11 0.190625 0.5796875 0.140625 0.1328125
11 0.5015625 0.59140625 0.11171875 0.08359375
5 0.21640625 0.54375 0.13359375 0.1109375
5 0.61171875 0.20546875 0.05390625 0.1671875
6 0.42890625 0.5109375 0.08125 0.14375
6 0.390625 0.77109375 0.0828125 0.14140625
7 0.53125 0.54140625 0.15078125 0.078125
7 0.4828125 0.6796875 0.09453125 0.1328125
12 0.83828125 0.43125 0.1 0.103125
12 0.5390625 0.31484375 0.07421875 0.1328125
13 0.7609375 0.6984375 0.11875 0.065625
13 0.67890625 0.28984375 0.11328125 0.0921875
14 0.6578125 0.6140625 0.11171875 0.1
14 0.7640625 0.77890625 0.084375 0.11640625
15 0.31875 0.51875 0.0640625 0.11640625
15 0.31328125 0.653125 0.11171875 0.0796875
16 0.51328125 0.4890625 0.10546875 0.05625
16 0.559375 0.23203125 0.078125 0.07265625
17 0.31328125 0.33203125 0.08125 0.0796875
17 0.196875 0.46796875 0.0984375 0.07265625
18 0.27109375 0.35 0.08828125 0.0546875
18 0.36875 0.2484375 0.07265625 0.07265625
19 0.296875 0.39140625 0.08125 0.05625
19 0.50703125 0.23671875 0.05390625 0.0921875
20 0.453125 0.2484375 0.06953125 0.06875
20 0.409375 0.3375 0.059375 0.0796875
21 0.28125 0.07734375 0.084375 0.07421875
21 0.52578125 0.10625 0.07109375 0.07109375
22 0.3796875 0.14375 0.0984375 0.12734375
22 0.46328125 0.1859375 0.140625 0.121875