0 0.6484375 0.8203125 0.128125 0.13984375
0 0.24375 0.484375 0.0953125 0.17265625
1 0.103125 0.2890625 0.0859375 0.19375
1 0.40859375 0.38046875 0.1234375 0.15546875
2 0.77109375 0.69375 0.1234375 0.125
2 0.35390625 0.371875 0.06171875 0.15390625
3 0.11953125 0.43984375 0.05234375 0.16171875
3 0.53671875 0.45 0.04921875 0.1375
4 0.19375 0.2375 0.11796875 0.075
4 0.315625 0.79375 0.1140625 0.06640625
8 0.2359375 0.9046875 0.0859375 0.1296875
8 0.14921875 0.5140625 0.05 0.1453125
9 0.615625 0.8640625 0.084375 0.11171875
9 0.1796875 0.5421875 0.053125 0.09140625
10 0.93515625 0.5703125 0.075 0.10546875
10 0.12265625 0.5703125 0.05625 0.09296875
11 0.07421875 0.7859375 0.05234375 0.125
11 0.26171875 0.3171875 0.0703125 0.11328125
5 0.31171875 0.11484375 0.0609375 0.13515625
5 0.23828125 0.5359375 0.05546875 0.1234375
6 0.45859375 0.5265625 0.06015625 0.09453125
6 0.38046875 0.371875 0.06796875 0.053125
7 0.23515625 0.72109375 0.07578125 0.109375
7 0.4046875 0.140625 0.0828125 0.08515625
12 0.14453125 0.75 0.07265625 0.07265625
12 0.50234375 0.70390625 0.0765625 0.05234375
13 0.12109375 0.07734375 0.0984375 0.0546875
13 0.49453125 0.73515625 0.0765625 0.053125
14 0.29453125 0.5 0.075 0.06640625
14 0.57109375 0.41953125 0.040625 0.096875
15 0.5796875 0.9296875 0.06875 0.0734375
15 0.19296875 0.46640625 0.04765625 0.09296875
16 0.421875 0.42578125 0.06015625 0.07265625
16 0.43125 0.26875 0.0578125 0.0546875
17 0.69375 0.91015625 0.0640625 0.05703125
17 0.68359375 0.528125 0.05 0.07890625
18 0.7765625 0.80625 0.04453125 0.0765625
18 0.821875 0.50703125 0.04765625 0.0703125
19 0.38828125 0.1671875 0.0609375 0.05234375
19 0.64765625 0.42109375 0.04921875 0.0609375
20 0.35078125 0.53125 0.05546875 0.0546875
20 0.0609375 0.29921875 0.040625 0.05859375
21 0.72890625 0.5421875 0.05703125 0.0484375
21 0.2859375 0.125 0.0390625 0.07265625
22 0.146875 0.271875 0.05703125 0.1015625