0 0.25 0.26484375 0.06328125 0.21796875
0 0.5453125 0.815625 0.11875 0.11953125
1 0.72578125 0.60234375 0.19609375 0.05
1 0.7171875 0.7453125 0.1125 0.16171875
2 0.525 0.684375 0.13984375 0.12421875
2 0.51796875 0.18671875 0.1703125 0.09765625
3 0.68984375 0.33203125 0.11875 0.09765625
3 0.759375 0.52265625 0.14296875 0.071875
4 0.2484375 0.540625 0.09296875 0.1359375
4 0.42578125 0.80625 0.12890625 0.08359375
8 0.5921875 0.565625 0.146875 0.0625
8 0.39765625 0.4484375 0.090625 0.134375
9 0.45 0.12109375 0.1234375 0.07109375
9 0.825 0.75234375 0.0890625 0.12109375
10 0.08359375 0.428125 0.07421875 0.12890625
10 0.43046875 0.21015625 0.090625 0.1046875
11 0.87890625 0.6546875 0.04453125 0.1171875
11 0.8203125 0.7609375 0.11484375 0.0734375
5 0.59140625 0.33125 0.05625 0.1140625
5 0.659375 0.71015625 0.103125 0.05703125
6 0.39296875 0.5625 0.1125 0.07421875
6 0.790625 0.634375 0.1140625 0.0671875
7 0.61171875 0.9125 0.13125 0.0640625
7 0.42109375 0.79453125 0.0515625 0.11640625
12 0.59453125 0.240625 0.053125 0.1046875
12 0.68671875 0.28203125 0.10078125 0.040625
13 0.4546875 0.42421875 0.04375 0.1
13 0.36796875 0.371875 0.09296875 0.0484375
14 0.6640625 0.44296875 0.065625 0.08671875
14 0.38046875 0.61171875 0.0609375 0.09375
15 0.62265625 0.33671875 0.04609375 0.08828125
15 0.49765625 0.43125 0.07265625 0.0640625
16 0.35 0.17265625 0.0859375 0.05
16 0.29140625 0.20703125 0.08203125 0.0578125
17 0.16953125 0.45625 0.08125 0.05703125
17 0.18671875 0.5984375 0.0796875 0.05
18 0.35625 0.50625 0.0625 0.0625
18 0.590625 0.65234375 0.06953125 0.04765625
19 0.2046875 0.3453125 0.05078125 0.07109375
19 0.59140625 0.040625 0.05625 0.06484375
20 0.90234375 0.57890625 0.065625 0.0453125
20 0.12265625 0.2859375 0.05078125 0.059375
21 0.415625 0.4015625 0.0375 0.06171875
21 0.25859375 0.46015625 0.06328125 0.0453125
22 0.7296875 0.1328125 0.1 0.0984375
23 0.37578125 0.3296875 0.06796875 0.03984375