0 0.56171875 0.5015625 0.1 0.24765625
0 0.3265625 0.35390625 0.1078125 0.2015625
1 0.321875 0.56015625 0.12578125 0.1296875
1 0.4640625 0.3203125 0.06328125 0.26484375
2 0.49921875 0.4328125 0.065625 0.203125
2 0.44375 0.6078125 0.0921875 0.11796875
3 0.240625 0.35 0.05859375 0.16015625
3 0.76484375 0.37734375 0.06953125 0.2015625
4 0.5875 0.42109375 0.0984375 0.11640625
4 0.4546875 0.81640625 0.12421875 0.16640625
8 0.15390625 0.31640625 0.06015625 0.2140625
8 0.28828125 0.3359375 0.12734375 0.146875
9 0.55078125 0.64140625 0.11328125 0.11875
9 0.8390625 0.46796875 0.07265625 0.11484375
10 0.52265625 0.22421875 0.04296875 0.1671875
10 0.1734375 0.63515625 0.09453125 0.1578125
11 0.596875 0.359375 0.03671875 0.15546875
11 0.4265625 0.09765625 0.13515625 0.06796875
5 0.390625 0.21484375 0.103125 0.11015625
5 0.6828125 0.3 0.0609375 0.14921875
6 0.8203125 0.55859375 0.0671875 0.09609375
6 0.6109375 0.33125 0.09453125 0.0734375
7 0.5703125 0.84140625 0.06875 0.1296875
7 0.2953125 0.3609375 0.06484375 0.13828125
12 0.74140625 0.365625 0.0765625 0.09609375
12 0.43515625 0.27578125 0.05078125 0.115625
13 0.49453125 0.5078125 0.04375 0.11796875
13 0.49375 0.59921875 0.07734375 0.06015625
14 0.3078125 0.49765625 0.09921875 0.0703125
14 0.53125 0.45859375 0.06015625 0.10234375
15 0.48046875 0.71171875 0.0890625 0.05625
15 0.62890625 0.35078125 0.05859375 0.065625
16 0.546875 0.83203125 0.06875 0.0703125
16 0.41171875 0.52265625 0.0609375 0.07109375
17 0.48828125 0.78046875 0.04453125 0.0984375
17 0.590625 0.23359375 0.078125 0.05625
18 0.6984375 0.59609375 0.06953125 0.0515625
18 0.78203125 0.5734375 0.03828125 0.0734375
19 0.8078125 0.375 0.065625 0.0625
19 0.4296875 0.58046875 0.05234375 0.06796875
20 0.58046875 0.1859375 0.05 0.06875
20 0.6734375 0.65390625 0.03671875 0.07265625
21 0.38984375 0.4140625 0.0375 0.0703125
21 0.61640625 0.628125 0.0609375 0.0453125
22 0.64375 0.784375 0.10859375 0.090625