0 0.24296875 0.80703125 0.1171875 0.20625
0 0.18046875 0.55078125 0.11328125 0.28046875
1 0.521875 0.22890625 0.21015625 0.1296875
1 0.62421875 0.27421875 0.1375 0.1390625
2 0.08125 0.56875 0.0984375 0.2328125
2 0.3609375 0.06484375 0.20703125 0.09140625
3 0.8796875 0.4859375 0.12890625 0.23125
3 0.76640625 0.2921875 0.16953125 0.08046875
4 0.16875 0.3234375 0.1234375 0.16953125
4 0.19765625 0.52578125 0.1578125 0.1546875
8 0.42421875 0.66953125 0.1171875 0.171875
8 0.5234375 0.234375 0.09453125 0.190625
9 0.665625 0.80703125 0.14375 0.15625
9 0.3890625 0.66875 0.14375 0.1390625
10 0.65 0.659375 0.1234375 0.13515625
10 0.6 0.30859375 0.11171875 0.1546875
11 0.84921875 0.34140625 0.1390625 0.10703125
11 0.74375 0.5703125 0.14609375 0.10703125
5 0.2109375 0.67578125 0.0796875 0.171875
5 0.85 0.64921875 0.0828125 0.171875
6 0.4796875 0.3609375 0.10859375 0.11796875
6 0.2484375 0.3765625 0.06953125 0.146875
7 0.35078125 0.78984375 0.12890625 0.13359375
7 0.35546875 0.8703125 0.10703125 0.121875
12 0.72109375 0.8234375 0.11328125 0.13515625
12 0.53359375 0.90546875 0.08828125 0.128125
13 0.659375 0.73203125 0.078125 0.11640625
13 0.51328125 0.45 0.10546875 0.06875
14 0.60390625 0.390625 0.09296875 0.078125
14 0.415625 0.58125 0.13203125 0.0515625
15 0.47734375 0.475 0.059375 0.103125
15 0.359375 0.7984375 0.09140625 0.078125
16 0.58828125 0.5953125 0.115625 0.06484375
16 0.3765625 0.72578125 0.10859375 0.0859375
17 0.43125 0.19140625 0.09296875 0.08984375
17 0.49140625 0.5890625 0.084375 0.0703125
18 0.56640625 0.48984375 0.0640625 0.0703125
18 0.24921875 0.284375 0.07109375 0.07265625
19 0.88984375 0.44453125 0.05390625 0.103125
19 0.43203125 0.12421875 0.09140625 0.05703125
20 0.28828125 0.353125 0.07421875 0.05703125
20 0.434375 0.4453125 0.05625 0.07421875
21 0.19921875 0.59453125 0.06640625 0.059375
21 0.334375 0.59140625 0.06953125 0.0609375
22 0.4140625 0.515625 0.13359375 0.08359375
22 0.21171875 0.46953125 0.10546875 0.14921875