0 0.17734375 0.35234375 0.27109375 0.13515625
0 0.45 0.571875 0.13046875 0.13203125
1 0.5515625 0.90546875 0.28203125 0.12421875
1 0.7375 0.7484375 0.071875 0.28046875
2 0.33828125 0.73984375 0.23046875 0.12421875
2 0.62734375 0.33046875 0.10625 0.10625
3 0.18046875 0.71015625 0.103125 0.14140625
3 0.41875 0.271875 0.15625 0.1703125
4 0.2515625 0.10703125 0.11484375 0.17265625
4 0.596875 0.45546875 0.09140625 0.18046875
8 0.50390625 0.1234375 0.14609375 0.1625
8 0.22265625 0.6375 0.18046875 0.096875
9 0.7015625 0.27265625 0.07734375 0.17265625
9 0.21640625 0.84296875 0.1859375 0.06953125
10 0.2015625 0.634375 0.07734375 0.1640625
10 0.696875 0.66015625 0.16015625 0.0546875
11 0.60390625 0.5640625 0.12578125 0.1078125
11 0.68671875 0.2734375 0.14609375 0.0609375
5 0.28125 0.52578125 0.14296875 0.08203125
5 0.88046875 0.47578125 0.14609375 0.07578125
6 0.3734375 0.171875 0.05703125 0.15
6 0.37578125 0.36328125 0.16328125 0.05
7 0.0953125 0.1578125 0.11171875 0.1453125
7 0.3875 0.34375 0.10859375 0.13671875
12 0.6921875 0.5578125 0.12734375 0.07890625
12 0.28828125 0.17265625 0.14453125 0.06796875
13 0.75625 0.365625 0.1203125 0.08671875
13 0.41640625 0.9046875 0.14609375 0.0546875
14 0.4015625 0.7609375 0.09765625 0.0953125
14 0.4203125 0.16953125 0.05 0.1140625
15 0.36875 0.6484375 0.07734375 0.0953125
15 0.296875 0.5796875 0.1203125 0.0578125
16 0.65546875 0.8171875 0.10859375 0.07890625
16 0.34140625 0.87109375 0.09765625 0.06796875
17 0.77265625 0.2921875 0.0875 0.07578125
17 0.32578125 0.33125 0.05 0.09140625
18 0.7609375 0.4640625 0.09296875 0.0640625
18 0.28828125 0.4671875 0.09609375 0.0484375
19 0.14921875 0.7390625 0.06171875 0.07734375
19 0.54453125 0.51015625 0.0859375 0.0515625
20 0.45625 0.51875 0.07421875 0.0484375
20 0.66875 0.73046875 0.07890625 0.05625
21 0.6921875 0.60234375 0.0828125 0.0453125
21 0.303125 0.6359375 0.08046875 0.0484375
22 0.178125 0.1796875 0.09140625 0.15625
23 0.684375 0.3875 0.053125 0.059375