0 0.74453125 0.5375 0.07421875 0.20546875
0 0.4578125 0.3921875 0.075 0.16796875
1 0.81953125 0.78984375 0.1359375 0.08671875
1 0.91328125 0.11953125 0.15078125 0.08125
2 0.71640625 0.275 0.04765625 0.14921875
2 0.9171875 0.4578125 0.04375 0.1640625
3 0.7859375 0.18984375 0.07734375 0.14140625
3 0.63984375 0.49140625 0.10859375 0.06484375
4 0.91328125 0.615625 0.103125 0.06875
4 0.809375 0.2796875 0.09921875 0.08125
8 0.478125 0.471875 0.09609375 0.09375
8 0.05546875 0.56796875 0.06875 0.1640625
9 0.7421875 0.35390625 0.103125 0.06640625
9 0.559375 0.1875 0.06328125 0.109375
10 0.89453125 0.2390625 0.08671875 0.05859375
10 0.9109375 0.45 0.08203125 0.07734375
11 0.70078125 0.05546875 0.05234375 0.0875
11 0.84296875 0.203125 0.08359375 0.04765625
5 0.73203125 0.3828125 0.03125 0.109375
5 0.71953125 0.53984375 0.0828125 0.10625
6 0.86484375 0.42265625 0.075 0.0515625
6 0.365625 0.36328125 0.065625 0.09296875
7 0.33984375 0.34765625 0.06875 0.10390625
7 0.75078125 0.93515625 0.06953125 0.08984375
12 0.7296875 0.11953125 0.0765625 0.04375
12 0.9328125 0.36015625 0.06015625 0.0640625
13 0.59375 0.50859375 0.0671875 0.03984375
13 0.65 0.27109375 0.04921875 0.0890625
14 0.68984375 0.40703125 0.06875 0.0375
14 0.915625 0.49765625 0.05234375 0.07265625
15 0.775 0.6125 0.0546875 0.0640625
15 0.4 0.33046875 0.0390625 0.06875
16 0.77890625 0.1125 0.05 0.07265625
16 0.734375 0.31796875 0.05078125 0.06484375
17 0.6296875 0.1125 0.0546875 0.04296875
17 0.94609375 0.50859375 0.03359375 0.08046875
18 0.8328125 0.34296875 0.0359375 0.0640625
18 0.80078125 0.2734375 0.0484375 0.04921875
19 0.63671875 0.403125 0.0359375 0.0640625
19 0.8734375 0.30546875 0.03984375 0.06015625
20 0.8078125 0.7328125 0.03515625 0.0578125
20 0.45625 0.54921875 0.03125 0.05
21 0.68671875 0.25546875 0.0453125 0.05
21 0.90859375 0.33984375 0.04453125 0.04375
22 0.93828125 0.66640625 0.0828125 0.08671875
22 0.6546875 0.06484375 0.065625 0.08984375