0 0.28671875 0.60625 0.16015625 0.1953125
0 0.19453125 0.321875 0.165625 0.15234375
1 0.67734375 0.3203125 0.10390625 0.21875
1 0.5125 0.85625 0.096875 0.14453125
2 0.58828125 0.4015625 0.0921875 0.2015625
2 0.23984375 0.45546875 0.1890625 0.08046875
3 0.49453125 0.09453125 0.10546875 0.13125
3 0.61171875 0.16171875 0.18046875 0.07265625
4 0.4046875 0.66484375 0.13046875 0.16328125
4 0.2953125 0.75078125 0.16484375 0.128125
8 0.81953125 0.5015625 0.15 0.14453125
8 0.78984375 0.7625 0.17890625 0.07578125
9 0.18125 0.57265625 0.125 0.14453125
9 0.11484375 0.28046875 0.17890625 0.0890625
10 0.87109375 0.3390625 0.08828125 0.15859375
10 0.40546875 0.821875 0.146875 0.05859375
11 0.7328125 0.14453125 0.146875 0.06953125
11 0.146875 0.42890625 0.103125 0.128125
5 0.35703125 0.46796875 0.08203125 0.125
5 0.3875 0.15234375 0.140625 0.05703125
6 0.37421875 0.903125 0.09375 0.1296875
6 0.640625 0.54296875 0.11484375 0.11875
7 0.3296875 0.30625 0.08984375 0.14296875
7 0.5546875 0.21484375 0.1203125 0.07109375
12 0.41328125 0.75078125 0.10390625 0.084375
12 0.32890625 0.2234375 0.07890625 0.1171875
13 0.54296875 0.27265625 0.0671875 0.1109375
13 0.7015625 0.63046875 0.10859375 0.0984375
14 0.21796875 0.27421875 0.05703125 0.1203125
14 0.5125 0.6265625 0.1 0.096875
15 0.48984375 0.2890625 0.06640625 0.115625
15 0.4734375 0.709375 0.0484375 0.115625
16 0.38359375 0.50859375 0.046875 0.1140625
16 0.42421875 0.35078125 0.08515625 0.06484375
17 0.45625 0.06171875 0.0484375 0.1015625
17 0.8703125 0.65 0.06015625 0.1015625
18 0.5765625 0.50859375 0.06875 0.06640625
18 0.66875 0.58828125 0.08046875 0.06015625
19 0.75625 0.475 0.06171875 0.07734375
19 0.1390625 0.5234375 0.08359375 0.04609375
20 0.83125 0.553125 0.06484375 0.06953125
20 0.57734375 0.328125 0.05 0.06328125
21 0.6203125 0.44375 0.06015625 0.06953125
21 0.41640625 0.50703125 0.0546875 0.06328125
22 0.8453125 0.634375 0.0984375 0.16015625
23 0.86484375 0.24921875 0.053125 0.09375