0 0.30234375 0.41484375 0.23203125 0.1421875
0 0.40703125 0.15625 0.28125 0.07578125
1 0.59296875 0.26796875 0.20703125 0.12578125
1 0.1390625 0.4046875 0.1109375 0.16484375
2 0.49375 0.3578125 0.16171875 0.13671875
2 0.7109375 0.63828125 0.1125 0.17109375
3 0.3609375 0.25859375 0.159375 0.13515625
3 0.503125 0.83359375 0.21796875 0.0515625
4 0.45078125 0.86640625 0.13046875 0.17109375
4 0.70703125 0.2296875 0.1109375 0.121875
8 0.43984375 0.5859375 0.07265625 0.1328125
8 0.28125 0.67890625 0.06328125 0.175
9 0.1609375 0.24140625 0.09765625 0.1578125
9 0.32578125 0.1484375 0.14921875 0.10234375
10 0.31875 0.48515625 0.06484375 0.134375
10 0.84765625 0.63515625 0.09296875 0.11015625
11 0.721875 0.67109375 0.05625 0.13671875
11 0.68203125 0.459375 0.134375 0.05859375
5 0.58984375 0.66640625 0.07421875 0.125
5 0.578125 0.14609375 0.08125 0.13046875
6 0.734375 0.53515625 0.12734375 0.06640625
6 0.6265625 0.8890625 0.11484375 0.1125
7 0.14296875 0.546875 0.1453125 0.06640625
7 0.6 0.3703125 0.12734375 0.0609375
12 0.46875 0.4046875 0.0765625 0.10078125
12 0.42890625 0.50625 0.1109375 0.04140625
13 0.78203125 0.42890625 0.109375 0.06875
13 0.40078125 0.6546875 0.04921875 0.11171875
14 0.565625 0.76953125 0.1140625 0.06796875
14 0.3921875 0.809375 0.07109375 0.09453125
15 0.06953125 0.4578125 0.0890625 0.0890625
15 0.55625 0.8921875 0.08359375 0.08515625
16 0.77890625 0.65859375 0.05234375 0.0953125
16 0.20703125 0.2484375 0.08515625 0.08515625
17 0.475 0.5640625 0.08125 0.0515625
17 0.51875 0.5078125 0.08515625 0.059375
18 0.44453125 0.45625 0.07421875 0.059375
18 0.059375 0.3609375 0.05234375 0.0890625
19 0.303125 0.83984375 0.08515625 0.04609375
19 0.37890625 0.05 0.07109375 0.06484375
20 0.67890625 0.49296875 0.05234375 0.06640625
20 0.946875 0.728125 0.0671875 0.059375
21 0.5515625 0.6828125 0.04375 0.07421875
21 0.30234375 0.559375 0.0421875 0.07421875
22 0.3109375 0.65625 0.14375 0.0640625
23 0.55859375 0.959375 0.07109375 0.059375