0 0.13515625 0.6515625 0.1203125 0.19375
0 0.4375 0.77265625 0.18671875 0.13125
1 0.36015625 0.92734375 0.146875 0.0921875
1 0.18359375 0.8328125 0.13828125 0.14296875
2 0.5375 0.56875 0.1609375 0.14453125
2 0.61171875 0.75625 0.084375 0.20859375
3 0.74375 0.4453125 0.12890625 0.1578125
3 0.378125 0.73671875 0.15078125 0.15390625
4 0.34921875 0.26484375 0.09296875 0.165625
4 0.353125 0.528125 0.121875 0.15
8 0.215625 0.296875 0.0625 0.1765625
8 0.1390625 0.3953125 0.16328125 0.05859375
9 0.65859375 0.775 0.084375 0.1484375
9 0.55078125 0.3984375 0.0953125 0.15390625
10 0.659375 0.4296875 0.1359375 0.084375
10 0.20546875 0.675 0.134375 0.0828125
11 0.46796875 0.65390625 0.10390625 0.12421875
11 0.6625 0.20390625 0.109375 0.11875
5 0.44140625 0.5515625 0.109375 0.103125
5 0.09296875 0.48515625 0.09296875 0.1203125
6 0.8375 0.48984375 0.0953125 0.121875
6 0.4265625 0.33984375 0.06484375 0.1390625
7 0.9265625 0.478125 0.07890625 0.1296875
7 0.70703125 0.6265625 0.1203125 0.0921875
12 0.43984375 0.871875 0.09140625 0.10546875
12 0.48359375 0.30390625 0.075 0.10703125
13 0.68203125 0.31015625 0.0625 0.128125
13 0.5609375 0.50078125 0.121875 0.05859375
14 0.66015625 0.58515625 0.06953125 0.1109375
14 0.5984375 0.24140625 0.07890625 0.10703125
15 0.38828125 0.06015625 0.0953125 0.09375
15 0.1484375 0.5515625 0.075 0.0921875
16 0.51171875 0.85 0.0734375 0.07109375
16 0.825 0.5890625 0.0734375 0.08828125
17 0.4765625 0.371875 0.0609375 0.08984375
17 0.55 0.18828125 0.08984375 0.06015625
18 0.7515625 0.79765625 0.0734375 0.06953125
18 0.48125 0.72734375 0.0484375 0.08984375
19 0.22421875 0.603125 0.06484375 0.07890625
19 0.2578125 0.33671875 0.05390625 0.0828125
20 0.3109375 0.3515625 0.059375 0.0828125
20 0.33984375 0.04296875 0.05234375 0.075
21 0.61171875 0.5734375 0.06640625 0.05625
21 0.5453125 0.7515625 0.05234375 0.075
22 0.2734375 0.4890625 0.07734375 0.128125
23 0.74140625 0.72734375 0.06953125 0.075