0 0.27109375 0.83046875 0.08984375 0.225
0 0.334375 0.6953125 0.06953125 0.159375
1 0.34296875 0.14296875 0.046875 0.25078125
1 0.5109375 0.5828125 0.10078125 0.21796875
2 0.165625 0.2875 0.0515625 0.21484375
2 0.4671875 0.0875 0.1375 0.078125
3 0.321875 0.84375 0.14765625 0.07109375
3 0.4484375 0.45390625 0.071875 0.21640625
4 0.240625 0.14453125 0.1171875 0.12265625
4 0.5234375 0.5375 0.07109375 0.18828125
8 0.31875 0.171875 0.1203125 0.078125
8 0.7875 0.91640625 0.0734375 0.14375
9 0.41875 0.503125 0.05546875 0.17265625
9 0.54296875 0.13359375 0.0953125 0.1
10 0.67265625 0.7609375 0.09609375 0.096875
10 0.28828125 0.515625 0.0765625 0.1484375
11 0.31328125 0.3796875 0.0375 0.1640625
11 0.41953125 0.36015625 0.05 0.18359375
5 0.37578125 0.26875 0.0390625 0.175
5 0.38984375 0.08203125 0.08984375 0.109375
6 0.2171875 0.4875 0.08515625 0.1140625
6 0.4375 0.4046875 0.0875 0.096875
7 0.05390625 0.2875 0.08203125 0.1421875
7 0.37421875 0.59453125 0.07734375 0.1296875
12 0.52578125 0.21015625 0.08203125 0.07109375
12 0.50859375 0.44453125 0.07421875 0.0828125
13 0.13671875 0.32109375 0.0578125 0.12265625
13 0.48515625 0.40859375 0.0640625 0.0796875
14 0.3453125 0.47109375 0.04453125 0.12265625
14 0.35234375 0.3515625 0.0421875 0.12109375
15 0.384375 0.41953125 0.04140625 0.10234375
15 0.94921875 0.7484375 0.07734375 0.0640625
16 0.11015625 0.259375 0.0546875 0.08984375
16 0.27734375 0.078125 0.06796875 0.08671875
17 0.52578125 0.11953125 0.0640625 0.06953125
17 0.1546875 0.4671875 0.05859375 0.08671875
18 0.32265625 0.60234375 0.05546875 0.05546875
18 0.2125 0.403125 0.03515625 0.096875
19 0.3609375 0.7421875 0.0421875 0.08984375
19 0.0859375 0.67890625 0.040625 0.10234375
20 0.44375 0.475 0.040625 0.046875
20 0.5671875 0.28828125 0.04453125 0.07421875
21 0.49921875 0.03984375 0.046875 0.05546875
21 0.4515625 0.54765625 0.03359375 0.08125
22 0.11484375 0.17421875 0.09921875 0.11953125
22 0.2359375 0.5078125 0.05234375 0.1609375