0 0.48515625 0.69375 0.1390625 0.071875
0 0.28984375 0.5484375 0.12421875 0.0765625
1 0.35078125 0.5640625 0.08125 0.13125
1 0.08203125 0.41171875 0.0671875 0.159375
2 0.5625 0.3640625 0.08515625 0.10703125
2 0.228125 0.12109375 0.10703125 0.07890625
3 0.9140625 0.62578125 0.08515625 0.10390625
3 0.2828125 0.52265625 0.08125 0.08359375
4 0.3 0.2640625 0.03359375 0.12109375
4 0.92890625 0.7 0.07890625 0.09921875
8 0.40390625 0.85390625 0.08125 0.10390625
8 0.6328125 0.68515625 0.06875 0.1015625
9 0.31640625 0.07265625 0.0625 0.10390625
9 0.15859375 0.1 0.03359375 0.11875
10 0.51953125 0.3515625 0.0625 0.07890625
10 0.86796875 0.93046875 0.08046875 0.08046875
11 0.40390625 0.7921875 0.07265625 0.0546875
11 0.47734375 0.525 0.07109375 0.05390625
5 0.22734375 0.6703125 0.07265625 0.0671875
5 0.26640625 0.3484375 0.0671875 0.0734375
6 0.70703125 0.50078125 0.03828125 0.10234375
6 0.490625 0.32734375 0.05625 0.0859375
7 0.18046875 0.221875 0.0796875 0.05234375
7 0.32578125 0.346875 0.07109375 0.046875
12 0.63046875 0.9453125 0.071875 0.05625
12 0.2203125 0.5578125 0.03984375 0.0625
13 0.33984375 0.68515625 0.04375 0.07578125
13 0.403125 0.71328125 0.06015625 0.05390625
14 0.41484375 0.53515625 0.034375 0.08125
14 0.33671875 0.75703125 0.05234375 0.06484375
15 0.46484375 0.446875 0.04296875 0.05859375
15 0.3609375 0.45078125 0.05625 0.04765625
16 0.246875 0.61328125 0.06015625 0.0421875
16 0.44375 0.32421875 0.03125 0.06875
17 0.6 0.65625 0.03828125 0.06171875
17 0.52421875 0.80859375 0.034375 0.06171875
18 0.4546875 0.35390625 0.03046875 0.05625
18 0.36171875 0.37109375 0.04921875 0.0328125
19 0.35625 0.48671875 0.04375 0.04453125
19 0.675 0.890625 0.03515625 0.0625
20 0.40625 0.65625 0.04609375 0.03515625
20 0.31796875 0.778125 0.03984375 0.03828125
21 0.20703125 0.43671875 0.04296875 0.0328125
21 0.18984375 0.39609375 0.03046875 0.0546875
22 0.05234375 0.3046875 0.07578125 0.08515625
23 0.5015625 0.771875 0.046875 0.0421875