0 0.92890625 0.625 0.1140625 0.14375
0 0.56484375 0.45625 0.15 0.06484375
1 0.125 0.45859375 0.1046875 0.1265625
1 0.38515625 0.56328125 0.08671875 0.1625
2 0.63515625 0.23359375 0.0765625 0.1421875
2 0.70078125 0.40390625 0.15546875 0.096875
3 0.67265625 0.34296875 0.134375 0.09140625
3 0.4046875 0.85 0.084375 0.165625
4 0.5734375 0.23046875 0.06640625 0.1484375
4 0.278125 0.48671875 0.14765625 0.13203125
8 0.621875 0.40234375 0.1453125 0.06875
8 0.2890625 0.3375 0.1421875 0.10234375
9 0.571875 0.49375 0.14375 0.0515625
9 0.31796875 0.484375 0.04765625 0.15234375
10 0.271875 0.490625 0.0671875 0.14375
10 0.67890625 0.47890625 0.08515625 0.0890625
11 0.20390625 0.62109375 0.1046875 0.0765625
11 0.1421875 0.390625 0.12578125 0.065625
5 0.17265625 0.72890625 0.11640625 0.06484375
5 0.365625 0.3640625 0.09296875 0.0765625
6 0.88515625 0.271875 0.05546875 0.125
6 0.23046875 0.31328125 0.10078125 0.08125
7 0.57421875 0.0828125 0.11171875 0.11640625
7 0.334375 0.88984375 0.11171875 0.06328125
12 0.34296875 0.62890625 0.06484375 0.090625
12 0.38671875 0.7640625 0.10234375 0.05546875
13 0.18671875 0.51171875 0.10859375 0.0875
13 0.2890625 0.6828125 0.0828125 0.06875
14 0.52578125 0.29296875 0.07265625 0.06328125
14 0.32421875 0.25078125 0.0890625 0.06171875
15 0.925 0.2640625 0.0671875 0.07890625
15 0.346875 0.19140625 0.08125 0.06953125
16 0.17421875 0.91796875 0.08125 0.07890625
16 0.2265625 0.56640625 0.059375 0.0609375
17 0.3765625 0.64296875 0.0515625 0.065625
17 0.878125 0.625 0.04921875 0.096875
18 0.18359375 0.48515625 0.059375 0.0609375
18 0.6515625 0.04765625 0.0625 0.0671875
19 0.52265625 0.18984375 0.0765625 0.04921875
19 0.478125 0.16171875 0.075 0.0390625
20 0.40078125 0.234375 0.06875 0.0453125
20 0.096875 0.24765625 0.06640625 0.06328125
21 0.04453125 0.4890625 0.06328125 0.053125
21 0.47890625 0.1328125 0.06484375 0.04296875
22 0.328125 0.94453125 0.12578125 0.0953125
22 0.3890625 0.70546875 0.0765625 0.08515625