0 0.44296875 0.1171875 0.32265625 0.0984375
0 0.45625 0.40546875 0.2203125 0.29921875
1 0.35703125 0.68671875 0.12109375 0.20234375
1 0.38671875 0.45546875 0.253125 0.19140625
2 0.653125 0.86875 0.2171875 0.13828125
2 0.309375 0.24453125 0.23203125 0.25
3 0.82421875 0.52734375 0.2453125 0.153125
3 0.7546875 0.23671875 0.1390625 0.2125
4 0.55546875 0.928125 0.25625 0.11015625
4 0.7375 0.2734375 0.23046875 0.1
8 0.3546875 0.48828125 0.23515625 0.15546875
8 0.68671875 0.18359375 0.21875 0.0984375
9 0.85859375 0.775 0.15703125 0.1859375
9 0.740625 0.5171875 0.17734375 0.284375
10 0.1109375 0.54375 0.1359375 0.20078125
10 0.40390625 0.27109375 0.15546875 0.10234375
11 0.11171875 0.3265625 0.0875 0.21796875
11 0.5578125 0.63125 0.1453125 0.1078125
5 0.2203125 0.63046875 0.115625 0.20078125
5 0.90625 0.54375 0.1171875 0.20859375
6 0.29921875 0.334375 0.09140625 0.20625
6 0.47109375 0.2 0.196875 0.0703125
7 0.26953125 0.1828125 0.18203125 0.08515625
7 0.4640625 0.84921875 0.18046875 0.0890625
12 0.8421875 0.4859375 0.0609375 0.1875
12 0.55234375 0.56875 0.1046875 0.0625
13 0.48203125 0.2890625 0.06328125 0.1609375
13 0.4671875 0.65 0.11953125 0.13984375
14 0.6765625 0.4328125 0.1140625 0.14609375
14 0.22578125 0.31640625 0.07421875 0.1859375
15 0.11953125 0.44140625 0.12578125 0.10234375
15 0.4453125 0.36015625 0.11953125 0.11328125
16 0.71328125 0.11171875 0.1421875 0.0609375
16 0.4078125 0.64140625 0.12734375 0.09296875
17 0.89453125 0.22734375 0.06484375 0.1515625
17 0.60234375 0.4296875 0.09296875 0.1171875
18 0.6828125 0.05234375 0.07421875 0.096875
18 0.70078125 0.35859375 0.10078125 0.0703125
19 0.375 0.46953125 0.09765625 0.071875
19 0.15625 0.68359375 0.09453125 0.10234375
20 0.4203125 0.57578125 0.0828125 0.0640625
20 0.47734375 0.69375 0.06796875 0.096875
21 0.56015625 0.34296875 0.07421875 0.10625
21 0.6296875 0.45859375 0.07421875 0.09453125
22 0.79765625 0.634375 0.0890625 0.196875
23 0.46328125 0.1515625 0.0859375 0.05703125