0 0.265625 0.79609375 0.11015625 0.17421875
0 0.18671875 0.57578125 0.15546875 0.06953125
1 0.09921875 0.509375 0.1390625 0.14140625
1 0.071875 0.70546875 0.05390625 0.2046875
2 0.49765625 0.56796875 0.04375 0.16640625
2 0.1234375 0.67578125 0.078125 0.13359375
3 0.11953125 0.2453125 0.1109375 0.125
3 0.42578125 0.203125 0.1171875 0.0828125
4 0.57109375 0.290625 0.0734375 0.14140625
4 0.60234375 0.40625 0.1109375 0.0984375
8 0.41015625 0.68203125 0.07734375 0.125
8 0.309375 0.5953125 0.04921875 0.13828125
9 0.4296875 0.4609375 0.07421875 0.08125
9 0.4984375 0.68046875 0.090625 0.103125
10 0.26015625 0.92265625 0.084375 0.115625
10 0.38203125 0.41171875 0.0890625 0.06015625
11 0.62890625 0.29375 0.1015625 0.06796875
11 0.24609375 0.22734375 0.10234375 0.04921875
5 0.5578125 0.821875 0.1015625 0.05234375
5 0.4734375 0.9234375 0.05859375 0.1046875
6 0.18828125 0.590625 0.0515625 0.1203125
6 0.26640625 0.55703125 0.06328125 0.0984375
7 0.42734375 0.625 0.0671875 0.103125
7 0.14921875 0.3453125 0.05390625 0.11875
12 0.4171875 0.165625 0.0453125 0.096875
12 0.315625 0.30859375 0.03828125 0.103125
13 0.28125 0.315625 0.05859375 0.0890625
13 0.315625 0.40234375 0.04921875 0.103125
14 0.4453125 0.30078125 0.040625 0.09375
14 0.38046875 0.371875 0.0390625 0.0875
15 0.33125 0.7484375 0.06328125 0.05703125
15 0.44921875 0.53671875 0.06484375 0.05546875
16 0.4453125 0.8171875 0.07578125 0.04609375
16 0.39375 0.79765625 0.065625 0.07265625
17 0.228125 0.3703125 0.06484375 0.05390625
17 0.340625 0.68984375 0.0453125 0.07265625
18 0.178125 0.45078125 0.03828125 0.0765625
18 0.27265625 0.7078125 0.05859375 0.05546875
19 0.71796875 0.47109375 0.0390625 0.0796875
19 0.20390625 0.76171875 0.04921875 0.06484375
20 0.24296875 0.13125 0.05234375 0.05390625
20 0.1703125 0.528125 0.0453125 0.05078125
21 0.53359375 0.51484375 0.040625 0.06015625
21 0.540625 0.15390625 0.05625 0.04921875
22 0.56015625 0.54453125 0.065625 0.0765625
22 0.1796875 0.83984375 0.090625 0.07421875