0 0.21953125 0.47734375 0.13046875 0.090625
0 0.92421875 0.096875 0.11484375 0.153125
1 0.30546875 0.6515625 0.08203125 0.19609375
1 0.35625 0.584375 0.078125 0.16484375
2 0.15234375 0.75234375 0.09453125 0.10859375
2 0.93515625 0.21953125 0.07890625 0.109375
3 0.25 0.403125 0.08828125 0.10859375
3 0.1078125 0.85625 0.109375 0.07421875
4 0.828125 0.4625 0.10390625 0.09453125
4 0.26484375 0.63984375 0.0421875 0.16796875
8 0.11171875 0.4625 0.0875 0.1
8 0.50234375 0.4984375 0.0609375 0.15859375
9 0.43828125 0.6015625 0.034375 0.15546875
9 0.39296875 0.865625 0.078125 0.1015625
10 0.0375 0.703125 0.02890625 0.15
10 0.03671875 0.86953125 0.05078125 0.13671875
11 0.36640625 0.78359375 0.07265625 0.04609375
11 0.33984375 0.59765625 0.0734375 0.07734375
5 0.20546875 0.92890625 0.065625 0.10703125
5 0.24375 0.8875 0.075 0.059375
6 0.81875 0.66015625 0.06640625 0.06484375
6 0.184375 0.52265625 0.04375 0.1
7 0.08515625 0.5734375 0.02421875 0.13125
7 0.2671875 0.72578125 0.0578125 0.11484375
12 0.2171875 0.5796875 0.0609375 0.05
12 0.3078125 0.8453125 0.05703125 0.0796875
13 0.2859375 0.934375 0.059375 0.08828125
13 0.06640625 0.6609375 0.03046875 0.10703125
14 0.27265625 0.43125 0.05859375 0.0390625
14 0.55078125 0.71015625 0.04140625 0.11640625
15 0.14296875 0.70703125 0.0359375 0.0984375
15 0.540625 0.265625 0.04140625 0.08828125
16 0.21796875 0.64453125 0.0375 0.090625
16 0.37890625 0.7171875 0.0375 0.1
17 0.2109375 0.75703125 0.03515625 0.08828125
17 0.2078125 0.534375 0.03828125 0.0625
18 0.28984375 0.6546875 0.0359375 0.0625
18 0.3125 0.4328125 0.03671875 0.0734375
19 0.41171875 0.5578125 0.04453125 0.04296875
19 0.26953125 0.8140625 0.040625 0.053125
20 0.31875 0.7625 0.0328125 0.04453125
20 0.80390625 0.621875 0.03203125 0.04453125
21 0.30703125 0.7140625 0.02265625 0.06875
21 0.34453125 0.83046875 0.03203125 0.0609375
22 0.63984375 0.21484375 0.078125 0.09765625