0 0.4546875 0.44453125 0.06640625 0.20625
0 0.1703125 0.7953125 0.0765625 0.22109375
1 0.2078125 0.23984375 0.1140625 0.1921875
1 0.58359375 0.25625 0.121875 0.13984375
2 0.40234375 0.66953125 0.1328125 0.14921875
2 0.8296875 0.39140625 0.1140625 0.16171875
3 0.74921875 0.80625 0.1578125 0.1234375
3 0.36796875 0.94375 0.1984375 0.065625
4 0.45078125 0.1890625 0.178125 0.06953125
4 0.71484375 0.56796875 0.08359375 0.153125
8 0.26328125 0.31015625 0.08359375 0.1484375
8 0.41484375 0.84609375 0.08828125 0.1515625
9 0.071875 0.4890625 0.0625 0.14453125
9 0.48671875 0.728125 0.1546875 0.0609375
10 0.628125 0.85234375 0.14765625 0.08828125
10 0.62734375 0.39375 0.1546875 0.06484375
11 0.353125 0.8171875 0.08671875 0.109375
11 0.35546875 0.67421875 0.0828125 0.109375
5 0.49375 0.55625 0.10390625 0.08046875
5 0.15390625 0.3796875 0.0765625 0.11640625
6 0.903125 0.6140625 0.08125 0.090625
6 0.4515625 0.48671875 0.153125 0.0421875
7 0.52265625 0.41484375 0.15625 0.0421875
7 0.14609375 0.50859375 0.04921875 0.12578125
12 0.8015625 0.68046875 0.1125 0.071875
12 0.81015625 0.56953125 0.075 0.0953125
13 0.5828125 0.91015625 0.10859375 0.078125
13 0.56640625 0.61328125 0.08515625 0.08984375
14 0.77578125 0.403125 0.121875 0.0578125
14 0.34765625 0.48046875 0.05390625 0.08984375
15 0.0734375 0.72109375 0.1125 0.06953125
15 0.80390625 0.2765625 0.04765625 0.09296875
16 0.2140625 0.5890625 0.04609375 0.0875
16 0.52421875 0.39921875 0.04453125 0.08984375
17 0.928125 0.496875 0.05625 0.08046875
17 0.42734375 0.046875 0.059375 0.06953125
18 0.234375 0.79296875 0.078125 0.0578125
18 0.38671875 0.23828125 0.08984375 0.05078125
19 0.4359375 0.8390625 0.0578125 0.05078125
19 0.14609375 0.6328125 0.08984375 0.04375
20 0.08515625 0.659375 0.0546875 0.0609375
20 0.26015625 0.21015625 0.08125 0.04140625
21 0.60234375 0.7796875 0.07265625 0.046875
21 0.75859375 0.29609375 0.04609375 0.06484375
22 0.2765625 0.60078125 0.06640625 0.13203125
23 0.365625 0.534375 0.0796875 0.04609375