0 0.6078125 0.584375 0.11875 0.1734375
0 0.38046875 0.30546875 0.11484375 0.19453125
1 0.3828125 0.6953125 0.14140625 0.14765625
1 0.13203125 0.4625 0.08515625 0.25703125
2 0.496875 0.08984375 0.121875 0.16328125
2 0.53046875 0.7078125 0.11171875 0.2109375
3 0.11875 0.4671875 0.18125 0.11640625
3 0.19921875 0.73828125 0.08671875 0.1671875
4 0.50390625 0.36875 0.1078125 0.1390625
4 0.86953125 0.625 0.09375 0.2125
8 0.59765625 0.09296875 0.16171875 0.13125
8 0.3140625 0.7578125 0.14453125 0.16328125
9 0.821875 0.571875 0.1078125 0.19140625
9 0.71015625 0.75234375 0.05546875 0.19140625
10 0.23671875 0.9015625 0.1390625 0.14765625
10 0.59375 0.91328125 0.0796875 0.14375
11 0.3578125 0.4375 0.13203125 0.08984375
11 0.1859375 0.73125 0.1390625 0.0625
5 0.321875 0.25546875 0.05703125 0.15078125
5 0.40625 0.86484375 0.05703125 0.11640625
6 0.45390625 0.921875 0.08671875 0.109375
6 0.27421875 0.378125 0.1234375 0.06875
7 0.73671875 0.87421875 0.1359375 0.1046875
7 0.84453125 0.42578125 0.04921875 0.1703125
12 0.303125 0.89296875 0.06484375 0.103125
12 0.52734375 0.72734375 0.08671875 0.1359375
13 0.44453125 0.7421875 0.0734375 0.08359375
13 0.8953125 0.465625 0.06484375 0.096875
14 0.69296875 0.39140625 0.07109375 0.11484375
14 0.534375 0.559375 0.09765625 0.1046875
15 0.4296875 0.5296875 0.10078125 0.05078125
15 0.4203125 0.81171875 0.071875 0.08203125
16 0.30234375 0.6203125 0.08671875 0.071875
16 0.9046875 0.0625 0.0921875 0.071875
17 0.6921875 0.30703125 0.0609375 0.1
17 0.5140625 0.759375 0.0796875 0.05234375
18 0.27109375 0.4921875 0.04921875 0.08046875
18 0.53046875 0.41875 0.04921875 0.0625
19 0.8828125 0.38203125 0.071875 0.0671875
19 0.31796875 0.09140625 0.08359375 0.06875
20 0.55625 0.8984375 0.0609375 0.05859375
20 0.74609375 0.084375 0.0609375 0.05703125
21 0.61015625 0.571875 0.0578125 0.0671875
21 0.784375 0.7921875 0.0796875 0.0421875
22 0.35859375 0.85234375 0.07109375 0.19296875
23 0.6578125 0.871875 0.04375 0.0609375