0 0.77734375 0.80546875 0.11171875 0.15390625
0 0.8 0.715625 0.1765625 0.1015625
1 0.26328125 0.428125 0.071875 0.21015625
1 0.3125 0.74921875 0.1078125 0.1265625
2 0.61640625 0.64296875 0.1328125 0.11953125
2 0.1078125 0.2390625 0.1640625 0.0984375
3 0.2796875 0.690625 0.125 0.1265625
3 0.8890625 0.73828125 0.07421875 0.1890625
4 0.52890625 0.384375 0.08203125 0.15234375
4 0.3578125 0.83984375 0.1296875 0.09375
8 0.17578125 0.40234375 0.08046875 0.16796875
8 0.75859375 0.4953125 0.07421875 0.15703125
9 0.62890625 0.30859375 0.071875 0.14375
9 0.87734375 0.346875 0.07421875 0.16171875
10 0.55625 0.46328125 0.07578125 0.11015625
10 0.5859375 0.08359375 0.084375 0.0921875
11 0.48359375 0.4671875 0.1015625 0.06484375
11 0.1328125 0.2953125 0.08828125 0.125
5 0.621875 0.49453125 0.05625 0.128125
5 0.35 0.1796875 0.0703125 0.10546875
6 0.31953125 0.7515625 0.05234375 0.14375
6 0.659375 0.23203125 0.0546875 0.11328125
7 0.44140625 0.6203125 0.1 0.11015625
7 0.6046875 0.80546875 0.04140625 0.1421875
12 0.47890625 0.3828125 0.09921875 0.053125
12 0.88046875 0.54921875 0.0390625 0.128125
13 0.3984375 0.9265625 0.07421875 0.0953125
13 0.61328125 0.634375 0.071875 0.06640625
14 0.4546875 0.83203125 0.08203125 0.06953125
14 0.78984375 0.47578125 0.0796875 0.0875
15 0.50703125 0.27421875 0.05703125 0.0859375
15 0.55390625 0.60625 0.06484375 0.07734375
16 0.20703125 0.53515625 0.08046875 0.07421875
16 0.69453125 0.63671875 0.046875 0.0828125
17 0.3109375 0.3125 0.05703125 0.084375
17 0.50625 0.8796875 0.0796875 0.05625
18 0.74765625 0.2484375 0.046875 0.0796875
18 0.85078125 0.778125 0.06875 0.0453125
19 0.4171875 0.0875 0.05234375 0.08125
19 0.58203125 0.728125 0.04296875 0.06953125
20 0.3296875 0.46015625 0.04296875 0.0796875
20 0.4203125 0.2453125 0.05234375 0.053125
21 0.38125 0.25078125 0.04921875 0.05703125
21 0.78515625 0.8953125 0.0453125 0.07109375
22 0.48671875 0.41875 0.11796875 0.06953125
23 0.93125 0.490625 0.06796875 0.06953125