0 0.69140625 0.6546875 0.1625 0.08671875
0 0.49140625 0.1625 0.16484375 0.1484375
1 0.5296875 0.2 0.06015625 0.19453125
1 0.48203125 0.934375 0.18515625 0.090625
2 0.2671875 0.36015625 0.08515625 0.13046875
2 0.5859375 0.0984375 0.09140625 0.16796875
3 0.8046875 0.2703125 0.13671875 0.10546875
3 0.56796875 0.39921875 0.13515625 0.07265625
4 0.1703125 0.41796875 0.1125 0.12265625
4 0.6828125 0.58671875 0.115625 0.0671875
8 0.090625 0.603125 0.121875 0.115625
8 0.371875 0.771875 0.13671875 0.0796875
9 0.7671875 0.67578125 0.09453125 0.06953125
9 0.4671875 0.71328125 0.0515625 0.13359375
10 0.58203125 0.4734375 0.07578125 0.0828125
10 0.2796875 0.159375 0.11484375 0.06484375
11 0.31328125 0.0625 0.06953125 0.11640625
11 0.296875 0.23515625 0.11875 0.0640625
5 0.28046875 0.53125 0.090625 0.07109375
5 0.2765625 0.56953125 0.10390625 0.04609375
6 0.4671875 0.290625 0.05234375 0.12109375
6 0.55546875 0.3484375 0.10078125 0.0546875
7 0.6765625 0.284375 0.07734375 0.084375
7 0.78515625 0.35546875 0.1 0.075
12 0.91953125 0.8625 0.09140625 0.07265625
12 0.57578125 0.43671875 0.06796875 0.08046875
13 0.3296875 0.41171875 0.0734375 0.0796875
13 0.49375 0.14140625 0.05859375 0.05859375
14 0.25859375 0.41171875 0.05859375 0.0875
14 0.45625 0.2875 0.0890625 0.0625
15 0.72265625 0.16015625 0.07734375 0.0484375
15 0.13828125 0.21484375 0.05078125 0.09765625
16 0.58125 0.75859375 0.0671875 0.08046875
16 0.56640625 0.3078125 0.05390625 0.07265625
17 0.6421875 0.11953125 0.06171875 0.07265625
17 0.6234375 0.9078125 0.0578125 0.071875
18 0.11484375 0.55078125 0.0671875 0.0484375
18 0.403125 0.5484375 0.040625 0.07265625
19 0.615625 0.67421875 0.05859375 0.04921875
19 0.3421875 0.50390625 0.0546875 0.04296875
20 0.53203125 0.83828125 0.0640625 0.040625
20 0.61328125 0.3625 0.06015625 0.0609375
21 0.4796875 0.58125 0.05234375 0.05625
21 0.67578125 0.14453125 0.0375 0.06875
22 0.76953125 0.1375 0.0890625 0.0796875
23 0.84296875 0.59921875 0.0640625 0.046875