0 0.8078125 0.74921875 0.13828125 0.31171875
0 0.5484375 0.86484375 0.20546875 0.18984375
1 0.48828125 0.1765625 0.115625 0.1609375
1 0.56953125 0.425 0.10859375 0.225
2 0.7734375 0.39921875 0.1625 0.159375
2 0.38125 0.72265625 0.1890625 0.13828125
3 0.66328125 0.82265625 0.109375 0.1984375
3 0.17109375 0.66484375 0.0828125 0.1953125
4 0.8015625 0.840625 0.1734375 0.08359375
4 0.76796875 0.41015625 0.0640625 0.2109375
8 0.7578125 0.8171875 0.178125 0.10625
8 0.37421875 0.45390625 0.11796875 0.12578125
9 0.4171875 0.709375 0.12421875 0.15078125
9 0.71328125 0.51328125 0.0953125 0.12734375
10 0.34765625 0.90546875 0.09375 0.16640625
10 0.39140625 0.471875 0.06484375 0.16796875
11 0.31640625 0.64296875 0.115625 0.1328125
11 0.2953125 0.45703125 0.1265625 0.103125
5 0.66328125 0.5421875 0.08203125 0.13984375
5 0.853125 0.2296875 0.0484375 0.19375
6 0.628125 0.6609375 0.1375 0.06875
6 0.3734375 0.09921875 0.1140625 0.06953125
7 0.434375 0.54609375 0.1296875 0.08359375
7 0.55625 0.471875 0.08046875 0.15078125
12 0.1203125 0.79296875 0.084375 0.11484375
12 0.4515625 0.4765625 0.05625 0.09765625
13 0.528125 0.6 0.12265625 0.0515625
13 0.5484375 0.86875 0.06953125 0.11171875
14 0.3125 0.34140625 0.1046875 0.11015625
14 0.64296875 0.81875 0.1203125 0.0515625
15 0.459375 0.40234375 0.07578125 0.08359375
15 0.603125 0.54921875 0.0953125 0.07421875
16 0.684375 0.075 0.07421875 0.12421875
16 0.265625 0.6609375 0.0984375 0.078125
17 0.64609375 0.42421875 0.05546875 0.0890625
17 0.5625 0.23671875 0.0515625 0.11015625
18 0.81640625 0.30234375 0.05625 0.1046875
18 0.7734375 0.1734375 0.06953125 0.08359375
19 0.390625 0.19921875 0.0828125 0.05703125
19 0.6875 0.72734375 0.0796875 0.05703125
20 0.2578125 0.3796875 0.05625 0.06953125
20 0.80078125 0.5828125 0.06171875 0.06875
21 0.89453125 0.3828125 0.05859375 0.08359375
21 0.05 0.49609375 0.0734375 0.07578125
22 0.10859375 0.68515625 0.084375 0.1046875
23 0.21015625 0.37109375 0.0515625 0.09375