0 0.2625 0.4515625 0.278125 0.11796875
0 0.41796875 0.3828125 0.21328125 0.0875
1 0.253125 0.84296875 0.1453125 0.25
1 0.46953125 0.87109375 0.1734375 0.0890625
2 0.65625 0.33359375 0.19453125 0.1
2 0.2578125 0.34140625 0.08515625 0.19765625
3 0.88515625 0.4171875 0.21015625 0.0953125
3 0.60234375 0.45546875 0.18515625 0.13203125
4 0.6875 0.7609375 0.1484375 0.0828125
4 0.75859375 0.5875 0.09765625 0.165625
8 0.1140625 0.58046875 0.1609375 0.1671875
8 0.196875 0.35390625 0.178125 0.096875
9 0.52890625 0.33203125 0.1328125 0.10859375
9 0.27421875 0.20625 0.175 0.05703125
10 0.66171875 0.61171875 0.1140625 0.11328125
10 0.653125 0.47109375 0.13125 0.05859375
11 0.634375 0.2203125 0.140625 0.090625
11 0.5796875 0.08515625 0.1515625 0.075
5 0.82890625 0.33046875 0.13125 0.12734375
5 0.8296875 0.31484375 0.1203125 0.12734375
6 0.26328125 0.1296875 0.06171875 0.1546875
6 0.39921875 0.25234375 0.08671875 0.14609375
7 0.3515625 0.62734375 0.140625 0.05546875
7 0.37421875 0.25625 0.1421875 0.0734375
12 0.8015625 0.621875 0.1125 0.084375
12 0.3484375 0.778125 0.10234375 0.09375
13 0.57265625 0.4859375 0.05859375 0.11953125
13 0.68828125 0.52578125 0.1125 0.0828125
14 0.6265625 0.3625 0.08671875 0.09375
14 0.5421875 0.3703125 0.06015625 0.10546875
15 0.5375 0.68828125 0.07265625 0.1015625
15 0.4140625 0.7171875 0.06953125 0.08125
16 0.14296875 0.31640625 0.06171875 0.10859375
16 0.39453125 0.0953125 0.1125 0.06171875
17 0.65703125 0.68828125 0.09140625 0.0640625
17 0.33671875 0.72421875 0.06328125 0.0890625
18 0.09375 0.7609375 0.06796875 0.0890625
18 0.37890625 0.81875 0.06328125 0.0765625
19 0.171875 0.7296875 0.05703125 0.0828125
19 0.31171875 0.55625 0.07734375 0.06875
20 0.60625 0.71953125 0.05703125 0.0671875
20 0.62890625 0.60078125 0.05703125 0.065625
21 0.19140625 0.9421875 0.07265625 0.071875
21 0.15859375 0.840625 0.05234375 0.0765625
22 0.50859375 0.10625 0.1359375 0.12109375
23 0.66171875 0.36796875 0.08203125 0.04609375