0 0.6484375 0.62578125 0.2140625 0.0921875
0 0.65 0.73828125 0.16640625 0.1890625
1 0.43203125 0.11875 0.1515625 0.140625
1 0.640625 0.69453125 0.13671875 0.1875
2 0.33515625 0.52734375 0.2015625 0.090625
2 0.50078125 0.09921875 0.16484375 0.09375
3 0.3515625 0.83984375 0.17890625 0.11796875
3 0.31640625 0.9078125 0.17890625 0.128125
4 0.62734375 0.3296875 0.06640625 0.19296875
4 0.309375 0.396875 0.1796875 0.06640625
8 0.7890625 0.3328125 0.10859375 0.1125
8 0.41875 0.1984375 0.153125 0.109375
9 0.37109375 0.67578125 0.14453125 0.13671875
9 0.17109375 0.19375 0.08515625 0.14375
10 0.5375 0.27265625 0.1109375 0.09921875
10 0.17890625 0.73984375 0.14375 0.090625
11 0.24375 0.11953125 0.08671875 0.1390625
11 0.5015625 0.69765625 0.109375 0.13046875
5 0.4765625 0.8953125 0.09453125 0.11796875
5 0.25390625 0.83671875 0.15 0.07421875
6 0.62265625 0.09453125 0.14609375 0.075
6 0.7609375 0.2484375 0.1125 0.07421875
7 0.27109375 0.2546875 0.13125 0.0921875
7 0.16953125 0.57734375 0.1109375 0.12890625
12 0.70546875 0.58125 0.090625 0.08203125
12 0.5421875 0.23359375 0.06875 0.1125
13 0.46328125 0.56328125 0.09375 0.12109375
13 0.24765625 0.69140625 0.11640625 0.065625
14 0.1828125 0.4078125 0.078125 0.10546875
14 0.13984375 0.52890625 0.10390625 0.06953125
15 0.24453125 0.23125 0.09609375 0.07109375
15 0.3546875 0.659375 0.0703125 0.1078125
16 0.26953125 0.34609375 0.103125 0.05546875
16 0.4875 0.53828125 0.09453125 0.0765625
17 0.4046875 0.31796875 0.06484375 0.09375
17 0.1375 0.175 0.06328125 0.08828125
18 0.3734375 0.58359375 0.078125 0.059375
18 0.62734375 0.440625 0.08828125 0.0625
19 0.0984375 0.79140625 0.06484375 0.09375
19 0.5109375 0.76484375 0.06640625 0.08125
20 0.07890625 0.55859375 0.06640625 0.0640625
20 0.0828125 0.18203125 0.05703125 0.07421875
21 0.725 0.6953125 0.06640625 0.0609375
21 0.0765625 0.49921875 0.07421875 0.0609375
22 0.9265625 0.32265625 0.1234375 0.08828125
22 0.48359375 0.27265625 0.07421875 0.13671875