0 0.55234375 0.59453125 0.13984375 0.16953125
0 0.871875 0.521875 0.13828125 0.15703125
1 0.06875 0.603125 0.06875 0.20625
1 0.88515625 0.56328125 0.096875 0.19609375
2 0.16875 0.0609375 0.1703125 0.08125
2 0.471875 0.8875 0.11796875 0.09453125
3 0.5015625 0.771875 0.09140625 0.13671875
3 0.4359375 0.60390625 0.13359375 0.09609375
4 0.90703125 0.7796875 0.15625 0.0640625
4 0.740625 0.68671875 0.128125 0.08671875
8 0.221875 0.53828125 0.1234375 0.109375
8 0.77890625 0.47109375 0.13671875 0.1015625
9 0.1375 0.65234375 0.128125 0.09375
9 0.65390625 0.86484375 0.13671875 0.06875
10 0.734375 0.41171875 0.0546875 0.12734375
10 0.465625 0.52265625 0.078125 0.1
11 0.2046875 0.82265625 0.0765625 0.1109375
11 0.4125 0.72734375 0.1046875 0.0734375
5 0.33046875 0.7671875 0.11328125 0.059375
5 0.13125 0.478125 0.13515625 0.0484375
6 0.63359375 0.590625 0.0765625 0.084375
6 0.334375 0.65 0.08984375 0.07421875
7 0.69296875 0.47265625 0.053125 0.1109375
7 0.77109375 0.7890625 0.0546875 0.11796875
12 0.484375 0.16796875 0.075 0.0890625
12 0.69921875 0.19296875 0.11015625 0.0640625
13 0.4265625 0.64453125 0.09375 0.0640625
13 0.55703125 0.3359375 0.0734375 0.0890625
14 0.21875 0.734375 0.10859375 0.05390625
14 0.640625 0.34765625 0.1015625 0.053125
15 0.6328125 0.509375 0.06640625 0.07578125
15 0.13828125 0.7171875 0.0703125 0.0609375
16 0.534375 0.93515625 0.071875 0.08671875
16 0.58671875 0.79140625 0.05 0.0890625
17 0.47421875 0.33125 0.06640625 0.07421875
17 0.5515625 0.15078125 0.09140625 0.05390625
18 0.79609375 0.4078125 0.06015625 0.0734375
18 0.59375 0.79296875 0.078125 0.040625
19 0.59375 0.46953125 0.06875 0.05
19 0.6515625 0.9125 0.0796875 0.0640625
20 0.52890625 0.09453125 0.075 0.05390625
20 0.8265625 0.25390625 0.05859375 0.07421875
21 0.52734375 0.82734375 0.0515625 0.05859375
21 0.68828125 0.61015625 0.053125 0.05546875
22 0.73515625 0.9421875 0.1 0.09609375
22 0.5640625 0.665625 0.0984375 0.103125