0 0.92265625 0.63203125 0.109375 0.1234375
0 0.67578125 0.2375 0.06796875 0.1828125
1 0.46328125 0.34609375 0.1125 0.13671875
1 0.60703125 0.25 0.0703125 0.1828125
2 0.8171875 0.30546875 0.08359375 0.13046875
2 0.8015625 0.7015625 0.08671875 0.08359375
3 0.8921875 0.290625 0.0921875 0.07578125
3 0.8078125 0.09375 0.08828125 0.084375
4 0.8625 0.54453125 0.04765625 0.134375
4 0.909375 0.46875 0.0859375 0.06875
8 0.628125 0.54140625 0.0890625 0.084375
8 0.66171875 0.4328125 0.078125 0.08359375
9 0.8921875 0.5546875 0.06328125 0.1109375
9 0.7953125 0.528125 0.04609375 0.14453125
10 0.34921875 0.7609375 0.05859375 0.10703125
10 0.653125 0.21640625 0.0328125 0.1046875
11 0.71953125 0.16328125 0.065625 0.096875
11 0.65703125 0.740625 0.07578125 0.06953125
5 0.3734375 0.80234375 0.06328125 0.07109375
5 0.803125 0.42890625 0.0359375 0.1234375
6 0.59140625 0.24375 0.03515625 0.10078125
6 0.62109375 0.203125 0.0640625 0.075
7 0.69296875 0.30546875 0.03984375 0.0921875
7 0.75703125 0.03984375 0.06171875 0.0625
12 0.86796875 0.39453125 0.0546875 0.0921875
12 0.8734375 0.7453125 0.0625 0.0609375
13 0.8421875 0.23046875 0.05390625 0.05703125
13 0.53046875 0.3140625 0.05078125 0.07734375
14 0.62421875 0.35234375 0.06171875 0.10703125
14 0.7953125 0.2140625 0.0546875 0.0625
15 0.73359375 0.40625 0.0515625 0.06015625
15 0.7203125 0.36015625 0.04375 0.05
16 0.8796875 0.1 0.05390625 0.05234375
16 0.171875 0.85234375 0.04453125 0.078125
17 0.94296875 0.0625 0.04453125 0.07734375
17 0.6453125 0.0875 0.04921875 0.05
18 0.63828125 0.48125 0.04375 0.05078125
18 0.63515625 0.67109375 0.034375 0.06953125
19 0.75390625 0.38125 0.03828125 0.04765625
19 0.66953125 0.1296875 0.03359375 0.06953125
20 0.85 0.16640625 0.03203125 0.0609375
20 0.0328125 0.94921875 0.03203125 0.06875
21 0.82109375 0.42734375 0.03203125 0.0546875
21 0.82734375 0.25859375 0.0328125 0.05390625
22 0.734375 0.30625 0.0671875 0.0625
22 0.56015625 0.259375 0.03359375 0.11796875