0 0.4125 0.2921875 0.13359375 0.284375
0 0.7296875 0.67421875 0.06484375 0.30234375
1 0.378125 0.10078125 0.17109375 0.1703125
1 0.3234375 0.5 0.2296875 0.17734375
2 0.5421875 0.721875 0.2359375 0.0796875
2 0.3359375 0.61796875 0.20078125 0.15
3 0.6453125 0.17578125 0.190625 0.175
3 0.275 0.515625 0.1453125 0.1953125
4 0.45546875 0.16953125 0.1609375 0.175
4 0.315625 0.715625 0.17109375 0.1546875
8 0.55 0.88984375 0.10234375 0.125
8 0.225 0.3671875 0.20234375 0.075
9 0.11953125 0.32265625 0.1140625 0.21328125
9 0.76328125 0.55703125 0.14765625 0.1453125
10 0.4390625 0.26953125 0.1359375 0.165625
10 0.134375 0.73203125 0.16328125 0.140625
11 0.76953125 0.3828125 0.13125 0.15234375
11 0.38203125 0.5171875 0.1078125 0.1703125
5 0.7296875 0.73828125 0.1359375 0.18203125
5 0.71328125 0.7375 0.0984375 0.175
6 0.8140625 0.66015625 0.1234375 0.14296875
6 0.55859375 0.315625 0.159375 0.08671875
7 0.24765625 0.26171875 0.1453125 0.0953125
7 0.26953125 0.140625 0.11796875 0.17265625
12 0.88984375 0.59453125 0.14140625 0.10703125
12 0.58671875 0.80546875 0.1 0.1203125
13 0.53515625 0.478125 0.1359375 0.0703125
13 0.3734375 0.5 0.10625 0.08203125
14 0.48359375 0.54921875 0.09453125 0.125
14 0.30859375 0.39921875 0.1140625 0.10234375
15 0.54921875 0.1671875 0.11953125 0.0703125
15 0.534375 0.2578125 0.090625 0.08828125
16 0.425 0.7828125 0.1078125 0.09296875
16 0.6828125 0.40546875 0.05703125 0.1296875
17 0.16328125 0.5828125 0.0625 0.1296875
17 0.6453125 0.9296875 0.10390625 0.07265625
18 0.63046875 0.42421875 0.08671875 0.0703125
18 0.34375 0.7125 0.0828125 0.084375
19 0.621875 0.7828125 0.08828125 0.065625
19 0.309375 0.33203125 0.06875 0.08671875
20 0.6234375 0.49921875 0.06875 0.084375
20 0.1765625 0.43515625 0.075 0.065625
21 0.60546875 0.2328125 0.08671875 0.0703125
21 0.740625 0.290625 0.08671875 0.0546875
22 0.7109375 0.5296875 0.1140625 0.17265625
22 0.5453125 0.37578125 0.17109375 0.0796875