0 0.71640625 0.18046875 0.1046875 0.11640625
0 0.4140625 0.51328125 0.10234375 0.13125
1 0.69921875 0.3796875 0.12734375 0.09609375
1 0.54453125 0.9546875 0.13984375 0.04609375
2 0.6453125 0.521875 0.08828125 0.10859375
2 0.6421875 0.209375 0.05625 0.11640625
3 0.3640625 0.0859375 0.04453125 0.12890625
3 0.69453125 0.15859375 0.0578125 0.07734375
4 0.57265625 0.253125 0.0609375 0.1140625
4 0.84375 0.37890625 0.05 0.1171875
8 0.690625 0.5859375 0.09609375 0.0546875
8 0.61015625 0.7421875 0.0625 0.09140625
9 0.52421875 0.4125 0.06953125 0.07734375
9 0.72421875 0.52578125 0.0671875 0.0640625
10 0.61640625 0.2796875 0.0453125 0.09765625
10 0.4625 0.63203125 0.03515625 0.09609375
11 0.5125 0.5078125 0.0796875 0.0515625
11 0.73046875 0.77890625 0.0375 0.0875
5 0.5734375 0.60390625 0.08203125 0.05234375
5 0.7515625 0.740625 0.05703125 0.0765625
6 0.18359375 0.33203125 0.0546875 0.09609375
6 0.89140625 0.6234375 0.0453125 0.1078125
7 0.9484375 0.39921875 0.075 0.05625
7 0.5140625 0.21796875 0.08515625 0.0484375
12 0.60078125 0.44296875 0.053125 0.07890625
12 0.33671875 0.23359375 0.06640625 0.0578125
13 0.725 0.13203125 0.04140625 0.0765625
13 0.77890625 0.27578125 0.04140625 0.0859375
14 0.5265625 0.371875 0.0546875 0.0609375
14 0.83359375 0.2140625 0.059375 0.0625
15 0.4265625 0.3625 0.05 0.04765625
15 0.88359375 0.52421875 0.05 0.06640625
16 0.62265625 0.49375 0.06015625 0.0375
16 0.80546875 0.39375 0.0640625 0.0375
17 0.73828125 0.46484375 0.05078125 0.0546875
17 0.49453125 0.5828125 0.0453125 0.05859375
18 0.5640625 0.375 0.02890625 0.06015625
18 0.31640625 0.53828125 0.0421875 0.05625
19 0.64765625 0.65078125 0.03125 0.05859375
19 0.490625 0.67734375 0.0421875 0.0375
20 0.88984375 0.3046875 0.0421875 0.0375
20 0.040625 0.47734375 0.0421875 0.0421875
21 0.7484375 0.5359375 0.0390625 0.0359375
21 0.48359375 0.4796875 0.040625 0.04375
22 0.80078125 0.6515625 0.05078125 0.0953125
23 0.40625 0.4421875 0.05 0.03984375