0 0.16171875 0.3453125 0.11171875 0.18359375
0 0.57578125 0.28046875 0.090625 0.1140625
1 0.1703125 0.528125 0.11171875 0.109375
1 0.06328125 0.47421875 0.10546875 0.1078125
2 0.20390625 0.31484375 0.08984375 0.121875
2 0.11015625 0.47421875 0.1125 0.11796875
3 0.1421875 0.684375 0.09140625 0.115625
3 0.6609375 0.75703125 0.07734375 0.07109375
4 0.62421875 0.9453125 0.12421875 0.05
4 0.1015625 0.45859375 0.1234375 0.0609375
8 0.59765625 0.13515625 0.11171875 0.0578125
8 0.34453125 0.37109375 0.053125 0.12890625
9 0.4484375 0.6453125 0.11015625 0.06015625
9 0.1125 0.109375 0.0828125 0.0984375
10 0.090625 0.14453125 0.065625 0.09375
10 0.6875 0.42734375 0.09609375 0.0484375
11 0.546875 0.4203125 0.06484375 0.1015625
11 0.7984375 0.56015625 0.09296875 0.05
5 0.95625 0.684375 0.05234375 0.0953125
5 0.88515625 0.84140625 0.05234375 0.09375
6 0.11328125 0.14140625 0.06484375 0.09140625
6 0.28203125 0.42109375 0.0734375 0.084375
7 0.5875 0.45078125 0.0953125 0.04453125
7 0.15859375 0.51328125 0.09140625 0.065625
12 0.37109375 0.08203125 0.08125 0.05078125
12 0.5421875 0.9328125 0.06875 0.08828125
13 0.48359375 0.89375 0.04296875 0.10234375
13 0.4546875 0.04296875 0.08125 0.03671875
14 0.31171875 0.275 0.0421875 0.0890625
14 0.51484375 0.1671875 0.06640625 0.065625
15 0.09296875 0.3140625 0.053125 0.07578125
15 0.9125 0.8484375 0.06796875 0.046875
16 0.246875 0.45078125 0.04765625 0.05859375
16 0.46953125 0.49453125 0.06640625 0.040625
17 0.28515625 0.3625 0.04296875 0.06484375
17 0.77578125 0.68828125 0.05 0.06875
18 0.71015625 0.1859375 0.034375 0.06171875
18 0.23203125 0.428125 0.0328125 0.06015625
19 0.40546875 0.49453125 0.0390625 0.05078125
19 0.9375 0.74140625 0.053125 0.034375
20 0.7265625 0.45703125 0.0296875 0.0609375
20 0.1734375 0.50390625 0.04375 0.03046875
21 0.4265625 0.153125 0.0421875 0.0515625
21 0.51171875 0.4328125 0.0265625 0.06171875
22 0.2640625 0.6546875 0.08828125 0.071875
23 0.82890625 0.425 0.05546875 0.03984375