0 0.70703125 0.4578125 0.1046875 0.290625
0 0.684375 0.3 0.090625 0.31875
1 0.62265625 0.73828125 0.15390625 0.0765625
1 0.52265625 0.25703125 0.1140625 0.1328125
2 0.753125 0.91328125 0.140625 0.1015625
2 0.37265625 0.65390625 0.13359375 0.0859375
3 0.24921875 0.390625 0.12734375 0.125
3 0.72578125 0.4140625 0.1015625 0.115625
4 0.834375 0.41015625 0.0953125 0.1796875
4 0.696875 0.26171875 0.05078125 0.2265625
8 0.39296875 0.34296875 0.0859375 0.1015625
8 0.3546875 0.58125 0.07265625 0.09375
9 0.79921875 0.584375 0.09453125 0.125
9 0.6125 0.55625 0.06015625 0.140625
10 0.5234375 0.528125 0.084375 0.103125
10 0.5859375 0.88515625 0.09375 0.1046875
11 0.4046875 0.11640625 0.0828125 0.0984375
11 0.3109375 0.47265625 0.0953125 0.0828125
5 0.9421875 0.321875 0.1 0.09375
5 0.85703125 0.4359375 0.03671875 0.1625
6 0.559375 0.3953125 0.09375 0.0875
6 0.54375 0.63828125 0.08515625 0.1296875
7 0.21015625 0.7078125 0.07734375 0.13125
7 0.659375 0.7421875 0.05078125 0.15
12 0.74375 0.840625 0.05703125 0.128125
12 0.653125 0.3921875 0.025 0.1375
13 0.90703125 0.4875 0.03984375 0.159375
13 0.8890625 0.634375 0.05 0.1375
14 0.759375 0.57265625 0.0609375 0.1109375
14 0.5734375 0.8578125 0.0421875 0.15
15 0.540625 0.59140625 0.04140625 0.1078125
15 0.46015625 0.41875 0.0421875 0.1
16 0.36875 0.6765625 0.0671875 0.065625
16 0.81484375 0.52265625 0.05625 0.0765625
17 0.146875 0.49375 0.04765625 0.1125
17 0.8953125 0.575 0.0609375 0.065625
18 0.83046875 0.68828125 0.040625 0.0765625
18 0.55546875 0.1109375 0.04921875 0.084375
19 0.49453125 0.0671875 0.0359375 0.096875
19 0.37578125 0.471875 0.05234375 0.08125
20 0.04453125 0.5515625 0.05 0.0625
20 0.6484375 0.53125 0.0328125 0.0875
21 0.95625 0.56171875 0.02734375 0.1015625
21 0.63046875 0.696875 0.04765625 0.046875
22 0.5265625 0.26328125 0.0734375 0.1484375
23 0.0734375 0.35859375 0.02890625 0.0703125