0 0.728125 0.490625 0.128125 0.078125
0 0.54453125 0.20859375 0.0890625 0.078125
1 0.46796875 0.134375 0.07578125 0.10078125
1 0.0671875 0.884375 0.07265625 0.1609375
2 0.8140625 0.596875 0.0828125 0.0984375
2 0.628125 0.5828125 0.034375 0.12265625
3 0.88046875 0.64453125 0.09453125 0.08515625
3 0.42734375 0.7765625 0.0609375 0.10625
4 0.5015625 0.1078125 0.0671875 0.11953125
4 0.7734375 0.5703125 0.04765625 0.0984375
8 0.41328125 0.13203125 0.08828125 0.08515625
8 0.51328125 0.709375 0.05859375 0.08125
9 0.72890625 0.609375 0.0453125 0.1
9 0.74765625 0.48203125 0.0953125 0.0421875
10 0.67109375 0.84765625 0.08671875 0.05
10 0.55234375 0.7625 0.08359375 0.05
11 0.53515625 0.67265625 0.06171875 0.0765625
11 0.41875 0.94296875 0.03359375 0.09375
5 0.06015625 0.76875 0.07265625 0.0765625
5 0.04375 0.87109375 0.06171875 0.0859375
6 0.6328125 0.4015625 0.071875 0.0578125
6 0.94375 0.396875 0.08515625 0.04453125
7 0.59296875 0.51328125 0.0546875 0.08125
7 0.484375 0.2515625 0.04453125 0.084375
12 0.15 0.24375 0.0359375 0.08125
12 0.81484375 0.571875 0.0546875 0.06953125
13 0.209375 0.84140625 0.0453125 0.078125
13 0.65625 0.3953125 0.06875 0.04375
14 0.7546875 0.35625 0.071875 0.0375
14 0.86640625 0.59921875 0.07421875 0.02890625
15 0.628125 0.0796875 0.0703125 0.034375
15 0.80078125 0.17109375 0.03671875 0.0734375
16 0.684375 0.10625 0.046875 0.06640625
16 0.81640625 0.2375 0.03671875 0.05390625
17 0.8015625 0.278125 0.0328125 0.059375
17 0.303125 0.03515625 0.03203125 0.0640625
18 0.67734375 0.346875 0.03984375 0.05
18 0.8 0.16484375 0.05859375 0.03046875
19 0.5390625 0.39375 0.03359375 0.05390625
19 0.928125 0.60625 0.04296875 0.05078125
20 0.3265625 0.1328125 0.03359375 0.0453125
20 0.19296875 0.93125 0.0328125 0.04765625
21 0.61640625 0.1109375 0.0453125 0.03671875
21 0.54296875 0.246875 0.0453125 0.03203125
22 0.3328125 0.875 0.06484375 0.08203125
22 0.490625 0.7859375 0.06328125 0.05703125