0 0.06171875 0.1671875 0.096875 0.2375
0 0.2875 0.19140625 0.15390625 0.16328125
1 0.75078125 0.771875 0.0859375 0.1375
1 0.115625 0.69765625 0.1390625 0.16171875
2 0.4140625 0.41015625 0.11171875 0.1390625
2 0.434375 0.40859375 0.14453125 0.075
3 0.91953125 0.87421875 0.0578125 0.19453125
3 0.0984375 0.5390625 0.06015625 0.15234375
4 0.6109375 0.22890625 0.09453125 0.15078125
4 0.4 0.47265625 0.06875 0.15625
8 0.2015625 0.50390625 0.06875 0.140625
8 0.19375 0.62734375 0.08046875 0.0921875
9 0.43125 0.109375 0.10859375 0.11328125
9 0.36171875 0.48203125 0.0546875 0.14375
10 0.4453125 0.52265625 0.10703125 0.065625
10 0.13828125 0.61640625 0.059375 0.1078125
11 0.17265625 0.046875 0.09375 0.09375
11 0.42421875 0.29609375 0.0578125 0.109375
5 0.928125 0.8625 0.1109375 0.05390625
5 0.290625 0.33828125 0.07734375 0.09375
6 0.73984375 0.440625 0.10703125 0.08203125
6 0.05625 0.26484375 0.0546875 0.12890625
7 0.52890625 0.28125 0.0734375 0.11953125
7 0.1546875 0.51796875 0.03984375 0.13203125
12 0.315625 0.50078125 0.07578125 0.08984375
12 0.4125 0.8875 0.040625 0.11640625
13 0.35703125 0.928125 0.0796875 0.08125
13 0.32265625 0.853125 0.09375 0.046875
14 0.1 0.1328125 0.07890625 0.08125
14 0.24609375 0.44609375 0.071875 0.0765625
15 0.29765625 0.41015625 0.04765625 0.08515625
15 0.84453125 0.62265625 0.07734375 0.08359375
16 0.46484375 0.35546875 0.07890625 0.0484375
16 0.253125 0.46171875 0.0453125 0.08828125
17 0.63984375 0.27890625 0.06015625 0.075
17 0.76328125 0.29765625 0.06875 0.05
18 0.2015625 0.31640625 0.06875 0.05390625
18 0.36953125 0.5890625 0.04765625 0.07265625
19 0.1609375 0.79609375 0.0625 0.05859375
19 0.31875 0.42890625 0.0390625 0.065625
20 0.3046875 0.9625 0.05625 0.05
20 0.26796875 0.2671875 0.0421875 0.0625
21 0.3359375 0.61171875 0.0546875 0.05859375
21 0.25078125 0.328125 0.03203125 0.06796875
22 0.55390625 0.8015625 0.1140625 0.0609375
22 0.2140625 0.46875 0.0484375 0.128125