0 0.7 0.6203125 0.13515625 0.2828125
0 0.503125 0.10703125 0.23984375 0.10234375
1 0.73984375 0.39375 0.2015625 0.13203125
1 0.7578125 0.56875 0.2890625 0.09140625
2 0.275 0.52421875 0.06328125 0.2515625
2 0.62421875 0.4 0.15625 0.18984375
3 0.5140625 0.15625 0.159375 0.20859375
3 0.740625 0.875 0.0734375 0.23828125
4 0.790625 0.78515625 0.2046875 0.0765625
4 0.58515625 0.24140625 0.20703125 0.06171875
8 0.73125 0.22265625 0.1140625 0.13984375
8 0.80546875 0.6015625 0.16484375 0.1265625
9 0.321875 0.2296875 0.18203125 0.07265625
9 0.4078125 0.1703125 0.10859375 0.09140625
10 0.92109375 0.4609375 0.1296875 0.165625
10 0.65703125 0.4046875 0.13671875 0.0953125
11 0.778125 0.6875 0.1421875 0.09296875
11 0.83359375 0.496875 0.10546875 0.09296875
5 0.15859375 0.17421875 0.13828125 0.11328125
5 0.12734375 0.3640625 0.1625 0.07265625
6 0.3640625 0.28828125 0.14375 0.0671875
6 0.121875 0.28203125 0.09296875 0.11328125
7 0.83515625 0.27109375 0.13671875 0.1359375
7 0.33046875 0.3609375 0.1421875 0.115625
12 0.58828125 0.63125 0.12265625 0.07421875
12 0.19296875 0.3828125 0.08046875 0.08359375
13 0.7640625 0.359375 0.11015625 0.11171875
13 0.5296875 0.36484375 0.071875 0.096875
14 0.54921875 0.68125 0.0859375 0.1265625
14 0.3859375 0.3265625 0.12421875 0.07265625
15 0.45625 0.44296875 0.06796875 0.11171875
15 0.46484375 0.15625 0.06796875 0.11953125
16 0.19609375 0.31171875 0.1015625 0.06875
16 0.57734375 0.3875 0.10703125 0.096875
17 0.7171875 0.51796875 0.071875 0.1078125
17 0.5234375 0.45078125 0.0875 0.07421875
18 0.65859375 0.765625 0.0734375 0.07109375
18 0.56796875 0.190625 0.07890625 0.0796875
19 0.5609375 0.7609375 0.07890625 0.0796875
19 0.2375 0.353125 0.05078125 0.09140625
20 0.2203125 0.24296875 0.06328125 0.06875
20 0.58046875 0.53828125 0.0609375 0.07421875
21 0.71015625 0.34375 0.04765625 0.0953125
21 0.3421875 0.16796875 0.05390625 0.0859375
22 0.56015625 0.7046875 0.1609375 0.0796875
23 0.2234375 0.16875 0.05390625 0.07265625