0 0.834375 0.3796875 0.1625 0.2125
0 0.5578125 0.67421875 0.2015625 0.19375
1 0.5546875 0.78125 0.1875 0.18125
1 0.90703125 0.17421875 0.14765625 0.196875
2 0.721875 0.56328125 0.165625 0.0828125
2 0.74296875 0.340625 0.0828125 0.13828125
3 0.625 0.18671875 0.18203125 0.13828125
3 0.39375 0.65859375 0.13828125 0.203125
4 0.61640625 0.9078125 0.075 0.15234375
4 0.38828125 0.60234375 0.1046875 0.1796875
8 0.4140625 0.16015625 0.09140625 0.22890625
8 0.06171875 0.73046875 0.1171875 0.15546875
9 0.60859375 0.52734375 0.134375 0.15546875
9 0.6828125 0.39765625 0.1328125 0.15703125
10 0.28359375 0.34453125 0.09921875 0.16796875
10 0.853125 0.43515625 0.08125 0.1109375
11 0.15625 0.37890625 0.13671875 0.109375
11 0.68125 0.84609375 0.07890625 0.0890625
5 0.80703125 0.10390625 0.1171875 0.13515625
5 0.76953125 0.67265625 0.0765625 0.1140625
6 0.47734375 0.65546875 0.09140625 0.14296875
6 0.6796875 0.73671875 0.090625 0.0953125
7 0.35390625 0.31328125 0.0671875 0.14140625
7 0.58984375 0.16484375 0.10703125 0.0984375
12 0.390625 0.76015625 0.0890625 0.0921875
12 0.88984375 0.46953125 0.11875 0.06328125
13 0.24609375 0.28359375 0.14375 0.05859375
13 0.3625 0.2015625 0.11015625 0.06640625
14 0.403125 0.5453125 0.06953125 0.103125
14 0.453125 0.6484375 0.0578125 0.08125
15 0.740625 0.5015625 0.0828125 0.07265625
15 0.715625 0.25390625 0.1109375 0.06015625
16 0.5578125 0.48671875 0.08359375 0.115625
16 0.625 0.24921875 0.090625 0.06953125
17 0.515625 0.21484375 0.05703125 0.1125
17 0.621875 0.6890625 0.08359375 0.05390625
18 0.63671875 0.79375 0.059375 0.06953125
18 0.6875 0.3046875 0.05703125 0.06328125
19 0.58046875 0.6734375 0.06328125 0.05546875
19 0.55859375 0.415625 0.0578125 0.06953125
20 0.58203125 0.06328125 0.0578125 0.0796875
20 0.53515625 0.88046875 0.059375 0.06796875
21 0.5234375 0.65546875 0.05390625 0.0796875
21 0.54140625 0.359375 0.07734375 0.05234375
22 0.8046875 0.31015625 0.0875 0.14765625
23 0.58984375 0.8015625 0.0578125 0.0828125