0 0.6796875 0.49140625 0.22890625 0.09609375
0 0.18046875 0.6125 0.3125 0.13671875
1 0.1046875 0.51484375 0.13984375 0.2359375
1 0.203125 0.7765625 0.246875 0.09453125
2 0.45546875 0.78515625 0.13828125 0.190625
2 0.871875 0.7484375 0.06015625 0.22890625
3 0.69453125 0.2875 0.084375 0.16875
3 0.51796875 0.17109375 0.21484375 0.0625
4 0.153125 0.17734375 0.13203125 0.16796875
4 0.26796875 0.3640625 0.1109375 0.18203125
8 0.403125 0.21015625 0.075 0.16875
8 0.071875 0.5859375 0.09296875 0.18046875
9 0.4078125 0.92734375 0.17109375 0.10234375
9 0.73671875 0.8390625 0.084375 0.1796875
10 0.49296875 0.446875 0.06015625 0.153125
10 0.1703125 0.6921875 0.05078125 0.1578125
11 0.3734375 0.75625 0.10390625 0.11640625
11 0.23203125 0.5203125 0.1125 0.128125
5 0.403125 0.3046875 0.10546875 0.134375
5 0.246875 0.33828125 0.159375 0.07890625
6 0.4421875 0.534375 0.16875 0.06875
6 0.5796875 0.3421875 0.14921875 0.07421875
7 0.63203125 0.734375 0.09765625 0.14296875
7 0.3640625 0.615625 0.084375 0.12421875
12 0.2703125 0.20625 0.0765625 0.1125
12 0.52734375 0.42421875 0.0796875 0.1046875
13 0.21484375 0.18671875 0.10859375 0.1046875
13 0.93828125 0.4875 0.084375 0.11484375
14 0.34140625 0.35859375 0.05390625 0.1140625
14 0.31875 0.61328125 0.1171875 0.0421875
15 0.55625 0.72109375 0.08125 0.0921875
15 0.646875 0.5875 0.1140625 0.07265625
16 0.29296875 0.79609375 0.08984375 0.09921875
16 0.48984375 0.58984375 0.1125 0.0484375
17 0.85 0.61484375 0.05078125 0.1046875
17 0.95 0.72421875 0.0859375 0.09609375
18 0.28984375 0.47890625 0.08984375 0.06015625
18 0.62109375 0.25234375 0.09921875 0.046875
19 0.10546875 0.396875 0.08125 0.07109375
19 0.0953125 0.71171875 0.09140625 0.0484375
20 0.51171875 0.6296875 0.0734375 0.05546875
20 0.7859375 0.54921875 0.0859375 0.05234375
21 0.66171875 0.40859375 0.08125 0.05703125
21 0.40625 0.0515625 0.06328125 0.0859375
22 0.50390625 0.2390625 0.1625 0.10234375
22 0.22421875 0.403125 0.13828125 0.11484375