0 0.71796875 0.628125 0.16484375 0.18515625
0 0.7515625 0.3546875 0.221875 0.16875
1 0.2296875 0.55234375 0.20703125 0.153125
1 0.6375 0.18671875 0.3109375 0.13125
2 0.40625 0.3203125 0.1765625 0.19375
2 0.78671875 0.359375 0.18515625 0.1546875
3 0.50859375 0.09296875 0.159375 0.1578125
3 0.13984375 0.79609375 0.225 0.09765625
4 0.825 0.73671875 0.1109375 0.2203125
4 0.5171875 0.40390625 0.07578125 0.21640625
8 0.64296875 0.840625 0.16328125 0.1703125
8 0.496875 0.875 0.153125 0.19375
9 0.2 0.42421875 0.09375 0.20625
9 0.3359375 0.46015625 0.1546875 0.16171875
10 0.40234375 0.83828125 0.07890625 0.17578125
10 0.28125 0.8046875 0.115625 0.10078125
11 0.87421875 0.334375 0.0875 0.16875
11 0.2640625 0.49453125 0.221875 0.09609375
5 0.38984375 0.15546875 0.16484375 0.10703125
5 0.18046875 0.7046875 0.09609375 0.14609375
6 0.82578125 0.665625 0.09921875 0.18515625
6 0.7375 0.83125 0.07734375 0.1671875
7 0.32890625 0.35625 0.1125 0.1546875
7 0.6265625 0.81875 0.1109375 0.1140625
12 0.3765625 0.396875 0.1515625 0.09921875
12 0.8234375 0.4984375 0.175 0.0765625
13 0.63046875 0.434375 0.0875 0.12421875
13 0.38984375 0.70859375 0.0640625 0.15078125
14 0.6640625 0.25078125 0.07421875 0.128125
14 0.32890625 0.7953125 0.10625 0.10859375
15 0.8640625 0.56640625 0.12734375 0.078125
15 0.24140625 0.725 0.10234375 0.0640625
16 0.53515625 0.85703125 0.10234375 0.07109375
16 0.90703125 0.69453125 0.0921875 0.1140625
17 0.81015625 0.50078125 0.12421875 0.08671875
17 0.54140625 0.76953125 0.10390625 0.08203125
18 0.37734375 0.2578125 0.07265625 0.103125
18 0.5078125 0.66953125 0.09375 0.06171875
19 0.51484375 0.60703125 0.09609375 0.06015625
19 0.52109375 0.4578125 0.1140625 0.053125
20 0.44296875 0.6984375 0.0859375 0.0625
20 0.434375 0.56484375 0.0625 0.08125
21 0.3046875 0.61015625 0.0859375 0.06015625
21 0.6109375 0.71796875 0.05546875 0.08359375
22 0.53203125 0.71171875 0.13984375 0.14609375
22 0.7171875 0.5171875 0.115625 0.16171875