0 0.803125 0.6796875 0.2734375 0.1515625
0 0.5859375 0.47578125 0.29140625 0.09296875
1 0.19140625 0.47109375 0.2234375 0.19453125
1 0.5703125 0.3375 0.16328125 0.23359375
2 0.38359375 0.22890625 0.203125 0.15859375
2 0.18203125 0.7828125 0.18984375 0.13203125
3 0.2875 0.165625 0.18828125 0.12109375
3 0.2328125 0.6265625 0.05859375 0.22265625
4 0.64921875 0.7421875 0.10859375 0.190625
4 0.4640625 0.5546875 0.18203125 0.11015625
8 0.540625 0.76484375 0.05859375 0.20703125
8 0.59765625 0.73515625 0.08515625 0.1875
9 0.51796875 0.1890625 0.15 0.15
9 0.1828125 0.3734375 0.10859375 0.13046875
10 0.63828125 0.2109375 0.1203125 0.13359375
10 0.08515625 0.64765625 0.06328125 0.1796875
11 0.5046875 0.371875 0.14296875 0.0765625
11 0.32734375 0.75546875 0.11171875 0.128125
5 0.75234375 0.30859375 0.14140625 0.11796875
5 0.2859375 0.3125 0.1015625 0.14453125
6 0.4203125 0.93125 0.15703125 0.09453125
6 0.56015625 0.3015625 0.103125 0.14609375
7 0.859375 0.3875 0.071875 0.17265625
7 0.5953125 0.92421875 0.15703125 0.08359375
12 0.43828125 0.67265625 0.10703125 0.1125
12 0.79609375 0.73828125 0.128125 0.075
13 0.49296875 0.62890625 0.11640625 0.08203125
13 0.4671875 0.8 0.06171875 0.12109375
14 0.79140625 0.375 0.11015625 0.10546875
14 0.50546875 0.778125 0.0546875 0.12265625
15 0.72890625 0.6125 0.06796875 0.11953125
15 0.24296875 0.675 0.11328125 0.065625
16 0.38671875 0.81015625 0.11640625 0.0625
16 0.2578125 0.75390625 0.071875 0.10703125
17 0.3453125 0.5734375 0.06640625 0.1015625
17 0.26015625 0.4265625 0.0703125 0.10546875
18 0.32109375 0.68984375 0.05859375 0.09296875
18 0.471875 0.50546875 0.0734375 0.06953125
19 0.22734375 0.86640625 0.09140625 0.06796875
19 0.11796875 0.615625 0.06640625 0.08046875
20 0.6484375 0.43828125 0.0703125 0.075
20 0.31484375 0.91796875 0.06015625 0.0859375
21 0.6421875 0.84375 0.071875 0.0765625
21 0.89609375 0.52734375 0.078125 0.075
22 0.13515625 0.58359375 0.096875 0.19453125
23 0.42890625 0.1015625 0.071875 0.0890625