0 0.4703125 0.3375 0.2171875 0.18203125
0 0.41015625 0.07734375 0.2625 0.15
1 0.14609375 0.378125 0.2375 0.18203125
1 0.21953125 0.5578125 0.0671875 0.25078125
2 0.31796875 0.39296875 0.2015625 0.08359375
2 0.5921875 0.17734375 0.10859375 0.21015625
3 0.271875 0.6796875 0.06484375 0.2078125
3 0.53671875 0.3359375 0.13203125 0.17109375
4 0.15703125 0.5984375 0.11640625 0.1859375
4 0.11328125 0.6125 0.1125 0.19296875
8 0.340625 0.34140625 0.16015625 0.11796875
8 0.3171875 0.5375 0.16015625 0.08984375
9 0.3296875 0.90234375 0.13828125 0.16953125
9 0.8875 0.69921875 0.178125 0.0703125
10 0.5828125 0.628125 0.13828125 0.0875
10 0.17890625 0.4734375 0.05703125 0.17109375
11 0.30625 0.21328125 0.0984375 0.15234375
11 0.2203125 0.2140625 0.13203125 0.11953125
5 0.41484375 0.54375 0.0984375 0.15
5 0.45078125 0.74765625 0.12265625 0.12421875
6 0.61328125 0.5671875 0.15234375 0.06875
6 0.50234375 0.165625 0.1421875 0.075
7 0.77109375 0.590625 0.13828125 0.12421875
7 0.540625 0.815625 0.11640625 0.15
12 0.38203125 0.67421875 0.10078125 0.128125
12 0.67890625 0.77421875 0.09296875 0.121875
13 0.17421875 0.13828125 0.12265625 0.11796875
13 0.53984375 0.47890625 0.0828125 0.1390625
14 0.5921875 0.78046875 0.12421875 0.10078125
14 0.2375 0.43984375 0.103125 0.11328125
15 0.60078125 0.33828125 0.0671875 0.10703125
15 0.615625 0.43828125 0.06484375 0.109375
16 0.5109375 0.6703125 0.1125 0.07734375
16 0.421875 0.2484375 0.08125 0.09453125
17 0.2875 0.57265625 0.0890625 0.08359375
17 0.64296875 0.5109375 0.096875 0.06171875
18 0.5140625 0.21484375 0.090625 0.0703125
18 0.2328125 0.26640625 0.0671875 0.075
19 0.478125 0.46875 0.07890625 0.08984375
19 0.5984375 0.06953125 0.059375 0.10078125
20 0.10859375 0.4828125 0.07890625 0.06171875
20 0.725 0.49609375 0.08671875 0.06640625
21 0.33515625 0.55703125 0.0734375 0.0515625
21 0.640625 0.12421875 0.075 0.07734375
22 0.35390625 0.7921875 0.075 0.1796875
22 0.459375 0.62109375 0.10859375 0.1453125