0 0.26171875 0.303125 0.184375 0.15546875
0 0.128125 0.5140625 0.15703125 0.26015625
1 0.67109375 0.353125 0.23203125 0.1328125
1 0.18984375 0.5515625 0.25234375 0.1046875
2 0.55078125 0.46953125 0.215625 0.17109375
2 0.76328125 0.18125 0.2796875 0.09375
3 0.23671875 0.7984375 0.19375 0.16015625
3 0.74140625 0.503125 0.1875 0.15859375
4 0.47109375 0.228125 0.1234375 0.196875
4 0.459375 0.68828125 0.1859375 0.109375
8 0.56796875 0.86328125 0.1875 0.1375
8 0.0953125 0.675 0.0953125 0.28046875
9 0.5734375 0.75703125 0.16640625 0.17421875
9 0.5953125 0.171875 0.24140625 0.115625
10 0.22109375 0.125 0.15703125 0.1015625
10 0.86796875 0.82734375 0.1109375 0.15390625
11 0.5171875 0.26796875 0.15546875 0.1109375
11 0.14609375 0.54921875 0.1875 0.16484375
5 0.3390625 0.53828125 0.15390625 0.134375
5 0.46796875 0.11328125 0.0828125 0.1953125
6 0.75390625 0.684375 0.13984375 0.17890625
6 0.4875 0.728125 0.13359375 0.13984375
7 0.39296875 0.62265625 0.16640625 0.1265625
7 0.321875 0.84140625 0.1171875 0.1234375
12 0.57421875 0.6140625 0.16171875 0.05078125
12 0.578125 0.4921875 0.13984375 0.090625
13 0.3375 0.3234375 0.14765625 0.06796875
13 0.671875 0.53984375 0.14140625 0.07578125
14 0.18359375 0.21328125 0.14765625 0.1
14 0.91640625 0.4703125 0.09375 0.14453125
15 0.45390625 0.909375 0.06640625 0.1296875
15 0.47578125 0.27734375 0.1 0.1203125
16 0.38359375 0.7140625 0.103125 0.125
16 0.578125 0.60625 0.0890625 0.115625
17 0.57421875 0.95703125 0.1234375 0.06171875
17 0.3125 0.28984375 0.1203125 0.04921875
18 0.65546875 0.53046875 0.0984375 0.08203125
18 0.82734375 0.61953125 0.05390625 0.1109375
19 0.3546875 0.65 0.096875 0.06796875
19 0.696875 0.7296875 0.07265625 0.08203125
20 0.32265625 0.7671875 0.07109375 0.05546875
20 0.94375 0.4640625 0.05234375 0.0921875
21 0.56640625 0.65625 0.0890625 0.05546875
21 0.50625 0.51015625 0.06015625 0.06171875
22 0.86640625 0.2734375 0.18125 0.1375
22 0.621875 0.8171875 0.13046875 0.109375