0 0.375 0.56484375 0.23515625 0.0875
0 0.415625 0.17890625 0.19765625 0.14921875
1 0.27109375 0.8625 0.109375 0.25390625
1 0.59921875 0.209375 0.19921875 0.14609375
2 0.91484375 0.2828125 0.11796875 0.19140625
2 0.20859375 0.6765625 0.109375 0.18359375
3 0.71640625 0.09609375 0.14375 0.16328125
3 0.64609375 0.734375 0.0765625 0.19140625
4 0.49296875 0.22265625 0.13515625 0.14453125
4 0.46796875 0.7796875 0.10390625 0.16484375
8 0.61171875 0.61171875 0.096875 0.16171875
8 0.21171875 0.68125 0.146875 0.1359375
9 0.26484375 0.58203125 0.14140625 0.096875
9 0.1921875 0.4078125 0.15390625 0.1
10 0.40078125 0.38359375 0.14140625 0.05078125
10 0.59765625 0.1265625 0.0546875 0.15859375
11 0.7890625 0.7 0.13671875 0.07734375
11 0.64921875 0.51484375 0.134375 0.0859375
5 0.47265625 0.49453125 0.1296875 0.07265625
5 0.93984375 0.54765625 0.0578125 0.15390625
6 0.79140625 0.85859375 0.12265625 0.1078125
6 0.153125 0.1203125 0.08671875 0.14609375
7 0.540625 0.8484375 0.071875 0.13125
7 0.484375 0.4 0.1265625 0.07109375
12 0.6390625 0.44453125 0.08515625 0.1
12 0.59921875 0.37421875 0.0921875 0.1046875
13 0.81015625 0.25625 0.04921875 0.14140625
13 0.08828125 0.4046875 0.11640625 0.06484375
14 0.23125 0.1859375 0.090625 0.103125
14 0.41640625 0.5796875 0.04609375 0.1203125
15 0.3546875 0.6109375 0.0546875 0.103125
15 0.6046875 0.7875 0.06484375 0.1109375
16 0.17421875 0.59921875 0.0921875 0.08203125
16 0.71875 0.20234375 0.10078125 0.05234375
17 0.73671875 0.4015625 0.0703125 0.084375
17 0.5546875 0.45234375 0.08359375 0.06484375
18 0.84140625 0.53984375 0.075 0.08046875
18 0.78671875 0.3765625 0.071875 0.05859375
19 0.05859375 0.68125 0.05625 0.0953125
19 0.67265625 0.678125 0.06953125 0.06953125
20 0.4734375 0.45390625 0.059375 0.05546875
20 0.74296875 0.61640625 0.06484375 0.06640625
21 0.4765625 0.66015625 0.0734375 0.04609375
21 0.4734375 0.30703125 0.06171875 0.05234375
22 0.08125 0.2859375 0.07890625 0.15703125
22 0.70625 0.93125 0.15859375 0.05859375