0 0.69609375 0.396875 0.2171875 0.10390625
0 0.3265625 0.7109375 0.2140625 0.0859375
1 0.48671875 0.59765625 0.16953125 0.0859375
1 0.80546875 0.36796875 0.05859375 0.20703125
2 0.76171875 0.52109375 0.16484375 0.1296875
2 0.65546875 0.22734375 0.196875 0.05859375
3 0.1140625 0.734375 0.1078125 0.08984375
3 0.4765625 0.44609375 0.1234375 0.140625
4 0.20390625 0.65234375 0.10625 0.10390625
4 0.2640625 0.915625 0.06796875 0.13125
8 0.0796875 0.5015625 0.13046875 0.075
8 0.33046875 0.69609375 0.1234375 0.121875
9 0.53125 0.06875 0.14140625 0.1
9 0.46015625 0.51953125 0.15546875 0.04375
10 0.32109375 0.875 0.1125 0.09453125
10 0.57109375 0.23515625 0.1015625 0.09921875
11 0.415625 0.615625 0.1015625 0.0921875
11 0.196875 0.42578125 0.06953125 0.1109375
5 0.30234375 0.21953125 0.08125 0.11796875
5 0.20703125 0.33828125 0.11875 0.0640625
6 0.2625 0.25625 0.14453125 0.04375
6 0.6078125 0.77109375 0.06953125 0.109375
7 0.6875 0.74296875 0.1046875 0.09765625
7 0.1046875 0.60546875 0.06328125 0.10703125
12 0.8484375 0.3546875 0.096875 0.08671875
12 0.85625 0.66796875 0.12578125 0.04921875
13 0.91171875 0.26796875 0.07109375 0.09453125
13 0.52734375 0.87890625 0.1203125 0.0578125
14 0.52421875 0.7375 0.096875 0.06796875
14 0.5171875 0.54921875 0.1109375 0.0484375
15 0.7125 0.55859375 0.05703125 0.0828125
15 0.5671875 0.709375 0.09375 0.046875
16 0.215625 0.49765625 0.0828125 0.05625
16 0.3375 0.3671875 0.090625 0.0546875
17 0.290625 0.56953125 0.0859375 0.0453125
17 0.33359375 0.73203125 0.05390625 0.0625
18 0.35390625 0.26015625 0.0765625 0.0546875
18 0.27421875 0.31875 0.06015625 0.065625
19 0.36640625 0.10390625 0.06953125 0.06015625
19 0.6671875 0.1734375 0.05546875 0.0640625
20 0.4015625 0.128125 0.04765625 0.06171875
20 0.36796875 0.9421875 0.05078125 0.05859375
21 0.30234375 0.5171875 0.06484375 0.053125
21 0.2046875 0.4734375 0.04765625 0.05625
22 0.90078125 0.59296875 0.13515625 0.09453125
23 0.54921875 0.2078125 0.06328125 0.04921875