0 0.58515625 0.809375 0.1203125 0.17734375
0 0.53359375 0.5546875 0.175 0.109375
1 0.14765625 0.746875 0.128125 0.1671875
1 0.72421875 0.34375 0.13359375 0.1140625
2 0.7671875 0.665625 0.09921875 0.134375
2 0.49296875 0.55078125 0.10234375 0.10859375
3 0.56875 0.90625 0.16640625 0.06484375
3 0.86015625 0.571875 0.09921875 0.159375
4 0.36328125 0.48984375 0.19375 0.046875
4 0.33984375 0.428125 0.1828125 0.04140625
8 0.50859375 0.67578125 0.14765625 0.09609375
8 0.56640625 0.66328125 0.11171875 0.06875
9 0.2484375 0.615625 0.14453125 0.0984375
9 0.51875 0.628125 0.0859375 0.1203125
10 0.065625 0.81328125 0.065625 0.11796875
10 0.615625 0.45546875 0.0875 0.0953125
11 0.4546875 0.7890625 0.12265625 0.07734375
11 0.38046875 0.74296875 0.0875 0.1265625
5 0.23359375 0.3859375 0.1296875 0.06796875
5 0.809375 0.59296875 0.08203125 0.0828125
6 0.26328125 0.81796875 0.0953125 0.11015625
6 0.690625 0.746875 0.0765625 0.06875
7 0.2109375 0.74375 0.1046875 0.0703125
7 0.61015625 0.59609375 0.11015625 0.08203125
12 0.76796875 0.46640625 0.1203125 0.071875
12 0.66875 0.8953125 0.07890625 0.090625
13 0.390625 0.4609375 0.12421875 0.0390625
13 0.5546875 0.1484375 0.12421875 0.0515625
14 0.13515625 0.834375 0.06796875 0.0953125
14 0.2078125 0.67734375 0.10234375 0.0484375
15 0.92109375 0.15859375 0.1203125 0.0390625
15 0.6078125 0.6015625 0.11328125 0.06328125
16 0.49140625 0.85078125 0.06015625 0.084375
16 0.18671875 0.4421875 0.07109375 0.071875
17 0.50234375 0.04140625 0.0546875 0.06875
17 0.66953125 0.625 0.0671875 0.06640625
18 0.56015625 0.7859375 0.0640625 0.06484375
18 0.33203125 0.040625 0.06171875 0.065625
19 0.371875 0.6234375 0.0671875 0.059375
19 0.2390625 0.95703125 0.0625 0.07109375
20 0.459375 0.05 0.0453125 0.05703125
20 0.53125 0.11875 0.0640625 0.04296875
21 0.846875 0.659375 0.075 0.040625
21 0.33671875 0.45078125 0.06796875 0.04140625
22 0.759375 0.52265625 0.078125 0.08671875
23 0.390625 0.8328125 0.06953125 0.04609375