0 0.37421875 0.4671875 0.1859375 0.14609375
0 0.165625 0.5140625 0.19609375 0.13046875
1 0.56171875 0.19296875 0.16328125 0.10234375
1 0.2609375 0.83046875 0.25703125 0.1953125
2 0.428125 0.81171875 0.1296875 0.0984375
2 0.353125 0.52734375 0.1734375 0.10390625
3 0.48125 0.63515625 0.0625 0.175
3 0.3 0.53828125 0.11875 0.15234375
4 0.59453125 0.32421875 0.10703125 0.14375
4 0.5703125 0.59765625 0.109375 0.13046875
8 0.1984375 0.728125 0.14765625 0.18828125
8 0.14921875 0.61484375 0.1734375 0.07421875
9 0.7 0.15703125 0.1390625 0.1578125
9 0.81796875 0.3078125 0.10703125 0.09453125
10 0.55078125 0.846875 0.184375 0.08125
10 0.4 0.26796875 0.08125 0.10859375
11 0.3359375 0.6578125 0.08828125 0.13671875
11 0.3046875 0.91171875 0.1296875 0.1421875
5 0.903125 0.43984375 0.1171875 0.1140625
5 0.4125 0.74765625 0.109375 0.0953125
6 0.63828125 0.4625 0.09921875 0.1328125
6 0.7359375 0.53828125 0.1015625 0.11015625
7 0.88125 0.334375 0.096875 0.10859375
7 0.23515625 0.37578125 0.12890625 0.10625
12 0.20546875 0.29453125 0.109375 0.10078125
12 0.50859375 0.325 0.07421875 0.07734375
13 0.54453125 0.678125 0.12890625 0.04609375
13 0.31875 0.3546875 0.05625 0.10390625
14 0.9015625 0.2734375 0.09453125 0.10078125
14 0.3984375 0.6390625 0.0703125 0.1328125
15 0.628125 0.32109375 0.07890625 0.06484375
15 0.546875 0.27890625 0.0640625 0.0984375
16 0.5875 0.7640625 0.084375 0.09453125
16 0.653125 0.76953125 0.08125 0.0890625
17 0.7078125 0.60859375 0.090625 0.07421875
17 0.58125 0.58359375 0.08125 0.04921875
18 0.084375 0.5625 0.07890625 0.06484375
18 0.12265625 0.303125 0.0890625 0.05859375
19 0.428125 0.35546875 0.06875 0.06796875
19 0.37734375 0.665625 0.090625 0.0453125
20 0.640625 0.69296875 0.0484375 0.071875
20 0.5265625 0.0375 0.0546875 0.06875
21 0.7984375 0.36015625 0.0625 0.0609375
21 0.7078125 0.37734375 0.0625 0.07734375
22 0.14296875 0.43515625 0.09140625 0.11015625
23 0.5390625 0.39296875 0.0484375 0.071875