0 0.65625 0.27578125 0.12265625 0.1390625
0 0.74375 0.47265625 0.07109375 0.15859375
1 0.909375 0.54296875 0.09375 0.16953125
1 0.5921875 0.440625 0.1234375 0.11796875
2 0.8765625 0.4640625 0.0578125 0.2171875
2 0.76953125 0.728125 0.12109375 0.06328125
3 0.56875 0.42734375 0.09765625 0.15234375
3 0.753125 0.54140625 0.05 0.1203125
4 0.62890625 0.6125 0.09296875 0.11796875
4 0.64140625 0.55078125 0.09140625 0.09375
8 0.965625 0.29296875 0.05234375 0.16953125
8 0.71875 0.328125 0.0671875 0.16015625
9 0.66796875 0.8875 0.0609375 0.12578125
9 0.5890625 0.7078125 0.03203125 0.19453125
10 0.79140625 0.31796875 0.040625 0.15859375
10 0.27265625 0.6125 0.09296875 0.05703125
11 0.8296875 0.26640625 0.0640625 0.09375
11 0.81015625 0.4796875 0.03046875 0.15859375
5 0.3828125 0.7234375 0.084375 0.0875
5 0.7046875 0.49609375 0.03984375 0.14140625
6 0.49453125 0.7765625 0.0921875 0.05703125
6 0.55546875 0.68671875 0.03671875 0.14921875
7 0.5359375 0.7515625 0.0796875 0.12578125
7 0.746875 0.0890625 0.0734375 0.0859375
12 0.75703125 0.14765625 0.05859375 0.07421875
12 0.62421875 0.76796875 0.053125 0.1046875
13 0.71484375 0.8625 0.03203125 0.13359375
13 0.6078125 0.68046875 0.02734375 0.10859375
14 0.8 0.68046875 0.0578125 0.08984375
14 0.4796875 0.45390625 0.06640625 0.08046875
15 0.79609375 0.54609375 0.02734375 0.1109375
15 0.23671875 0.9359375 0.04921875 0.09375
16 0.66328125 0.215625 0.02890625 0.1109375
16 0.66328125 0.2859375 0.05859375 0.04609375
17 0.94375 0.3875 0.03828125 0.09921875
17 0.59609375 0.503125 0.040625 0.06640625
18 0.63046875 0.56875 0.04453125 0.05
18 0.61328125 0.76796875 0.03515625 0.078125
19 0.6375 0.690625 0.03046875 0.08359375
19 0.6921875 0.05078125 0.0453125 0.05546875
20 0.7375 0.765625 0.03984375 0.053125
20 0.425 0.64375 0.03984375 0.05546875
21 0.6390625 0.9078125 0.03828125 0.07421875
21 0.57578125 0.715625 0.025 0.09140625
22 0.64296875 0.384375 0.0578125 0.09375
22 0.0578125 0.91328125 0.09140625 0.11640625