0 0.55546875 0.65078125 0.11953125 0.1421875
0 0.33671875 0.46953125 0.1390625 0.08125
1 0.70078125 0.94375 0.09375 0.084375
1 0.48984375 0.4484375 0.0921875 0.0875
2 0.4359375 0.54609375 0.1171875 0.046875
2 0.43203125 0.33359375 0.0984375 0.0859375
3 0.09140625 0.6671875 0.103125 0.09609375
3 0.4734375 0.74453125 0.04296875 0.13671875
4 0.57421875 0.10390625 0.03515625 0.14921875
4 0.64375 0.38359375 0.07421875 0.0796875
8 0.48203125 0.62578125 0.075 0.11328125
8 0.23046875 0.64609375 0.0375 0.1234375
9 0.6546875 0.603125 0.08671875 0.065625
9 0.78984375 0.8890625 0.0765625 0.09765625
10 0.42265625 0.390625 0.07578125 0.06015625
10 0.28046875 0.8265625 0.08828125 0.0359375
11 0.3125 0.40078125 0.0484375 0.07734375
11 0.63828125 0.46640625 0.05859375 0.08046875
5 0.15078125 0.5125 0.05546875 0.09921875
5 0.28046875 0.3375 0.05078125 0.09296875
6 0.03359375 0.38515625 0.03828125 0.1140625
6 0.28125 0.90078125 0.0390625 0.11328125
7 0.65703125 0.9125 0.07109375 0.08359375
7 0.39921875 0.88125 0.05234375 0.09453125
12 0.5171875 0.73984375 0.0703125 0.05703125
12 0.478125 0.353125 0.0734375 0.0390625
13 0.5890625 0.20078125 0.06171875 0.059375
13 0.9484375 0.39609375 0.0765625 0.03671875
14 0.25859375 0.49296875 0.0609375 0.04765625
14 0.26875 0.61875 0.0640625 0.04375
15 0.615625 0.5140625 0.0453125 0.05
15 0.62109375 0.053125 0.0328125 0.0859375
16 0.47265625 0.3953125 0.05390625 0.05
16 0.1828125 0.5203125 0.03828125 0.06875
17 0.7984375 0.9078125 0.0453125 0.06328125
17 0.353125 0.18203125 0.0390625 0.065625
18 0.078125 0.59375 0.04296875 0.06171875
18 0.19921875 0.66171875 0.03359375 0.06796875
19 0.3921875 0.434375 0.046875 0.04765625
19 0.2546875 0.5890625 0.0453125 0.03671875
20 0.09453125 0.56015625 0.04609375 0.03515625
20 0.89375 0.39921875 0.04140625 0.0421875
21 0.528125 0.878125 0.04375 0.03984375
21 0.50234375 0.88828125 0.0296875 0.06484375
22 0.29140625 0.67421875 0.08828125 0.04140625
22 0.50390625 0.1984375 0.06484375 0.10078125
23 0.83515625 0.59375 0.03984375 0.046875