0 0.92890625 0.6703125 0.1234375 0.1984375
0 0.71171875 0.809375 0.0734375 0.203125
1 0.8625 0.60390625 0.10390625 0.11875
1 0.69140625 0.1484375 0.1234375 0.096875
2 0.93125 0.48125 0.05390625 0.215625
2 0.84296875 0.37734375 0.0546875 0.13984375
3 0.86640625 0.16875 0.0375 0.2078125
3 0.540625 0.23125 0.09765625 0.109375
4 0.73984375 0.08203125 0.08828125 0.1125
4 0.875 0.7828125 0.05625 0.178125
8 0.56796875 0.5859375 0.07890625 0.1046875
8 0.9125 0.75859375 0.09375 0.0984375
9 0.0328125 0.12734375 0.0578125 0.0984375
9 0.9609375 0.87734375 0.05234375 0.15859375
10 0.7078125 0.71796875 0.0375 0.16796875
10 0.76171875 0.371875 0.0625 0.06953125
11 0.896875 0.18828125 0.03203125 0.16484375
11 0.7046875 0.953125 0.08125 0.08125
5 0.78828125 0.184375 0.03125 0.15703125
5 0.81015625 0.86328125 0.034375 0.15390625
6 0.48046875 0.51640625 0.02734375 0.16171875
6 0.84921875 0.94296875 0.08046875 0.06171875
7 0.8296875 0.21875 0.04921875 0.14140625
7 0.89140625 0.84453125 0.02734375 0.14765625
12 0.553125 0.75078125 0.06328125 0.0921875
12 0.64453125 0.4359375 0.046875 0.096875
13 0.7984375 0.4734375 0.0484375 0.090625
13 0.778125 0.5765625 0.05 0.1015625
14 0.5796875 0.378125 0.04296875 0.0828125
14 0.60234375 0.29296875 0.06171875 0.05390625
15 0.78828125 0.51640625 0.0421875 0.09375
15 0.62890625 0.7890625 0.0515625 0.05546875
16 0.625 0.634375 0.053125 0.078125
16 0.5921875 0.41953125 0.04921875 0.06953125
17 0.51640625 0.35859375 0.04375 0.0921875
17 0.84140625 0.1375 0.02421875 0.103125
18 0.79375 0.321875 0.0265625 0.0828125
18 0.70234375 0.2765625 0.025 0.0984375
19 0.6203125 0.41796875 0.0296875 0.08125
19 0.73125 0.5609375 0.03671875 0.075
20 0.72578125 0.63671875 0.025 0.0796875
20 0.6359375 0.3375 0.02109375 0.0875
21 0.66875 0.7953125 0.03671875 0.06484375
21 0.71875 0.48515625 0.0296875 0.075
22 0.7671875 0.2921875 0.0390625 0.16015625
22 0.6703125 0.55 0.07421875 0.09375