0 0.93046875 0.82734375 0.09765625 0.184375
0 0.42265625 0.4609375 0.05859375 0.17890625
1 0.690625 0.47421875 0.18203125 0.10703125
1 0.20234375 0.3640625 0.07890625 0.16875
2 0.121875 0.18125 0.08125 0.12734375
2 0.521875 0.4375 0.16953125 0.06640625
3 0.19921875 0.1484375 0.12734375 0.10078125
3 0.18828125 0.54765625 0.1421875 0.096875
4 0.5078125 0.14140625 0.09765625 0.115625
4 0.5828125 0.50703125 0.1453125 0.03828125
8 0.078125 0.34375 0.08828125 0.09375
8 0.559375 0.4890625 0.115625 0.07890625
9 0.4015625 0.14140625 0.10859375 0.08828125
9 0.390625 0.6125 0.07890625 0.07890625
10 0.68203125 0.22109375 0.08515625 0.09296875
10 0.35859375 0.159375 0.04921875 0.09453125
11 0.575 0.053125 0.06953125 0.09296875
11 0.06484375 0.215625 0.06484375 0.09296875
5 0.1421875 0.25390625 0.05390625 0.096875
5 0.7984375 0.36640625 0.09609375 0.08125
6 0.23125 0.490625 0.0640625 0.09453125
6 0.36484375 0.446875 0.0625 0.0828125
7 0.303125 0.209375 0.1125 0.0328125
7 0.57109375 0.3390625 0.10859375 0.06328125
12 0.459375 0.23984375 0.05546875 0.07890625
12 0.46796875 0.5375 0.07578125 0.07265625
13 0.8375 0.903125 0.08984375 0.06328125
13 0.66875 0.2546875 0.0625 0.0734375
14 0.8640625 0.215625 0.103125 0.03984375
14 0.66953125 0.484375 0.071875 0.05390625
15 0.81171875 0.96875 0.090625 0.05
15 0.26796875 0.4421875 0.075 0.05234375
16 0.884375 0.26484375 0.040625 0.08046875
16 0.7578125 0.57890625 0.05 0.065625
17 0.73203125 0.12734375 0.071875 0.0609375
17 0.83359375 0.12578125 0.0609375 0.0640625
18 0.23515625 0.26875 0.06640625 0.0453125
18 0.715625 0.5640625 0.0390625 0.0578125
19 0.34765625 0.3296875 0.06953125 0.0453125
19 0.53125 0.5078125 0.0421875 0.0625
20 0.61796875 0.23359375 0.0421875 0.04765625
20 0.27578125 0.2390625 0.0390625 0.0484375
21 0.33125 0.51015625 0.04921875 0.05078125
21 0.64375 0.26484375 0.03671875 0.0484375
22 0.22734375 0.31328125 0.10703125 0.0890625
23 0.30078125 0.6046875 0.05859375 0.05625