0 0.1890625 0.64921875 0.15 0.26484375
0 0.5765625 0.68046875 0.13984375 0.18515625
1 0.23046875 0.3953125 0.1453125 0.18046875
1 0.7 0.23828125 0.08671875 0.2359375
2 0.61953125 0.6625 0.1578125 0.14609375
2 0.53828125 0.096875 0.1 0.13359375
3 0.19140625 0.2078125 0.16328125 0.13515625
3 0.54140625 0.68125 0.13203125 0.1515625
4 0.3390625 0.76953125 0.11953125 0.153125
4 0.88828125 0.29921875 0.16875 0.11328125
8 0.40703125 0.73359375 0.1296875 0.14453125
8 0.7765625 0.3890625 0.159375 0.0875
9 0.4015625 0.1921875 0.13203125 0.1171875
9 0.3859375 0.08515625 0.1609375 0.05859375
10 0.671875 0.40625 0.05859375 0.1390625
10 0.75703125 0.3953125 0.0765625 0.1421875
11 0.390625 0.5 0.1046875 0.11015625
11 0.70703125 0.42734375 0.1375 0.0546875
5 0.765625 0.67265625 0.12421875 0.084375
5 0.32578125 0.46640625 0.08125 0.12578125
6 0.47421875 0.41640625 0.0515625 0.1390625
6 0.0734375 0.334375 0.06875 0.15
7 0.38046875 0.3578125 0.12421875 0.10625
7 0.54765625 0.18984375 0.128125 0.0625
12 0.60390625 0.80390625 0.115625 0.0734375
12 0.86484375 0.6265625 0.0453125 0.1171875
13 0.21484375 0.8578125 0.08828125 0.1078125
13 0.55078125 0.11484375 0.08125 0.0953125
14 0.39609375 0.478125 0.06875 0.09921875
14 0.53984375 0.56171875 0.07890625 0.08203125
15 0.7421875 0.4734375 0.10078125 0.04375
15 0.6078125 0.440625 0.04140625 0.0984375
16 0.26015625 0.6625 0.05703125 0.09375
16 0.81953125 0.21796875 0.053125 0.10625
17 0.9140625 0.59453125 0.0765625 0.0765625
17 0.57109375 0.49140625 0.08828125 0.040625
18 0.44921875 0.546875 0.06875 0.06796875
18 0.4359375 0.60703125 0.084375 0.04375
19 0.415625 0.81484375 0.0515625 0.07890625
19 0.7484375 0.3171875 0.04296875 0.08046875
20 0.61875 0.840625 0.0609375 0.04609375
20 0.684375 0.65625 0.05859375 0.0546875
21 0.45 0.884375 0.084375 0.0515625
21 0.52109375 0.41640625 0.04140625 0.07109375
22 0.534375 0.60546875 0.115625 0.109375
22 0.56953125 0.38359375 0.0609375 0.14453125