0 0.11015625 0.35546875 0.159375 0.14296875
0 0.53984375 0.875 0.12890625 0.21015625
1 0.0625 0.128125 0.09453125 0.165625
1 0.3671875 0.44375 0.0734375 0.19765625
2 0.22421875 0.4640625 0.1125 0.146875
2 0.12578125 0.540625 0.07578125 0.15390625
3 0.4953125 0.48203125 0.1328125 0.11796875
3 0.77265625 0.0921875 0.0828125 0.1515625
4 0.60703125 0.446875 0.109375 0.1265625
4 0.69140625 0.3875 0.1078125 0.109375
8 0.45546875 0.54921875 0.12890625 0.1109375
8 0.0921875 0.2203125 0.128125 0.09765625
9 0.7828125 0.5234375 0.08359375 0.071875
9 0.10390625 0.25234375 0.05234375 0.140625
10 0.93515625 0.2828125 0.06640625 0.11171875
10 0.34453125 0.425 0.09296875 0.075
11 0.771875 0.065625 0.109375 0.09296875
11 0.18359375 0.43125 0.04453125 0.121875
5 0.27109375 0.5921875 0.10703125 0.0765625
5 0.28984375 0.29609375 0.06953125 0.10390625
6 0.4328125 0.8453125 0.09453125 0.1015625
6 0.73515625 0.5296875 0.053125 0.1203125
7 0.1671875 0.1828125 0.04765625 0.11796875
7 0.37421875 0.33046875 0.1 0.071875
12 0.67578125 0.578125 0.04921875 0.109375
12 0.74375 0.09765625 0.0546875 0.09296875
13 0.09375 0.45078125 0.09453125 0.04140625
13 0.64921875 0.46640625 0.11015625 0.04375
14 0.3296875 0.7046875 0.06171875 0.07890625
14 0.71015625 0.0640625 0.0375 0.10234375
15 0.23828125 0.31875 0.07890625 0.05625
15 0.2375 0.36015625 0.06015625 0.06640625
16 0.34453125 0.61171875 0.04921875 0.08203125
16 0.153125 0.25703125 0.03984375 0.0796875
17 0.2859375 0.696875 0.05078125 0.075
17 0.6078125 0.8171875 0.071875 0.05859375
18 0.18828125 0.2984375 0.0375 0.0703125
18 0.2859375 0.24765625 0.0578125 0.05703125
19 0.31171875 0.63671875 0.06015625 0.04140625
19 0.25703125 0.51640625 0.06953125 0.05390625
20 0.453125 0.5296875 0.053125 0.04140625
20 0.56796875 0.6359375 0.04296875 0.04609375
21 0.28984375 0.6046875 0.06171875 0.04609375
21 0.53515625 0.56171875 0.0640625 0.03828125
22 0.1671875 0.65546875 0.09296875 0.10703125
22 0.3296875 0.275 0.0640625 0.10859375