0 0.19375 0.63671875 0.1265625 0.12265625
0 0.5546875 0.7140625 0.1828125 0.11171875
1 0.7171875 0.39140625 0.1703125 0.1078125
1 0.4390625 0.084375 0.10859375 0.1328125
2 0.3546875 0.3921875 0.09921875 0.1234375
2 0.83828125 0.440625 0.08671875 0.1671875
3 0.75703125 0.54765625 0.06640625 0.14296875
3 0.659375 0.5515625 0.13359375 0.0953125
4 0.6828125 0.5390625 0.11875 0.1078125
4 0.69921875 0.1890625 0.09453125 0.09609375
8 0.15078125 0.20390625 0.05 0.1296875
8 0.484375 0.475 0.059375 0.1265625
9 0.25078125 0.26875 0.08984375 0.090625
9 0.67265625 0.21640625 0.07734375 0.075
10 0.14375 0.2703125 0.1140625 0.040625
10 0.40546875 0.578125 0.1109375 0.075
11 0.275 0.4140625 0.0796875 0.084375
11 0.7171875 0.328125 0.10703125 0.0515625
5 0.746875 0.28984375 0.09609375 0.090625
5 0.325 0.24765625 0.08828125 0.07734375
6 0.39765625 0.55 0.1015625 0.05859375
6 0.40546875 0.178125 0.11171875 0.06796875
7 0.1765625 0.52890625 0.08359375 0.09921875
7 0.53359375 0.37109375 0.0671875 0.10234375
12 0.10078125 0.40859375 0.0890625 0.06875
12 0.3078125 0.334375 0.0625 0.0796875
13 0.59375 0.096875 0.04375 0.09609375
13 0.65859375 0.71796875 0.05 0.09609375
14 0.39609375 0.5203125 0.0984375 0.03828125
14 0.3921875 0.09453125 0.06484375 0.06875
15 0.903125 0.3125 0.09140625 0.06328125
15 0.20234375 0.6421875 0.0640625 0.05546875
16 0.059375 0.1328125 0.06875 0.0828125
16 0.4484375 0.40390625 0.071875 0.05
17 0.58125 0.49765625 0.07734375 0.05
17 0.3703125 0.33671875 0.05625 0.0578125
18 0.3890625 0.81171875 0.071875 0.0578125
18 0.2546875 0.396875 0.0546875 0.03828125
19 0.64453125 0.43046875 0.06953125 0.04375
19 0.3546875 0.09375 0.04765625 0.05703125
20 0.5640625 0.66796875 0.0546875 0.05234375
20 0.678125 0.96328125 0.0640625 0.04921875
21 0.68828125 0.26171875 0.04375 0.0515625
21 0.65078125 0.29375 0.05 0.04140625
22 0.44140625 0.92265625 0.05859375 0.13125
22 0.303125 0.9359375 0.140625 0.04453125