0 0.6875 0.5015625 0.1671875 0.13828125
0 0.5046875 0.56953125 0.146875 0.08203125
1 0.33671875 0.84375 0.19140625 0.12265625
1 0.4046875 0.346875 0.196875 0.04765625
2 0.8203125 0.51796875 0.1171875 0.1109375
2 0.7265625 0.61875 0.17890625 0.0734375
3 0.6703125 0.75546875 0.08515625 0.17109375
3 0.8453125 0.4390625 0.1671875 0.06171875
4 0.14609375 0.54765625 0.07109375 0.1703125
4 0.65703125 0.19921875 0.09921875 0.15
8 0.134375 0.384375 0.11171875 0.08359375
8 0.5609375 0.68515625 0.12578125 0.08828125
9 0.7734375 0.23046875 0.10546875 0.11796875
9 0.5859375 0.0984375 0.14140625 0.0765625
10 0.85546875 0.48515625 0.11484375 0.059375
10 0.8328125 0.41875 0.071875 0.11640625
11 0.415625 0.26328125 0.08984375 0.096875
11 0.33359375 0.69375 0.06171875 0.1109375
5 0.56640625 0.75390625 0.09296875 0.071875
5 0.67578125 0.42421875 0.0875 0.1078125
6 0.40703125 0.6671875 0.071875 0.115625
6 0.39375 0.10390625 0.08515625 0.075
7 0.35078125 0.6265625 0.11484375 0.04609375
7 0.4453125 0.6484375 0.0515625 0.13515625
12 0.58046875 0.7125 0.08984375 0.05078125
12 0.4453125 0.5 0.05390625 0.078125
13 0.421875 0.921875 0.0640625 0.0921875
13 0.95625 0.5453125 0.04140625 0.128125
14 0.8265625 0.690625 0.078125 0.096875
14 0.32890625 0.30234375 0.08125 0.075
15 0.6890625 0.2625 0.05546875 0.0921875
15 0.47265625 0.21796875 0.07734375 0.059375
16 0.35703125 0.46171875 0.0421875 0.096875
16 0.63359375 0.396875 0.08203125 0.06171875
17 0.4953125 0.0640625 0.08515625 0.05078125
17 0.825 0.62578125 0.071875 0.0703125
18 0.2140625 0.53671875 0.065625 0.0703125
18 0.40390625 0.48046875 0.04921875 0.059375
19 0.8328125 0.29609375 0.071875 0.04765625
19 0.72109375 0.73671875 0.05625 0.0703125
20 0.5765625 0.61328125 0.059375 0.04453125
20 0.46171875 0.25546875 0.04609375 0.05625
21 0.5390625 0.21953125 0.05390625 0.05078125
21 0.1953125 0.58671875 0.04140625 0.075
22 0.08828125 0.5765625 0.1375 0.06953125
23 0.46484375 0.95390625 0.05390625 0.0546875