0 0.26953125 0.3484375 0.11171875 0.09765625
0 0.36015625 0.38203125 0.11640625 0.1171875
1 0.7625 0.41875 0.0734375 0.16015625
1 0.44375 0.36015625 0.05859375 0.171875
2 0.58125 0.446875 0.0734375 0.0890625
2 0.47421875 0.778125 0.07890625 0.0953125
3 0.553125 0.48359375 0.0953125 0.075
3 0.36328125 0.27578125 0.10234375 0.07890625
4 0.546875 0.19140625 0.0921875 0.06640625
4 0.428125 0.9234375 0.06484375 0.10546875
8 0.6171875 0.1421875 0.0703125 0.11328125
8 0.23984375 0.559375 0.08984375 0.05546875
9 0.52890625 0.81015625 0.06796875 0.075
9 0.64296875 0.2203125 0.06484375 0.07109375
10 0.31953125 0.94453125 0.08125 0.07890625
10 0.1625 0.53046875 0.05703125 0.0640625
11 0.6046875 0.22578125 0.03515625 0.11640625
11 0.53828125 0.64140625 0.02890625 0.1125
5 0.50546875 0.890625 0.0359375 0.1234375
5 0.66015625 0.46953125 0.03203125 0.11640625
6 0.36796875 0.36640625 0.065625 0.0796875
6 0.1671875 0.59609375 0.07578125 0.05546875
7 0.36484375 0.44140625 0.05546875 0.09375
7 0.2125 0.58515625 0.05234375 0.06953125
12 0.8171875 0.61171875 0.0390625 0.1046875
12 0.42890625 0.7078125 0.05234375 0.0796875
13 0.5578125 0.1328125 0.04453125 0.084375
13 0.5890625 0.64609375 0.03671875 0.0828125
14 0.115625 0.5359375 0.040625 0.071875
14 0.53515625 0.06875 0.06640625 0.06328125
15 0.39765625 0.58515625 0.0546875 0.0453125
15 0.6515625 0.5453125 0.04140625 0.06875
16 0.28125 0.8578125 0.0515625 0.0734375
16 0.4265625 0.36328125 0.05 0.0703125
17 0.42890625 0.56328125 0.02421875 0.07421875
17 0.56875 0.690625 0.053125 0.03515625
18 0.39921875 0.62578125 0.03984375 0.046875
18 0.6296875 0.490625 0.0359375 0.05859375
19 0.49765625 0.01875 0.05 0.034375
19 0.3375 0.38125 0.04375 0.03203125
20 0.0828125 0.5390625 0.03359375 0.05859375
20 0.56328125 0.6171875 0.03046875 0.040625
21 0.39140625 0.43203125 0.0421875 0.03828125
21 0.65 0.61953125 0.0390625 0.0421875
22 0.2046875 0.596875 0.0796875 0.05625
23 0.55859375 0.5640625 0.0375 0.0453125