0 0.55859375 0.29140625 0.18046875 0.26015625
0 0.5046875 0.17265625 0.2359375 0.109375
1 0.6265625 0.12421875 0.234375 0.07109375
1 0.68359375 0.4328125 0.2171875 0.1125
2 0.2921875 0.25 0.07578125 0.24296875
2 0.66015625 0.4140625 0.13828125 0.2
3 0.51171875 0.4671875 0.12734375 0.121875
3 0.64453125 0.06015625 0.2140625 0.0640625
4 0.109375 0.39296875 0.18671875 0.0640625
4 0.86875 0.496875 0.18046875 0.090625
8 0.2515625 0.38515625 0.15390625 0.125
8 0.378125 0.6515625 0.17109375 0.078125
9 0.45625 0.24453125 0.16328125 0.05546875
9 0.5484375 0.19453125 0.15390625 0.08671875
10 0.775 0.50859375 0.08203125 0.14921875
10 0.396875 0.353125 0.10234375 0.1234375
11 0.54609375 0.6671875 0.12734375 0.075
11 0.47421875 0.8625 0.13046875 0.0796875
5 0.22109375 0.2625 0.11484375 0.121875
5 0.15234375 0.25546875 0.059375 0.14609375
6 0.4984375 0.56015625 0.10390625 0.08125
6 0.38671875 0.4390625 0.09140625 0.14609375
7 0.2171875 0.19453125 0.08203125 0.1421875
7 0.74921875 0.1921875 0.09921875 0.08515625
12 0.55390625 0.596875 0.09296875 0.1078125
12 0.684375 0.5375 0.11484375 0.07109375
13 0.66015625 0.2 0.06953125 0.11484375
13 0.546875 0.33515625 0.08828125 0.1109375
14 0.6328125 0.51875 0.09921875 0.096875
14 0.75859375 0.23515625 0.12734375 0.0609375
15 0.31015625 0.40390625 0.07109375 0.10234375
15 0.5203125 0.43828125 0.053125 0.109375
16 0.209375 0.53359375 0.08515625 0.078125
16 0.059375 0.284375 0.08203125 0.06953125
17 0.45390625 0.08125 0.09296875 0.08671875
17 0.26953125 0.70546875 0.06484375 0.10625
18 0.38203125 0.6140625 0.07265625 0.075
18 0.14296875 0.16328125 0.09140625 0.0625
19 0.76328125 0.58359375 0.07421875 0.0796875
19 0.5578125 0.8953125 0.07265625 0.06796875
20 0.48984375 0.29921875 0.07109375 0.05390625
20 0.64765625 0.8546875 0.046875 0.075
21 0.73671875 0.784375 0.08359375 0.0625
21 0.61640625 0.9203125 0.046875 0.10078125
22 0.20625 0.3421875 0.12265625 0.1078125
23 0.70234375 0.553125 0.0609375 0.05390625