0 0.715625 0.878125 0.2578125 0.2203125
0 0.6234375 0.41875 0.275 0.11796875
1 0.63046875 0.27265625 0.09765625 0.26875
1 0.46640625 0.86328125 0.11796875 0.2171875
2 0.784375 0.26484375 0.21015625 0.18671875
2 0.31796875 0.65390625 0.0703125 0.221875
3 0.64140625 0.6375 0.09921875 0.21015625
3 0.21953125 0.38046875 0.0734375 0.203125
4 0.4078125 0.28828125 0.17421875 0.1125
4 0.12265625 0.74609375 0.17421875 0.1546875
8 0.6921875 0.5140625 0.165625 0.09375
8 0.4640625 0.7515625 0.2015625 0.06015625
9 0.3328125 0.653125 0.17421875 0.07265625
9 0.51875 0.359375 0.1640625 0.05703125
10 0.27109375 0.77421875 0.146875 0.0890625
10 0.2625 0.29296875 0.1296875 0.12578125
11 0.3140625 0.23125 0.11953125 0.109375
11 0.7703125 0.44765625 0.10078125 0.1296875
5 0.89140625 0.5078125 0.09375 0.16171875
5 0.6703125 0.40234375 0.0953125 0.1328125
6 0.525 0.125 0.1484375 0.09609375
6 0.33046875 0.1328125 0.12109375 0.134375
7 0.48828125 0.215625 0.15390625 0.07578125
7 0.73984375 0.19765625 0.090625 0.13984375
12 0.29296875 0.496875 0.09375 0.115625
12 0.46328125 0.6546875 0.06328125 0.12265625
13 0.746875 0.6515625 0.128125 0.07265625
13 0.6484375 0.7203125 0.10234375 0.1125
14 0.81875 0.4078125 0.11953125 0.065625
14 0.13359375 0.325 0.08671875 0.109375
15 0.72109375 0.5734375 0.1140625 0.06015625
15 0.43359375 0.38984375 0.10546875 0.07734375
16 0.4328125 0.06796875 0.12109375 0.0625
16 0.54921875 0.6171875 0.06796875 0.1109375
17 0.10234375 0.67734375 0.10234375 0.084375
17 0.17890625 0.40703125 0.0953125 0.0640625
18 0.44609375 0.25703125 0.08671875 0.07421875
18 0.45078125 0.87421875 0.06796875 0.090625
19 0.59296875 0.16484375 0.06640625 0.0875
19 0.72890625 0.3328125 0.075 0.07734375
20 0.4703125 0.5453125 0.0765625 0.05859375
20 0.13828125 0.48046875 0.08515625 0.05078125
21 0.5859375 0.67421875 0.06640625 0.07421875
21 0.496875 0.496875 0.071875 0.06875
22 0.08984375 0.503125 0.06640625 0.16953125
23 0.409375 0.4796875 0.08515625 0.07265625