0 0.62421875 0.64375 0.23203125 0.22734375
0 0.37578125 0.4328125 0.19296875 0.2125
1 0.29921875 0.4109375 0.20859375 0.1203125
1 0.4953125 0.87109375 0.15546875 0.1859375
2 0.8265625 0.52578125 0.2265625 0.16328125
2 0.4265625 0.8078125 0.159375 0.1234375
3 0.153125 0.69140625 0.27421875 0.07578125
3 0.41484375 0.63515625 0.2640625 0.05234375
4 0.56875 0.0921875 0.21796875 0.13671875
4 0.271875 0.9234375 0.2421875 0.13203125
8 0.36875 0.784375 0.2 0.13671875
8 0.40546875 0.0984375 0.1875 0.10859375
9 0.2109375 0.86328125 0.159375 0.18984375
9 0.46796875 0.92890625 0.2109375 0.0953125
10 0.6171875 0.321875 0.06875 0.15625
10 0.77265625 0.2125 0.12578125 0.14296875
11 0.65859375 0.44609375 0.10234375 0.13359375
11 0.453125 0.67578125 0.1734375 0.059375
5 0.26796875 0.58828125 0.2 0.0625
5 0.8484375 0.4171875 0.19609375 0.04765625
6 0.6484375 0.16484375 0.12890625 0.1578125
6 0.87578125 0.3109375 0.1203125 0.14140625
7 0.74921875 0.77578125 0.06171875 0.184375
7 0.45078125 0.38359375 0.17890625 0.0953125
12 0.33359375 0.721875 0.15390625 0.08046875
12 0.1359375 0.2609375 0.12734375 0.14375
13 0.28671875 0.30078125 0.07421875 0.13515625
13 0.2578125 0.4140625 0.12578125 0.07265625
14 0.65546875 0.8328125 0.12578125 0.1140625
14 0.334375 0.3046875 0.05625 0.13671875
15 0.68046875 0.33203125 0.09375 0.096875
15 0.62734375 0.715625 0.05859375 0.1234375
16 0.35078125 0.20625 0.08515625 0.121875
16 0.48515625 0.5703125 0.08125 0.10390625
17 0.70859375 0.5234375 0.07578125 0.096875
17 0.89765625 0.65546875 0.11328125 0.10390625
18 0.14765625 0.51015625 0.065625 0.09921875
18 0.425 0.3171875 0.10625 0.05234375
19 0.7921875 0.37109375 0.0828125 0.07421875
19 0.40703125 0.590625 0.109375 0.0546875
20 0.840625 0.60390625 0.08515625 0.07578125
20 0.71875 0.309375 0.0671875 0.07421875
21 0.690625 0.60703125 0.08515625 0.07265625
21 0.83203125 0.725 0.07421875 0.0890625
22 0.56953125 0.4046875 0.08828125 0.15625
22 0.521875 0.49609375 0.19453125 0.06796875