0 0.58046875 0.6625 0.2125 0.08515625
0 0.1171875 0.490625 0.1140625 0.18203125
1 0.39609375 0.40703125 0.190625 0.0703125
1 0.3234375 0.81484375 0.1796875 0.096875
2 0.375 0.36796875 0.159375 0.11015625
2 0.21796875 0.7421875 0.0828125 0.13828125
3 0.43203125 0.38984375 0.11796875 0.153125
3 0.71484375 0.22421875 0.12265625 0.121875
4 0.7546875 0.52734375 0.13671875 0.09140625
4 0.31171875 0.18515625 0.06015625 0.1765625
8 0.3984375 0.665625 0.10703125 0.1046875
8 0.2765625 0.409375 0.096875 0.171875
9 0.909375 0.42421875 0.12109375 0.1453125
9 0.59453125 0.409375 0.0953125 0.1453125
10 0.61796875 0.12734375 0.128125 0.06796875
10 0.2125 0.44765625 0.0515625 0.13828125
11 0.36328125 0.24765625 0.10859375 0.075
11 0.68125 0.6078125 0.05859375 0.11796875
5 0.28984375 0.671875 0.08671875 0.11640625
5 0.35078125 0.7578125 0.0515625 0.128125
6 0.4796875 0.9234375 0.1125 0.10703125
6 0.6890625 0.834375 0.10078125 0.11171875
7 0.62421875 0.6109375 0.0765625 0.11796875
7 0.3484375 0.60859375 0.05859375 0.11640625
12 0.503125 0.071875 0.0796875 0.11015625
12 0.68125 0.36484375 0.08984375 0.08671875
13 0.165625 0.52890625 0.08515625 0.08203125
13 0.37421875 0.07265625 0.078125 0.09140625
14 0.54765625 0.1984375 0.084375 0.096875
14 0.5875 0.5796875 0.05546875 0.11640625
15 0.75546875 0.21015625 0.078125 0.08359375
15 0.52890625 0.57734375 0.046875 0.0984375
16 0.5078125 0.84296875 0.0609375 0.0796875
16 0.05859375 0.41015625 0.05703125 0.09296875
17 0.8296875 0.59140625 0.08671875 0.0765625
17 0.60859375 0.48203125 0.0515625 0.08984375
18 0.23203125 0.178125 0.06015625 0.0703125
18 0.42109375 0.15859375 0.06953125 0.06328125
19 0.50859375 0.3390625 0.07109375 0.06484375
19 0.6328125 0.85390625 0.0609375 0.071875
20 0.39765625 0.47421875 0.05703125 0.05859375
20 0.48671875 0.6890625 0.05546875 0.0546875
21 0.3875 0.646875 0.04296875 0.06640625
21 0.30390625 0.45859375 0.0609375 0.06328125
22 0.34296875 0.59765625 0.1328125 0.05859375
23 0.4640625 0.59765625 0.0625 0.05859375