0 0.93515625 0.60703125 0.0796875 0.23515625
0 0.35234375 0.3671875 0.17734375 0.10625
1 0.07421875 0.59921875 0.115625 0.1984375
1 0.39609375 0.4453125 0.1984375 0.05625
2 0.71015625 0.69296875 0.1328125 0.10234375
2 0.325 0.36875 0.1640625 0.04609375
3 0.48984375 0.90859375 0.165625 0.09140625
3 0.7265625 0.63515625 0.115625 0.1375
4 0.71875 0.259375 0.0890625 0.15234375
4 0.33828125 0.9328125 0.14921875 0.09921875
8 0.69375 0.39140625 0.1390625 0.09921875
8 0.1734375 0.81015625 0.0828125 0.15234375
9 0.553125 0.79140625 0.1125 0.0828125
9 0.4875 0.859375 0.14375 0.05625
10 0.3125 0.65546875 0.1078125 0.0890625
10 0.41640625 0.5171875 0.13203125 0.0515625
11 0.628125 0.321875 0.07578125 0.1109375
11 0.41953125 0.753125 0.12578125 0.04765625
5 0.5265625 0.70546875 0.12734375 0.04453125
5 0.6390625 0.59765625 0.12109375 0.06484375
6 0.56796875 0.16328125 0.04765625 0.1171875
6 0.5703125 0.24765625 0.078125 0.1140625
7 0.41171875 0.621875 0.06953125 0.1109375
7 0.7671875 0.4859375 0.12890625 0.0578125
12 0.49765625 0.61171875 0.04609375 0.10234375
12 0.30703125 0.71875 0.1109375 0.04453125
13 0.61796875 0.571875 0.06953125 0.1109375
13 0.56640625 0.4265625 0.04765625 0.09921875
14 0.390625 0.721875 0.09453125 0.053125
14 0.56015625 0.5484375 0.0609375 0.090625
15 0.68671875 0.46640625 0.0890625 0.0515625
15 0.65703125 0.534375 0.0859375 0.04609375
16 0.67265625 0.32578125 0.0484375 0.0828125
16 0.14921875 0.8015625 0.06796875 0.07109375
17 0.35859375 0.63046875 0.0515625 0.0796875
17 0.265625 0.0578125 0.06640625 0.0765625
18 0.54296875 0.6578125 0.0796875 0.0484375
18 0.465625 0.478125 0.0546875 0.06484375
19 0.43203125 0.57265625 0.05625 0.07109375
19 0.08828125 0.10390625 0.078125 0.06640625
20 0.68203125 0.6296875 0.04140625 0.0578125
20 0.56875 0.6078125 0.04296875 0.059375
21 0.359375 0.784375 0.04765625 0.06640625
21 0.48359375 0.546875 0.05625 0.06328125
22 0.3703125 0.88203125 0.08125 0.12578125
23 0.396875 0.690625 0.06640625 0.04140625