0 0.34453125 0.83046875 0.09375 0.2140625
0 0.81328125 0.3625 0.11171875 0.16171875
1 0.2078125 0.4515625 0.13515625 0.1578125
1 0.82265625 0.5125 0.13359375 0.159375
2 0.58828125 0.57421875 0.1140625 0.1421875
2 0.578125 0.3203125 0.1453125 0.10546875
3 0.27734375 0.275 0.1 0.1375
3 0.79921875 0.690625 0.16015625 0.05390625
4 0.87265625 0.39609375 0.06015625 0.140625
4 0.52890625 0.14765625 0.0984375 0.1359375
8 0.34453125 0.23125 0.13046875 0.09765625
8 0.521875 0.403125 0.06328125 0.1359375
9 0.25234375 0.34296875 0.0734375 0.1359375
9 0.715625 0.6921875 0.08359375 0.12109375
10 0.25390625 0.63203125 0.11015625 0.08125
10 0.14609375 0.821875 0.071875 0.12421875
11 0.68671875 0.8390625 0.08828125 0.10703125
11 0.546875 0.7453125 0.1171875 0.05625
5 0.53671875 0.2203125 0.1234375 0.0734375
5 0.61015625 0.10234375 0.13046875 0.0640625
6 0.43046875 0.71328125 0.06171875 0.10859375
6 0.10234375 0.69453125 0.08671875 0.11015625
7 0.94140625 0.44765625 0.06328125 0.11328125
7 0.646875 0.2015625 0.1203125 0.0640625
12 0.63359375 0.490625 0.08671875 0.0796875
12 0.70703125 0.5578125 0.053125 0.0859375
13 0.32109375 0.659375 0.04375 0.09140625
13 0.63125 0.3 0.0984375 0.04921875
14 0.4046875 0.5484375 0.1 0.0625
14 0.55859375 0.521875 0.10703125 0.05625
15 0.74609375 0.61484375 0.08671875 0.04609375
15 0.48046875 0.784375 0.06484375 0.0640625
16 0.675 0.13984375 0.0453125 0.08984375
16 0.64140625 0.65625 0.08515625 0.0578125
17 0.73046875 0.23203125 0.05703125 0.0734375
17 0.50703125 0.94140625 0.06328125 0.075
18 0.46171875 0.496875 0.0734375 0.0609375
18 0.61875 0.4 0.0703125 0.05625
19 0.20078125 0.22109375 0.053125 0.071875
19 0.71875 0.3640625 0.046875 0.0671875
20 0.75390625 0.540625 0.0671875 0.05078125
20 0.61875 0.44140625 0.0671875 0.03828125
21 0.34453125 0.35078125 0.08046875 0.04140625
21 0.15859375 0.24609375 0.053125 0.0703125
22 0.190625 0.634375 0.090625 0.09453125
23 0.76640625 0.0421875 0.0515625 0.059375