0 0.3953125 0.58828125 0.1375 0.2609375
0 0.61875 0.525 0.12890625 0.26640625
1 0.66640625 0.653125 0.159375 0.24140625
1 0.60546875 0.578125 0.18046875 0.125
2 0.128125 0.20078125 0.15625 0.17109375
2 0.675 0.70546875 0.1390625 0.17734375
3 0.1109375 0.5125 0.21328125 0.121875
3 0.7234375 0.3625 0.203125 0.06875
4 0.68125 0.265625 0.1234375 0.1640625
4 0.30625 0.1546875 0.11796875 0.2
8 0.46953125 0.31171875 0.18046875 0.121875
8 0.35703125 0.7515625 0.140625 0.165625
9 0.415625 0.10546875 0.11484375 0.1609375
9 0.5171875 0.8 0.14765625 0.14609375
10 0.42265625 0.95234375 0.14921875 0.0890625
10 0.340625 0.6265625 0.153125 0.07265625
11 0.50078125 0.4453125 0.15234375 0.059375
11 0.85546875 0.6578125 0.1421875 0.11796875
5 0.0484375 0.41015625 0.08203125 0.1671875
5 0.5359375 0.20625 0.140625 0.0703125
6 0.21328125 0.17109375 0.09375 0.15234375
6 0.54609375 0.1265625 0.08125 0.1671875
7 0.3578125 0.44375 0.14765625 0.0640625
7 0.81796875 0.52734375 0.096875 0.1578125
12 0.55625 0.165625 0.109375 0.08671875
12 0.6671875 0.24453125 0.10390625 0.11015625
13 0.27734375 0.4890625 0.11953125 0.065625
13 0.09140625 0.646875 0.0953125 0.11328125
14 0.56171875 0.43046875 0.11796875 0.07421875
14 0.36328125 0.86875 0.0625 0.134375
15 0.45234375 0.5828125 0.0640625 0.11328125
15 0.2953125 0.3484375 0.05703125 0.11953125
16 0.52734375 0.340625 0.08828125 0.08828125
16 0.7 0.63125 0.0796875 0.09375
17 0.69140625 0.48203125 0.07265625 0.1
17 0.35859375 0.3953125 0.08671875 0.06875
18 0.44921875 0.26640625 0.078125 0.07578125
18 0.49140625 0.565625 0.0453125 0.096875
19 0.81171875 0.4546875 0.06953125 0.08671875
19 0.19140625 0.37421875 0.05859375 0.0921875
20 0.9390625 0.39140625 0.0625 0.08515625
20 0.1015625 0.41328125 0.0640625 0.07578125
21 0.259375 0.40703125 0.0609375 0.07421875
21 0.57890625 0.72890625 0.046875 0.07734375
22 0.77578125 0.259375 0.15625 0.07734375
22 0.490625 0.89609375 0.18359375 0.05234375