0 0.25625 0.521875 0.11640625 0.24140625
0 0.66875 0.4375 0.15390625 0.1109375
1 0.32421875 0.89296875 0.11640625 0.13828125
1 0.825 0.63125 0.0875 0.17890625
2 0.325 0.70703125 0.15859375 0.125
2 0.2734375 0.33984375 0.1125 0.14609375
3 0.82265625 0.51171875 0.13984375 0.1234375
3 0.40625 0.678125 0.11640625 0.12578125
4 0.5359375 0.56875 0.0484375 0.17578125
4 0.86171875 0.47734375 0.10703125 0.08125
8 0.1 0.58203125 0.10703125 0.1015625
8 0.17109375 0.52578125 0.08515625 0.11953125
9 0.62734375 0.13125 0.06328125 0.13828125
9 0.3375 0.11484375 0.08359375 0.1453125
10 0.92734375 0.47421875 0.08515625 0.121875
10 0.62265625 0.25234375 0.08359375 0.11796875
11 0.34609375 0.5484375 0.13203125 0.0484375
11 0.29375 0.26796875 0.05859375 0.121875
5 0.4890625 0.36640625 0.09140625 0.090625
5 0.15546875 0.378125 0.0609375 0.1328125
6 0.76015625 0.38359375 0.09765625 0.09765625
6 0.48125 0.096875 0.05859375 0.09921875
7 0.11328125 0.2390625 0.09765625 0.13125
7 0.29140625 0.4109375 0.0484375 0.11953125
12 0.6671875 0.7859375 0.0734375 0.10546875
12 0.27265625 0.65390625 0.04609375 0.10703125
13 0.69296875 0.58359375 0.05 0.109375
13 0.65703125 0.7125 0.06328125 0.0703125
14 0.5234375 0.671875 0.09453125 0.059375
14 0.5875 0.54609375 0.0609375 0.103125
15 0.71875 0.275 0.05 0.07890625
15 0.23515625 0.31015625 0.08125 0.05703125
16 0.5828125 0.4671875 0.04765625 0.08828125
16 0.33671875 0.746875 0.08984375 0.05390625
17 0.1828125 0.190625 0.04375 0.09375
17 0.78046875 0.80390625 0.08515625 0.0484375
18 0.6859375 0.22265625 0.0390625 0.0796875
18 0.44296875 0.25859375 0.03984375 0.08125
19 0.70390625 0.190625 0.0453125 0.07734375
19 0.4328125 0.38359375 0.0515625 0.0703125
20 0.74296875 0.49921875 0.0625 0.05
20 0.540625 0.9359375 0.06015625 0.05546875
21 0.3796875 0.3390625 0.06484375 0.05703125
21 0.51328125 0.89609375 0.0671875 0.05546875
22 0.64296875 0.3875 0.0625 0.14921875
23 0.51015625 0.03125 0.04140625 0.059375