0 0.34765625 0.6859375 0.25390625 0.125
0 0.19296875 0.659375 0.11171875 0.2078125
1 0.86640625 0.684375 0.1359375 0.1625
1 0.246875 0.67421875 0.1640625 0.165625
2 0.28359375 0.8453125 0.15078125 0.103125
2 0.38359375 0.76171875 0.1640625 0.07109375
3 0.071875 0.49140625 0.096875 0.19921875
3 0.52890625 0.29375 0.15234375 0.084375
4 0.628125 0.29921875 0.12734375 0.11171875
4 0.7765625 0.5796875 0.1828125 0.0609375
8 0.50078125 0.7625 0.1234375 0.15
8 0.44453125 0.54765625 0.11328125 0.1046875
9 0.390625 0.7640625 0.1171875 0.1265625
9 0.678125 0.85703125 0.08828125 0.13359375
10 0.24140625 0.46875 0.1375 0.1234375
10 0.86796875 0.67421875 0.06796875 0.09140625
11 0.86328125 0.55390625 0.1203125 0.1078125
11 0.3375 0.60625 0.1015625 0.1015625
5 0.703125 0.44140625 0.12890625 0.0828125
5 0.2328125 0.79140625 0.140625 0.0796875
6 0.7703125 0.68046875 0.13046875 0.09140625
6 0.37265625 0.8921875 0.0609375 0.15234375
7 0.80625 0.3359375 0.059375 0.13203125
7 0.359375 0.8953125 0.0984375 0.0875
12 0.2890625 0.86796875 0.059375 0.15234375
12 0.68359375 0.525 0.06953125 0.1078125
13 0.32890625 0.4859375 0.07109375 0.10625
13 0.259375 0.62578125 0.078125 0.1
14 0.77734375 0.3859375 0.10703125 0.103125
14 0.7390625 0.7625 0.08828125 0.11015625
15 0.7875 0.61796875 0.096875 0.08125
15 0.71328125 0.378125 0.0578125 0.1046875
16 0.303125 0.03359375 0.08828125 0.0671875
16 0.48046875 0.9453125 0.10703125 0.07265625
17 0.578125 0.8 0.05078125 0.103125
17 0.946875 0.5953125 0.07265625 0.06953125
18 0.56171875 0.93125 0.0828125 0.0796875
18 0.8296875 0.3265625 0.04921875 0.0828125
19 0.753125 0.87890625 0.08671875 0.07265625
19 0.73828125 0.5203125 0.0796875 0.07421875
20 0.91953125 0.62578125 0.06640625 0.0625
20 0.8515625 0.4734375 0.04921875 0.07578125
21 0.74140625 0.321875 0.07265625 0.0421875
21 0.12265625 0.4671875 0.05625 0.0796875
22 0.8859375 0.28359375 0.09296875 0.13828125
23 0.40703125 0.69140625 0.09140625 0.0453125