0 0.465625 0.21328125 0.0765625 0.134375
0 0.16953125 0.44375 0.08828125 0.11171875
1 0.2375 0.7203125 0.096875 0.0921875
1 0.17578125 0.56796875 0.0734375 0.17578125
2 0.4375 0.28359375 0.1125 0.09765625
2 0.228125 0.6109375 0.115625 0.12734375
3 0.225 0.321875 0.08515625 0.109375
3 0.10546875 0.61875 0.10546875 0.06015625
4 0.453125 0.43515625 0.05390625 0.12734375
4 0.7140625 0.95703125 0.1125 0.07890625
8 0.6953125 0.94140625 0.15234375 0.05625
8 0.36640625 0.171875 0.0796875 0.07109375
9 0.08125 0.54765625 0.0921875 0.06875
9 0.4421875 0.34296875 0.07890625 0.0515625
10 0.4 0.171875 0.05859375 0.09140625
10 0.32421875 0.18203125 0.0875 0.07890625
11 0.08515625 0.46171875 0.10625 0.0515625
11 0.28359375 0.0546875 0.08515625 0.07421875
5 0.29453125 0.45390625 0.06484375 0.0953125
5 0.115625 0.4453125 0.090625 0.05
6 0.54765625 0.40234375 0.04375 0.11171875
6 0.2484375 0.5234375 0.11484375 0.08515625
7 0.7796875 0.375 0.09921875 0.0875
7 0.36953125 0.7640625 0.096875 0.096875
12 0.84140625 0.859375 0.10234375 0.05859375
12 0.47578125 0.29609375 0.0703125 0.07109375
13 0.15390625 0.75078125 0.08828125 0.05390625
13 0.08046875 0.77421875 0.09140625 0.0546875
14 0.1421875 0.56796875 0.05390625 0.06796875
14 0.92578125 0.52578125 0.0734375 0.08515625
15 0.2296875 0.6765625 0.05546875 0.0609375
15 0.20703125 0.5421875 0.03828125 0.0765625
16 0.61171875 0.3453125 0.07734375 0.04765625
16 0.325 0.16015625 0.0421875 0.05390625
17 0.7625 0.95859375 0.05234375 0.0640625
17 0.29453125 0.2125 0.07109375 0.05703125
18 0.24375 0.15390625 0.05859375 0.04609375
18 0.459375 0.54140625 0.05546875 0.04765625
19 0.37578125 0.24765625 0.03515625 0.0546875
19 0.253125 0.89140625 0.0640625 0.03984375
20 0.5078125 0.29765625 0.04765625 0.04296875
20 0.48828125 0.5109375 0.03515625 0.04140625
21 0.44140625 0.16484375 0.04921875 0.04296875
21 0.46640625 0.496875 0.0640625 0.04453125
22 0.39609375 0.403125 0.10078125 0.075
22 0.403125 0.4484375 0.0609375 0.090625