0 0.5421875 0.59296875 0.20234375 0.1140625
0 0.82109375 0.296875 0.090625 0.2203125
1 0.74296875 0.396875 0.090625 0.19765625
1 0.54609375 0.41640625 0.1296875 0.1328125
2 0.45 0.6890625 0.0875 0.16328125
2 0.7046875 0.471875 0.09765625 0.15625
3 0.3703125 0.62890625 0.0765625 0.159375
3 0.5375 0.63828125 0.0875 0.14296875
4 0.09296875 0.57578125 0.07421875 0.16484375
4 0.39921875 0.9515625 0.184375 0.0703125
8 0.26640625 0.634375 0.0890625 0.1578125
8 0.2453125 0.109375 0.10859375 0.14453125
9 0.73125 0.6734375 0.065625 0.140625
9 0.52421875 0.42734375 0.08125 0.12734375
10 0.559375 0.4109375 0.13984375 0.053125
10 0.925 0.2078125 0.1421875 0.0546875
11 0.7609375 0.8796875 0.1328125 0.06640625
11 0.78671875 0.13828125 0.128125 0.06875
5 0.13515625 0.5171875 0.0640625 0.1296875
5 0.496875 0.7390625 0.12421875 0.0609375
6 0.63671875 0.190625 0.07109375 0.11953125
6 0.51796875 0.209375 0.09375 0.11171875
7 0.46171875 0.475 0.06953125 0.1140625
7 0.75625 0.36171875 0.11015625 0.08359375
12 0.58984375 0.6609375 0.08359375 0.0890625
12 0.31640625 0.67890625 0.11171875 0.05859375
13 0.56953125 0.88828125 0.11328125 0.06640625
13 0.5875 0.84765625 0.11171875 0.06328125
14 0.3953125 0.0578125 0.06015625 0.09921875
14 0.23203125 0.44765625 0.0546875 0.096875
15 0.34375 0.0859375 0.0796875 0.0875
15 0.68671875 0.31640625 0.04609375 0.0859375
16 0.50078125 0.34453125 0.05546875 0.0859375
16 0.48359375 0.29140625 0.08359375 0.07265625
17 0.35234375 0.23828125 0.08203125 0.059375
17 0.30859375 0.8421875 0.06953125 0.08515625
18 0.62734375 0.4578125 0.05546875 0.071875
18 0.4265625 0.8828125 0.0890625 0.04609375
19 0.5890625 0.5609375 0.04296875 0.07421875
19 0.49609375 0.86484375 0.0515625 0.07421875
20 0.67421875 0.096875 0.06015625 0.05859375
20 0.66328125 0.45625 0.040625 0.05546875
21 0.2609375 0.6921875 0.0390625 0.071875
21 0.06796875 0.4078125 0.065625 0.07578125
22 0.834375 0.5171875 0.090625 0.121875