0 0.234375 0.30390625 0.0625 0.15
0 0.4625 0.68125 0.11171875 0.0453125
1 0.33125 0.7609375 0.059375 0.1375
1 0.06953125 0.428125 0.0359375 0.15703125
2 0.1828125 0.4203125 0.09453125 0.06875
2 0.46640625 0.759375 0.0328125 0.125
3 0.3625 0.275 0.0546875 0.12109375
3 0.265625 0.84375 0.07265625 0.10234375
4 0.5828125 0.41328125 0.0734375 0.1078125
4 0.11171875 0.72890625 0.03125 0.12109375
8 0.51015625 0.52421875 0.075 0.08828125
8 0.25234375 0.40703125 0.05 0.109375
9 0.56640625 0.60078125 0.06640625 0.08828125
9 0.12734375 0.684375 0.06328125 0.08671875
10 0.828125 0.3921875 0.05078125 0.10078125
10 0.37421875 0.6609375 0.06640625 0.040625
11 0.278125 0.446875 0.03125 0.0953125
11 0.40859375 0.34765625 0.075 0.05234375
5 0.171875 0.93125 0.06796875 0.059375
5 0.90546875 0.6578125 0.053125 0.096875
6 0.15234375 0.64765625 0.04765625 0.08671875
6 0.9484375 0.05703125 0.06953125 0.09140625
7 0.05078125 0.7140625 0.0671875 0.06328125
7 0.52578125 0.8921875 0.07265625 0.0546875
12 0.315625 0.64375 0.0671875 0.05234375
12 0.35625 0.40546875 0.03046875 0.0828125
13 0.51484375 0.42421875 0.03125 0.084375
13 0.36953125 0.54453125 0.0375 0.0828125
14 0.3765625 0.60703125 0.0375 0.0703125
14 0.265625 0.75390625 0.04765625 0.05625
15 0.20625 0.50625 0.03359375 0.06875
15 0.25625 0.92734375 0.04609375 0.0578125
16 0.22890625 0.51015625 0.03671875 0.06875
16 0.12421875 0.46171875 0.05078125 0.0453125
17 0.66015625 0.69375 0.04296875 0.06484375
17 0.3734375 0.7109375 0.0375 0.05625
18 0.3578125 0.73984375 0.0390625 0.0453125
18 0.3171875 0.52578125 0.03359375 0.06328125
19 0.49375 0.753125 0.0375 0.053125
19 0.18515625 0.3375 0.04453125 0.040625
20 0.778125 0.4078125 0.040625 0.04921875
20 0.28984375 0.72421875 0.02734375 0.05234375
21 0.46015625 0.65546875 0.0359375 0.04609375
21 0.29453125 0.9515625 0.03046875 0.0578125
22 0.40390625 0.584375 0.05390625 0.09296875
22 0.47578125 0.42578125 0.05625 0.0984375