0 0.46171875 0.2671875 0.225 0.1515625
0 0.7765625 0.67578125 0.0921875 0.29296875
1 0.4265625 0.06328125 0.28046875 0.0875
1 0.68828125 0.56171875 0.26484375 0.15234375
2 0.65859375 0.91953125 0.11640625 0.15546875
2 0.2640625 0.16171875 0.215625 0.1015625
3 0.5875 0.8265625 0.13359375 0.1828125
3 0.74921875 0.30390625 0.165625 0.096875
4 0.24375 0.68203125 0.1625 0.14296875
4 0.1546875 0.3296875 0.0828125 0.184375
8 0.38515625 0.7109375 0.1703125 0.12890625
8 0.71328125 0.58046875 0.18984375 0.109375
9 0.19375 0.55234375 0.17578125 0.0765625
9 0.47890625 0.48203125 0.12109375 0.1484375
10 0.5671875 0.78125 0.1703125 0.0859375
10 0.7265625 0.4 0.0875 0.13984375
11 0.28515625 0.29296875 0.1375 0.0640625
11 0.42578125 0.378125 0.11015625 0.1515625
5 0.60625 0.73359375 0.153125 0.06640625
5 0.8359375 0.709375 0.0703125 0.1625
6 0.75078125 0.21171875 0.09609375 0.1234375
6 0.83359375 0.37890625 0.1609375 0.0859375
7 0.30546875 0.4109375 0.12421875 0.09296875
7 0.30546875 0.253125 0.1484375 0.09296875
12 0.6828125 0.528125 0.10703125 0.109375
12 0.4953125 0.96484375 0.1453125 0.059375
13 0.5609375 0.44296875 0.13359375 0.07109375
13 0.66875 0.25 0.11796875 0.05546875
14 0.4328125 0.2515625 0.065625 0.1125
14 0.709375 0.46796875 0.146875 0.05703125
15 0.33671875 0.46171875 0.11953125 0.05
15 0.228125 0.62265625 0.09765625 0.07734375
16 0.225 0.34453125 0.0734375 0.08203125
16 0.29921875 0.2546875 0.090625 0.08203125
17 0.60078125 0.28125 0.09921875 0.05546875
17 0.46015625 0.58359375 0.090625 0.07890625
18 0.9125 0.36171875 0.10703125 0.046875
18 0.4515625 0.50546875 0.05546875 0.08984375
19 0.55234375 0.3375 0.09609375 0.04609375
19 0.115625 0.31640625 0.05078125 0.0859375
20 0.72109375 0.75546875 0.05546875 0.0765625
20 0.48203125 0.371875 0.0765625 0.04140625
21 0.5734375 0.5390625 0.078125 0.07109375
21 0.3890625 0.17578125 0.0765625 0.06953125
22 0.10234375 0.20546875 0.10078125 0.1609375
22 0.56953125 0.69296875 0.15625 0.06484375