0 0.9 0.46796875 0.11640625 0.23515625
0 0.171875 0.30234375 0.1375 0.175
1 0.6296875 0.15234375 0.2171875 0.1
1 0.3578125 0.15859375 0.18515625 0.16640625
2 0.17578125 0.68515625 0.11796875 0.17890625
2 0.2296875 0.8 0.13203125 0.14609375
3 0.6046875 0.53125 0.1796875 0.24609375
3 0.42578125 0.21328125 0.18671875 0.19375
4 0.1203125 0.54140625 0.15234375 0.15
4 0.30625 0.79140625 0.08984375 0.225
8 0.896875 0.38203125 0.13359375 0.13984375
8 0.70703125 0.884375 0.2078125 0.11484375
9 0.228125 0.37421875 0.1203125 0.16484375
9 0.78515625 0.68515625 0.09375 0.13359375
10 0.43359375 0.60390625 0.1296875 0.19140625
10 0.72109375 0.67578125 0.053125 0.19375
11 0.11796875 0.4625 0.06484375 0.19609375
11 0.35703125 0.44453125 0.11484375 0.13515625
5 0.31953125 0.40078125 0.1203125 0.13515625
5 0.42265625 0.27109375 0.08984375 0.15390625
6 0.865625 0.715625 0.15078125 0.13515625
6 0.7296875 0.33125 0.13203125 0.11640625
7 0.64921875 0.32578125 0.11484375 0.18984375
7 0.546875 0.87265625 0.1390625 0.10859375
12 0.50859375 0.82421875 0.10078125 0.13515625
12 0.325 0.26328125 0.08984375 0.12734375
13 0.78125 0.26796875 0.128125 0.10234375
13 0.4046875 0.51015625 0.08046875 0.1125
14 0.9015625 0.63984375 0.1203125 0.07109375
14 0.65390625 0.5875 0.1203125 0.0625
15 0.61953125 0.6875 0.10078125 0.09609375
15 0.83125 0.50859375 0.06328125 0.125
16 0.42265625 0.6 0.10859375 0.07890625
16 0.72421875 0.49765625 0.1046875 0.075
17 0.22890625 0.52109375 0.09921875 0.07890625
17 0.28125 0.59609375 0.08203125 0.1
18 0.565625 0.48125 0.0703125 0.08359375
18 0.51171875 0.31015625 0.103125 0.0625
19 0.50859375 0.384375 0.0703125 0.08984375
19 0.72421875 0.49765625 0.1046875 0.075
20 0.6421875 0.8625 0.0703125 0.06640625
20 0.6453125 0.22109375 0.06484375 0.08359375
21 0.340625 0.54609375 0.0703125 0.075
21 0.3890625 0.68125 0.05703125 0.09609375
22 0.4046875 0.82890625 0.11796875 0.17890625
22 0.40078125 0.91875 0.17578125 0.09609375