0 0.31015625 0.4671875 0.09375 0.1046875
0 0.3265625 0.48359375 0.05625 0.1875
1 0.37890625 0.52109375 0.06875 0.14765625
1 0.365625 0.83515625 0.06484375 0.1546875
2 0.77890625 0.8421875 0.0375 0.146875
2 0.66015625 0.965625 0.103125 0.06640625
3 0.35859375 0.2453125 0.08515625 0.08515625
3 0.6953125 0.49375 0.05390625 0.1234375
4 0.41484375 0.1234375 0.04375 0.12421875
4 0.6015625 0.334375 0.090625 0.05625
8 0.65390625 0.4546875 0.05 0.10234375
8 0.50234375 0.665625 0.0453125 0.1109375
9 0.83984375 0.44453125 0.05703125 0.11328125
9 0.53984375 0.49453125 0.0390625 0.10625
10 0.73515625 0.3046875 0.08046875 0.06640625
10 0.54921875 0.7203125 0.05625 0.0828125
11 0.56796875 0.80625 0.0671875 0.075
11 0.34453125 0.034375 0.05625 0.06640625
5 0.41796875 0.35390625 0.07109375 0.06171875
5 0.625 0.66328125 0.0578125 0.0734375
6 0.69375 0.50859375 0.05390625 0.0828125
6 0.5578125 0.609375 0.0359375 0.0859375
7 0.7125 0.6921875 0.04921875 0.0921875
7 0.62421875 0.50859375 0.07265625 0.0359375
12 0.49375 0.3625 0.06171875 0.03984375
12 0.48828125 0.4125 0.0625 0.0390625
13 0.7 0.590625 0.03125 0.07890625
13 0.37265625 0.63125 0.05859375 0.0359375
14 0.2734375 0.0734375 0.034375 0.0796875
14 0.45625 0.4546875 0.06015625 0.04765625
15 0.690625 0.8546875 0.0328125 0.0640625
15 0.66875 0.8171875 0.05 0.04296875
16 0.51953125 0.7765625 0.02578125 0.07109375
16 0.6609375 0.88046875 0.028125 0.07109375
17 0.60859375 0.46953125 0.0453125 0.046875
17 0.2390625 0.0765625 0.04921875 0.04375
18 0.66328125 0.675 0.02578125 0.0578125
18 0.48671875 0.7359375 0.04296875 0.046875
19 0.61328125 0.69453125 0.03984375 0.046875
19 0.3640625 0.73125 0.03984375 0.0515625
20 0.18359375 0.19453125 0.03125 0.05390625
20 0.6046875 0.61796875 0.0390625 0.0328125
21 0.5796875 0.771875 0.0375 0.0328125
21 0.59375 0.72890625 0.02578125 0.04765625
22 0.7140625 0.928125 0.06953125 0.07734375
23 0.42265625 0.39453125 0.02734375 0.046875