0 0.2390625 0.6671875 0.1890625 0.1828125
0 0.45390625 0.65625 0.17734375 0.21953125
1 0.76171875 0.34140625 0.12421875 0.2765625
1 0.56015625 0.4859375 0.10234375 0.18671875
2 0.45390625 0.89140625 0.2125 0.184375
2 0.2546875 0.0875 0.2203125 0.10546875
3 0.46484375 0.10859375 0.18359375 0.1
3 0.096875 0.5 0.07109375 0.265625
4 0.45 0.41171875 0.16015625 0.121875
4 0.40703125 0.6921875 0.11328125 0.203125
8 0.61484375 0.340625 0.09140625 0.20078125
8 0.2984375 0.23515625 0.13515625 0.14609375
9 0.62734375 0.6921875 0.14765625 0.13671875
9 0.74765625 0.3203125 0.10234375 0.19375
10 0.3546875 0.68046875 0.07421875 0.18828125
10 0.221875 0.41640625 0.15703125 0.11640625
11 0.540625 0.30078125 0.06953125 0.16953125
11 0.9171875 0.66640625 0.09921875 0.14765625
5 0.54453125 0.1796875 0.14921875 0.090625
5 0.14921875 0.74453125 0.15390625 0.1125
6 0.73671875 0.6421875 0.08046875 0.16953125
6 0.45078125 0.3265625 0.209375 0.1109375
7 0.67421875 0.20234375 0.09765625 0.1640625
7 0.66640625 0.89375 0.14765625 0.09375
12 0.35703125 0.07578125 0.12578125 0.09609375
12 0.72890625 0.61640625 0.13984375 0.07734375
13 0.6484375 0.46015625 0.11484375 0.071875
13 0.4328125 0.496875 0.09609375 0.12734375
14 0.25390625 0.7859375 0.09296875 0.12890625
14 0.4234375 0.8078125 0.10234375 0.12890625
15 0.49609375 0.6484375 0.12421875 0.06484375
15 0.36484375 0.896875 0.10703125 0.08515625
16 0.421875 0.45078125 0.0515625 0.1203125
16 0.678125 0.3375 0.07421875 0.1
17 0.19921875 0.253125 0.09921875 0.08125
17 0.15 0.48515625 0.0609375 0.121875
18 0.54375 0.56484375 0.08203125 0.1
18 0.41875 0.246875 0.09296875 0.0703125
19 0.66328125 0.5796875 0.08828125 0.08125
19 0.378125 0.48515625 0.06796875 0.10703125
20 0.83984375 0.67421875 0.059375 0.0796875
20 0.48125 0.21796875 0.05625 0.0921875
21 0.83515625 0.603125 0.07578125 0.09609375
21 0.77265625 0.7453125 0.07109375 0.07734375
22 0.53828125 0.76953125 0.09609375 0.1921875
23 0.8640625 0.73828125 0.0546875 0.1