0 0.78828125 0.765625 0.18046875 0.253125
0 0.5015625 0.73203125 0.16171875 0.1578125
1 0.334375 0.78359375 0.2046875 0.24140625
1 0.51328125 0.42734375 0.13125 0.2953125
2 0.78125 0.36484375 0.165625 0.19453125
2 0.84609375 0.66875 0.09296875 0.2640625
3 0.15703125 0.55546875 0.171875 0.16640625
3 0.3203125 0.534375 0.19140625 0.06953125
4 0.16484375 0.26328125 0.1828125 0.11953125
4 0.50390625 0.7328125 0.16484375 0.14921875
8 0.70546875 0.90546875 0.1828125 0.1234375
8 0.32734375 0.1671875 0.19140625 0.08828125
9 0.4734375 0.51328125 0.1515625 0.1375
9 0.49140625 0.29609375 0.1359375 0.13046875
10 0.87734375 0.78125 0.08046875 0.159375
10 0.91953125 0.5703125 0.08125 0.16484375
11 0.3203125 0.24375 0.13984375 0.078125
11 0.2796875 0.13359375 0.153125 0.07265625
5 0.7421875 0.21171875 0.13125 0.11796875
5 0.48828125 0.6953125 0.053125 0.18203125
6 0.71015625 0.3859375 0.05859375 0.171875
6 0.3640625 0.2953125 0.121875 0.153125
7 0.3765625 0.390625 0.134375 0.096875
7 0.60625 0.37421875 0.09296875 0.14375
12 0.49140625 0.1109375 0.13046875 0.08359375
12 0.64609375 0.71953125 0.0875 0.1125
13 0.46171875 0.1765625 0.1203125 0.0640625
13 0.59453125 0.36171875 0.06171875 0.140625
14 0.8140625 0.40703125 0.071875 0.13359375
14 0.2875 0.765625 0.0890625 0.13515625
15 0.71328125 0.62421875 0.09296875 0.0953125
15 0.790625 0.29609375 0.1046875 0.0640625
16 0.23359375 0.375 0.11015625 0.05234375
16 0.61640625 0.22734375 0.06015625 0.128125
17 0.190625 0.72734375 0.1 0.0625
17 0.565625 0.0984375 0.0875 0.08828125
18 0.49140625 0.3796875 0.0703125 0.08125
18 0.0671875 0.41640625 0.06328125 0.08359375
19 0.59765625 0.61953125 0.0515625 0.096875
19 0.409375 0.59921875 0.07734375 0.06953125
20 0.8234375 0.575 0.04453125 0.09375
20 0.54765625 0.653125 0.07421875 0.0484375
21 0.46796875 0.26875 0.07734375 0.07265625
21 0.65625 0.35390625 0.05 0.0765625
22 0.646875 0.71796875 0.103125 0.13046875
23 0.65546875 0.42890625 0.0546875 0.08359375