0 0.54140625 0.41328125 0.09140625 0.11484375
0 0.1828125 0.56015625 0.2171875 0.04453125
1 0.4109375 0.31796875 0.1234375 0.128125
1 0.51640625 0.2328125 0.20546875 0.078125
2 0.3453125 0.24453125 0.06171875 0.1328125
2 0.63671875 0.36484375 0.08203125 0.1296875
3 0.08203125 0.16328125 0.06171875 0.13125
3 0.4078125 0.48671875 0.121875 0.08671875
4 0.084375 0.95234375 0.121875 0.07265625
4 0.1890625 0.52109375 0.14140625 0.04609375
8 0.5140625 0.87109375 0.1015625 0.09140625
8 0.275 0.03984375 0.1234375 0.0625
9 0.2625 0.54375 0.1015625 0.09296875
9 0.4765625 0.07421875 0.12578125 0.040625
10 0.3796875 0.0546875 0.12421875 0.03203125
10 0.65390625 0.30546875 0.09921875 0.05546875
11 0.2359375 0.2203125 0.0796875 0.071875
11 0.4796875 0.2765625 0.0421875 0.090625
5 0.3171875 0.1828125 0.10546875 0.065625
5 0.91640625 0.2703125 0.10234375 0.096875
6 0.5671875 0.29609375 0.11015625 0.059375
6 0.41875 0.49453125 0.09375 0.05625
7 0.2640625 0.11484375 0.1015625 0.05703125
7 0.57578125 0.3390625 0.0578125 0.08359375
12 0.3546875 0.50859375 0.06015625 0.07265625
12 0.45859375 0.04453125 0.05234375 0.07265625
13 0.27734375 0.06015625 0.07734375 0.06171875
13 0.16328125 0.58671875 0.0734375 0.05625
14 0.6078125 0.48203125 0.10390625 0.04453125
14 0.22109375 0.20390625 0.0640625 0.07109375
15 0.16328125 0.23125 0.059375 0.06328125
15 0.33671875 0.09921875 0.0421875 0.0625
16 0.41328125 0.2765625 0.05625 0.06640625
16 0.078125 0.578125 0.05625 0.06796875
17 0.10234375 0.215625 0.04140625 0.06015625
17 0.36875 0.08984375 0.0421875 0.05546875
18 0.28125 0.2375 0.05390625 0.04453125
18 0.275 0.3390625 0.059375 0.04453125
19 0.3390625 0.56796875 0.04609375 0.05625
19 0.23046875 0.278125 0.0578125 0.04140625
20 0.41484375 0.1796875 0.0484375 0.040625
20 0.48046875 0.0921875 0.06171875 0.03046875
21 0.4640625 0.45703125 0.03984375 0.04453125
21 0.196875 0.2703125 0.05234375 0.04453125
22 0.30859375 0.5421875 0.0578125 0.09765625
23 0.50859375 0.2890625 0.03359375 0.04375