0 0.4953125 0.37734375 0.1890625 0.22421875
0 0.37734375 0.49921875 0.228125 0.221875
1 0.3921875 0.58828125 0.2 0.184375
1 0.70546875 0.09765625 0.20859375 0.15234375
2 0.43671875 0.9203125 0.24375 0.0859375
2 0.50078125 0.28046875 0.11640625 0.17265625
3 0.88046875 0.54921875 0.11328125 0.165625
3 0.3125 0.29765625 0.15 0.17734375
4 0.90859375 0.6859375 0.12734375 0.140625
4 0.52109375 0.74609375 0.1890625 0.09921875
8 0.27734375 0.4296875 0.16640625 0.09296875
8 0.79375 0.28515625 0.1859375 0.1125
9 0.56328125 0.25625 0.15 0.11796875
9 0.67578125 0.61640625 0.06328125 0.19765625
10 0.1671875 0.553125 0.140625 0.06796875
10 0.23515625 0.26171875 0.08203125 0.11640625
11 0.69296875 0.55234375 0.1421875 0.0765625
11 0.24453125 0.5 0.134375 0.08828125
5 0.115625 0.51171875 0.10859375 0.078125
5 0.53203125 0.17265625 0.05625 0.14296875
6 0.60390625 0.59140625 0.11328125 0.134375
6 0.50703125 0.14453125 0.10625 0.12578125
7 0.4234375 0.62265625 0.1328125 0.11796875
7 0.1453125 0.29375 0.06171875 0.159375
12 0.84765625 0.67734375 0.05625 0.12109375
12 0.85703125 0.40390625 0.11171875 0.06171875
13 0.42578125 0.50234375 0.12109375 0.09296875
13 0.35859375 0.83671875 0.11953125 0.06796875
14 0.06953125 0.43828125 0.08046875 0.10078125
14 0.84296875 0.35078125 0.12890625 0.06484375
15 0.37421875 0.7578125 0.0984375 0.09296875
15 0.4140625 0.6875 0.10859375 0.06171875
16 0.57578125 0.67109375 0.06328125 0.10078125
16 0.7 0.7734375 0.11171875 0.0515625
17 0.515625 0.875 0.07421875 0.084375
17 0.29921875 0.7453125 0.08046875 0.09140625
18 0.68203125 0.3890625 0.06484375 0.08125
18 0.23203125 0.6796875 0.07890625 0.06328125
19 0.58828125 0.19296875 0.08046875 0.0578125
19 0.48671875 0.63671875 0.08203125 0.053125
20 0.25546875 0.453125 0.06484375 0.053125
20 0.375 0.4296875 0.0484375 0.0765625
21 0.15546875 0.71015625 0.06796875 0.0796875
21 0.75546875 0.81796875 0.06953125 0.06640625
22 0.303125 0.23046875 0.140625 0.11640625
22 0.42734375 0.39375 0.0890625 0.140625