0 0.22421875 0.60546875 0.18359375 0.19765625
0 0.58046875 0.6140625 0.2375 0.1328125
1 0.71796875 0.46640625 0.1203125 0.221875
1 0.221875 0.51953125 0.234375 0.1203125
2 0.6296875 0.78671875 0.15 0.14765625
2 0.1703125 0.66875 0.0921875 0.18046875
3 0.3796875 0.146875 0.17265625 0.109375
3 0.159375 0.20234375 0.15234375 0.15546875
4 0.38203125 0.68203125 0.1171875 0.171875
4 0.89453125 0.453125 0.06640625 0.1859375
8 0.31328125 0.78671875 0.09921875 0.15078125
8 0.55625 0.82734375 0.09921875 0.15546875
9 0.63359375 0.171875 0.1453125 0.1140625
9 0.55546875 0.23125 0.06484375 0.15546875
10 0.090625 0.328125 0.12421875 0.1109375
10 0.74609375 0.64453125 0.0734375 0.13671875
11 0.7859375 0.421875 0.12265625 0.109375
11 0.23046875 0.325 0.1359375 0.0734375
5 0.4109375 0.09453125 0.14140625 0.0703125
5 0.2875 0.7609375 0.12890625 0.1046875
6 0.665625 0.2703125 0.1359375 0.07421875
6 0.246875 0.6921875 0.08203125 0.0921875
7 0.459375 0.93046875 0.1359375 0.08828125
7 0.571875 0.8390625 0.146875 0.07734375
12 0.21640625 0.525 0.084375 0.1046875
12 0.26875 0.05546875 0.1296875 0.0515625
13 0.446875 0.22421875 0.11171875 0.053125
13 0.26875 0.4078125 0.05234375 0.11640625
14 0.3296875 0.359375 0.05546875 0.1015625
14 0.5390625 0.44453125 0.103125 0.06796875
15 0.178125 0.4125 0.09921875 0.06640625
15 0.36640625 0.4296875 0.075 0.08125
16 0.50859375 0.7765625 0.09609375 0.0484375
16 0.6546875 0.2171875 0.09765625 0.04453125
17 0.51953125 0.559375 0.07890625 0.06796875
17 0.4765625 0.5234375 0.04921875 0.08515625
18 0.38359375 0.77109375 0.0609375 0.0703125
18 0.415625 0.56875 0.06953125 0.0703125
19 0.6140625 0.68515625 0.06484375 0.071875
19 0.2734375 0.84140625 0.0609375 0.07890625
20 0.4421875 0.2609375 0.0765625 0.04765625
20 0.4046875 0.47890625 0.05546875 0.06875
21 0.57265625 0.3890625 0.07734375 0.04609375
21 0.21640625 0.2609375 0.06796875 0.05859375
22 0.66953125 0.65703125 0.11875 0.1328125
22 0.8484375 0.671875 0.12265625 0.121875