0 0.33359375 0.53515625 0.203125 0.1
0 0.5734375 0.4953125 0.09296875 0.1796875
1 0.11015625 0.3828125 0.15234375 0.13671875
1 0.23984375 0.84140625 0.10703125 0.16015625
2 0.61015625 0.25078125 0.1125 0.1328125
2 0.8921875 0.2515625 0.17734375 0.06015625
3 0.253125 0.828125 0.165625 0.0875
3 0.87578125 0.28515625 0.078125 0.13203125
4 0.484375 0.09375 0.134375 0.10078125
4 0.23671875 0.7609375 0.14921875 0.07421875
8 0.18671875 0.090625 0.090625 0.13046875
8 0.35078125 0.66328125 0.14140625 0.08515625
9 0.32265625 0.90625 0.14375 0.0625
9 0.51875 0.94453125 0.1484375 0.05234375
10 0.7890625 0.19296875 0.0796875 0.090625
10 0.57109375 0.51484375 0.121875 0.05703125
11 0.334375 0.3734375 0.09453125 0.10078125
11 0.54765625 0.05546875 0.1265625 0.046875
5 0.8421875 0.16796875 0.0546875 0.1078125
5 0.13671875 0.578125 0.103125 0.08515625
6 0.80859375 0.53046875 0.0921875 0.08671875
6 0.86015625 0.346875 0.11796875 0.06796875
7 0.521875 0.4203125 0.09765625 0.08671875
7 0.53828125 0.83671875 0.053125 0.109375
12 0.79296875 0.5828125 0.0984375 0.059375
12 0.1625 0.48828125 0.08671875 0.08203125
13 0.725 0.18671875 0.0703125 0.08828125
13 0.365625 0.5453125 0.103125 0.06796875
14 0.70390625 0.421875 0.109375 0.0546875
14 0.1609375 0.371875 0.06484375 0.08203125
15 0.83984375 0.39921875 0.09765625 0.059375
15 0.3796875 0.81875 0.06875 0.0828125
16 0.78046875 0.509375 0.08515625 0.059375
16 0.19375 0.725 0.04765625 0.08203125
17 0.084375 0.06953125 0.0703125 0.06953125
17 0.1375 0.44453125 0.0546875 0.07265625
18 0.06484375 0.60078125 0.06484375 0.06015625
18 0.215625 0.21953125 0.08203125 0.04765625
19 0.575 0.82265625 0.04921875 0.06796875
19 0.21484375 0.46328125 0.05625 0.0578125
20 0.32890625 0.49765625 0.04765625 0.05
20 0.6171875 0.66015625 0.05234375 0.05703125
21 0.3578125 0.45078125 0.06875 0.05
21 0.6484375 0.62421875 0.05078125 0.05703125
22 0.47421875 0.7 0.1328125 0.07265625
22 0.76796875 0.1 0.1265625 0.090625