0 0.42890625 0.33828125 0.11328125 0.1203125
0 0.5734375 0.2390625 0.196875 0.05625
1 0.25234375 0.19765625 0.0609375 0.16953125
1 0.3046875 0.06328125 0.12578125 0.1046875
2 0.4328125 0.434375 0.14453125 0.075
2 0.18203125 0.4625 0.078125 0.0890625
3 0.19375 0.16171875 0.0828125 0.0703125
3 0.74609375 0.240625 0.10390625 0.1015625
4 0.07734375 0.27734375 0.08046875 0.13203125
4 0.6078125 0.2421875 0.1265625 0.0609375
8 0.33515625 0.13671875 0.09140625 0.1015625
8 0.28671875 0.940625 0.1421875 0.05625
9 0.08515625 0.10234375 0.1 0.0921875
9 0.25625 0.63671875 0.09375 0.08203125
10 0.90546875 0.6328125 0.09453125 0.09296875
10 0.52265625 0.8703125 0.04375 0.12421875
11 0.40546875 0.2546875 0.1 0.07109375
11 0.51875 0.178125 0.10703125 0.0375
5 0.875 0.3984375 0.06328125 0.10390625
5 0.2921875 0.5890625 0.10390625 0.04140625
6 0.0859375 0.17265625 0.10234375 0.08515625
6 0.23046875 0.346875 0.06328125 0.103125
7 0.23046875 0.5484375 0.075 0.08125
7 0.36484375 0.49140625 0.0625 0.090625
12 0.44921875 0.08125 0.1 0.05
12 0.36640625 0.18046875 0.07578125 0.0625
13 0.5078125 0.4515625 0.0453125 0.08125
13 0.828125 0.5140625 0.05546875 0.08203125
14 0.353125 0.22109375 0.06953125 0.08125
14 0.4203125 0.3265625 0.075 0.0625
15 0.4546875 0.16953125 0.0453125 0.0765625
15 0.76171875 0.44296875 0.0796875 0.03984375
16 0.38671875 0.1421875 0.08515625 0.03359375
16 0.6796875 0.18515625 0.06796875 0.05
17 0.28984375 0.5359375 0.0609375 0.0515625
17 0.57578125 0.20234375 0.071875 0.034375
18 0.91484375 0.58515625 0.05390625 0.05859375
18 0.87109375 0.5640625 0.0703125 0.03671875
19 0.07265625 0.11796875 0.0625 0.04765625
19 0.425 0.1984375 0.04921875 0.0453125
20 0.76875 0.521875 0.04765625 0.0515625
20 0.3921875 0.49609375 0.05078125 0.0421875
21 0.4234375 0.36171875 0.06015625 0.034375
21 0.46171875 0.27890625 0.04375 0.0484375
22 0.53125 0.29375 0.0609375 0.07890625
23 0.50703125 0.809375 0.04921875 0.0515625