0 0.62421875 0.6953125 0.1125 0.2375
0 0.2125 0.6609375 0.1 0.1484375
1 0.325 0.09375 0.08828125 0.1453125
1 0.39765625 0.7984375 0.1921875 0.07890625
2 0.35234375 0.578125 0.08125 0.15234375
2 0.7546875 0.396875 0.065625 0.21875
3 0.20546875 0.271875 0.0875 0.2109375
3 0.88046875 0.571875 0.1234375 0.13984375
4 0.05859375 0.53359375 0.07109375 0.23984375
4 0.4203125 0.6578125 0.05390625 0.23125
8 0.70078125 0.84765625 0.11875 0.08046875
8 0.7046875 0.8078125 0.06953125 0.2234375
9 0.82890625 0.7515625 0.1125 0.11640625
9 0.35625 0.84453125 0.09921875 0.10234375
10 0.628125 0.83203125 0.134375 0.0640625
10 0.16640625 0.096875 0.1234375 0.1078125
11 0.42421875 0.7125 0.10390625 0.1203125
11 0.69140625 0.9375 0.1203125 0.075
5 0.06875 0.21640625 0.059375 0.1078125
5 0.1828125 0.47734375 0.03984375 0.18046875
6 0.496875 0.84296875 0.08125 0.07890625
6 0.121875 0.51796875 0.11015625 0.08984375
7 0.2703125 0.403125 0.08203125 0.1453125
7 0.3796875 0.46328125 0.08984375 0.10234375
12 0.940625 0.39453125 0.08359375 0.0765625
12 0.871875 0.5921875 0.06796875 0.1359375
13 0.8453125 0.46015625 0.065625 0.10234375
13 0.7828125 0.8046875 0.06640625 0.1078125
14 0.846875 0.8015625 0.084375 0.1078125
14 0.79453125 0.44453125 0.0890625 0.109375
15 0.68671875 0.61171875 0.040625 0.125
15 0.221875 0.309375 0.03828125 0.1140625
16 0.16328125 0.26015625 0.04140625 0.1265625
16 0.16171875 0.25625 0.071875 0.06953125
17 0.32109375 0.3375 0.05546875 0.10390625
17 0.06875 0.14609375 0.06328125 0.06796875
18 0.72265625 0.76484375 0.04140625 0.0953125
18 0.43359375 0.2890625 0.03828125 0.1015625
19 0.4015625 0.3765625 0.06875 0.0515625
19 0.5015625 0.3953125 0.05546875 0.071875
20 0.8921875 0.40078125 0.03984375 0.071875
20 0.859375 0.49140625 0.04609375 0.04609375
21 0.571875 0.67890625 0.046875 0.08203125
21 0.94375 0.3265625 0.071875 0.0515625
22 0.17109375 0.69609375 0.1046875 0.12734375
23 0.89375 0.46875 0.0484375 0.0609375