0 0.3390625 0.353125 0.16875 0.1984375
0 0.18125 0.80234375 0.1125 0.2203125
1 0.1875 0.5875 0.06484375 0.26328125
1 0.37734375 0.55078125 0.06328125 0.2609375
2 0.2203125 0.32578125 0.20390625 0.0859375
2 0.12265625 0.5546875 0.1125 0.16484375
3 0.7375 0.27109375 0.08203125 0.1875
3 0.5953125 0.14921875 0.1703125 0.09453125
4 0.684375 0.58046875 0.18046875 0.09453125
4 0.57890625 0.640625 0.08984375 0.15
8 0.59140625 0.08671875 0.134375 0.11640625
8 0.62578125 0.89296875 0.09453125 0.18984375
9 0.390625 0.36640625 0.146875 0.06796875
9 0.27890625 0.85 0.125 0.11484375
10 0.6671875 0.38203125 0.08984375 0.1375
10 0.478125 0.590625 0.10546875 0.10703125
11 0.53203125 0.91484375 0.1234375 0.09140625
11 0.8390625 0.1921875 0.07578125 0.14453125
5 0.43359375 0.315625 0.128125 0.06640625
5 0.55625 0.58515625 0.06640625 0.13984375
6 0.07265625 0.43203125 0.1203125 0.09140625
6 0.64765625 0.57578125 0.05703125 0.146875
7 0.2640625 0.10390625 0.08515625 0.15
7 0.25546875 0.7359375 0.04609375 0.1484375
12 0.35625 0.14375 0.1125 0.0734375
12 0.91328125 0.303125 0.1234375 0.06953125
13 0.859375 0.5421875 0.06640625 0.125
13 0.340625 0.24609375 0.1125 0.0734375
14 0.2515625 0.640625 0.09140625 0.075
14 0.2265625 0.5546875 0.04921875 0.11796875
15 0.48671875 0.48828125 0.08515625 0.0859375
15 0.7984375 0.596875 0.06484375 0.11953125
16 0.259375 0.4890625 0.06015625 0.10234375
16 0.55 0.35234375 0.05390625 0.10390625
17 0.6015625 0.4796875 0.07890625 0.07890625
17 0.27734375 0.3765625 0.08984375 0.0515625
18 0.74140625 0.47109375 0.06171875 0.08046875
18 0.66484375 0.19765625 0.06328125 0.06640625
19 0.70625 0.84453125 0.07890625 0.0609375
19 0.571875 0.7234375 0.06640625 0.0765625
20 0.4859375 0.7328125 0.07109375 0.059375
20 0.82578125 0.62578125 0.05546875 0.071875
21 0.28984375 0.75859375 0.06171875 0.071875
21 0.41015625 0.20546875 0.07421875 0.0640625
22 0.61796875 0.32890625 0.06953125 0.15
22 0.70390625 0.35234375 0.07734375 0.1109375