0 0.38125 0.375 0.19375 0.19765625
0 0.86796875 0.475 0.25 0.2046875
1 0.53203125 0.13671875 0.22265625 0.13671875
1 0.25625 0.59375 0.09609375 0.28828125
2 0.44375 0.0875 0.20078125 0.11875
2 0.459375 0.63984375 0.1421875 0.16796875
3 0.4234375 0.22890625 0.16484375 0.11875
3 0.40390625 0.0671875 0.18125 0.1171875
4 0.3234375 0.88828125 0.1609375 0.178125
4 0.33515625 0.63203125 0.0859375 0.14140625
8 0.41796875 0.80703125 0.17265625 0.11015625
8 0.48984375 0.38671875 0.17265625 0.0875
9 0.70078125 0.67578125 0.14375 0.09609375
9 0.7875 0.4484375 0.10625 0.15234375
10 0.5640625 0.80390625 0.13359375 0.090625
10 0.06953125 0.61953125 0.13671875 0.14140625
11 0.675 0.5484375 0.13515625 0.09296875
11 0.16328125 0.553125 0.11953125 0.1
5 0.71796875 0.734375 0.08203125 0.11171875
5 0.61796875 0.31484375 0.13828125 0.0875
6 0.70625 0.42890625 0.07578125 0.15234375
6 0.346875 0.03515625 0.1453125 0.06328125
7 0.43125 0.51484375 0.13203125 0.0890625
7 0.38203125 0.26328125 0.071875 0.134375
12 0.7546875 0.534375 0.109375 0.075
12 0.440625 0.33203125 0.1078125 0.059375
13 0.12109375 0.5078125 0.11328125 0.11015625
13 0.20390625 0.53359375 0.0921875 0.11171875
14 0.61640625 0.2265625 0.11796875 0.05390625
14 0.5578125 0.1546875 0.04296875 0.12734375
15 0.89765625 0.471875 0.090625 0.09765625
15 0.28671875 0.0953125 0.07578125 0.08203125
16 0.553125 0.4984375 0.09765625 0.0875
16 0.78828125 0.60703125 0.06484375 0.10859375
17 0.640625 0.16640625 0.08359375 0.08359375
17 0.66875 0.125 0.09609375 0.0578125
18 0.8890625 0.3515625 0.06328125 0.09453125
18 0.41171875 0.25625 0.08203125 0.046875
19 0.18984375 0.4625 0.06015625 0.08203125
19 0.35703125 0.16171875 0.053125 0.05390625
20 0.2828125 0.55078125 0.04609375 0.0703125
20 0.7671875 0.21171875 0.071875 0.08046875
21 0.51640625 0.3359375 0.06484375 0.0453125
21 0.51875 0.30078125 0.06640625 0.0703125
22 0.46171875 0.1703125 0.08203125 0.12734375
23 0.24765625 0.61171875 0.04140625 0.0765625