0 0.4203125 0.3984375 0.1703125 0.253125
0 0.6203125 0.290625 0.1125 0.2515625
1 0.88984375 0.4125 0.09140625 0.25
1 0.67578125 0.73125 0.25625 0.12890625
2 0.24453125 0.328125 0.115625 0.225
2 0.79609375 0.3828125 0.13046875 0.16171875
3 0.0890625 0.4890625 0.13046875 0.1921875
3 0.684375 0.87421875 0.1 0.2015625
4 0.46640625 0.3234375 0.159375 0.11796875
4 0.76171875 0.0859375 0.1671875 0.13984375
8 0.515625 0.43984375 0.18671875 0.10546875
8 0.196875 0.33671875 0.2046875 0.06328125
9 0.146875 0.58984375 0.17421875 0.08828125
9 0.6875 0.23125 0.115625 0.12890625
10 0.5640625 0.0984375 0.13046875 0.13671875
10 0.91328125 0.85703125 0.109375 0.15390625
11 0.3671875 0.16796875 0.1515625 0.10703125
11 0.246875 0.51953125 0.15625 0.07109375
5 0.3984375 0.7578125 0.06953125 0.15390625
5 0.4390625 0.734375 0.165625 0.07578125
6 0.69375 0.6109375 0.1453125 0.07109375
6 0.75234375 0.40859375 0.1484375 0.06953125
7 0.21875 0.65625 0.08359375 0.15859375
7 0.8078125 0.48671875 0.13046875 0.11796875
12 0.490625 0.57890625 0.12109375 0.08828125
12 0.30859375 0.1140625 0.059375 0.13671875
13 0.58203125 0.6265625 0.07890625 0.12109375
13 0.27109375 0.41796875 0.08515625 0.11953125
14 0.59296875 0.95703125 0.13828125 0.0578125
14 0.4734375 0.81796875 0.1125 0.09140625
15 0.7578125 0.9265625 0.1046875 0.09609375
15 0.92578125 0.74296875 0.103125 0.08671875
16 0.4015625 0.57734375 0.07578125 0.11015625
16 0.46953125 0.37578125 0.1140625 0.059375
17 0.71796875 0.50078125 0.09375 0.08046875
17 0.60859375 0.8703125 0.0609375 0.09921875
18 0.31328125 0.49375 0.09140625 0.059375
18 0.30859375 0.72421875 0.07890625 0.08359375
19 0.57421875 0.36015625 0.0625 0.08828125
19 0.43828125 0.64375 0.08671875 0.0515625
20 0.77421875 0.275 0.0515625 0.08515625
20 0.125 0.66171875 0.07890625 0.053125
21 0.32265625 0.59375 0.08515625 0.06484375
21 0.23046875 0.8578125 0.096875 0.0515625
22 0.47734375 0.66171875 0.165625 0.09140625
23 0.85078125 0.86484375 0.09140625 0.06953125