0 0.659375 0.39921875 0.13828125 0.09140625
0 0.9109375 0.6609375 0.125 0.1484375
1 0.14453125 0.8765625 0.20234375 0.11171875
1 0.87890625 0.77109375 0.1046875 0.20234375
2 0.7921875 0.7328125 0.1359375 0.0734375
2 0.56328125 0.58515625 0.08515625 0.09453125
3 0.21953125 0.78984375 0.1359375 0.08671875
3 0.32734375 0.790625 0.09453125 0.10625
4 0.45078125 0.9109375 0.1734375 0.05
4 0.3640625 0.07265625 0.0609375 0.14375
8 0.553125 0.4640625 0.1359375 0.078125
8 0.63828125 0.590625 0.06953125 0.125
9 0.69296875 0.90546875 0.0515625 0.125
9 0.46796875 0.32734375 0.046875 0.1375
10 0.80390625 0.51640625 0.0546875 0.1046875
10 0.715625 0.81328125 0.10859375 0.08203125
11 0.3609375 0.53984375 0.078125 0.06328125
11 0.56015625 0.465625 0.0515625 0.1109375
5 0.896875 0.88828125 0.08046875 0.09609375
5 0.56796875 0.12890625 0.09921875 0.08515625
6 0.409375 0.65 0.06953125 0.0984375
6 0.64140625 0.94609375 0.0671875 0.1015625
7 0.825 0.4078125 0.05703125 0.11796875
7 0.54609375 0.85859375 0.078125 0.10078125
12 0.23828125 0.771875 0.08359375 0.06015625
12 0.6984375 0.625 0.04375 0.08671875
13 0.40546875 0.30078125 0.09296875 0.05
13 0.6890625 0.30234375 0.103125 0.0359375
14 0.59765625 0.74921875 0.09921875 0.04921875
14 0.71640625 0.690625 0.05234375 0.08125
15 0.82109375 0.8859375 0.06953125 0.065625
15 0.5859375 0.82890625 0.0765625 0.05
16 0.6015625 0.9328125 0.06015625 0.059375
16 0.7296875 0.8375 0.046875 0.08359375
17 0.82734375 0.67578125 0.07109375 0.053125
17 0.5265625 0.1625 0.0796875 0.04609375
18 0.08359375 0.915625 0.07734375 0.0421875
18 0.66875 0.62578125 0.03515625 0.0640625
19 0.653125 0.11640625 0.04921875 0.0640625
19 0.36484375 0.83671875 0.06953125 0.03515625
20 0.7734375 0.31796875 0.0546875 0.05859375
20 0.85078125 0.5671875 0.0390625 0.05390625
21 0.73828125 0.51171875 0.05234375 0.053125
21 0.66875 0.8703125 0.04765625 0.0625
22 0.053125 0.5203125 0.06328125 0.1078125
22 0.3859375 0.90546875 0.06640625 0.11640625