0 0.84765625 0.64140625 0.109375 0.20859375
0 0.63203125 0.0953125 0.1515625 0.1328125
1 0.6140625 0.55 0.175 0.14609375
1 0.2796875 0.3109375 0.1015625 0.13515625
2 0.3484375 0.93125 0.159375 0.08828125
2 0.48203125 0.69765625 0.0921875 0.14609375
3 0.909375 0.128125 0.13984375 0.15625
3 0.53671875 0.8296875 0.0734375 0.0921875
4 0.8109375 0.14921875 0.14921875 0.09921875
4 0.46953125 0.25859375 0.0796875 0.07421875
8 0.490625 0.321875 0.12578125 0.10234375
8 0.7515625 0.57578125 0.0640625 0.1578125
9 0.0765625 0.31640625 0.1296875 0.121875
9 0.5203125 0.0921875 0.1 0.13671875
10 0.4703125 0.45546875 0.04375 0.13671875
10 0.94609375 0.6671875 0.08515625 0.14375
11 0.57890625 0.66171875 0.0859375 0.10234375
11 0.61015625 0.48046875 0.1171875 0.07421875
5 0.23359375 0.66796875 0.07734375 0.11171875
5 0.88984375 0.5265625 0.04609375 0.1421875
6 0.85 0.60390625 0.04765625 0.1328125
6 0.22265625 0.5625 0.1078125 0.071875
7 0.6734375 0.2984375 0.0921875 0.09375
7 0.453125 0.8078125 0.10703125 0.05234375
12 0.33984375 0.33125 0.0421875 0.11015625
12 0.403125 0.8796875 0.09609375 0.0390625
13 0.6234375 0.671875 0.08984375 0.08125
13 0.640625 0.40390625 0.0421875 0.10625
14 0.8484375 0.46328125 0.06953125 0.10625
14 0.90390625 0.54609375 0.109375 0.04296875
15 0.3359375 0.4609375 0.04765625 0.0953125
15 0.73203125 0.14140625 0.08359375 0.0625
16 0.42421875 0.8421875 0.08515625 0.0359375
16 0.3796875 0.70703125 0.06328125 0.0828125
17 0.5625 0.0734375 0.05546875 0.0828125
17 0.44453125 0.18671875 0.071875 0.06875
18 0.728125 0.4859375 0.06796875 0.0578125
18 0.40703125 0.32890625 0.0453125 0.071875
19 0.2703125 0.634375 0.06015625 0.05390625
19 0.4671875 0.5359375 0.0453125 0.0609375
20 0.85703125 0.5265625 0.05 0.0390625
20 0.57421875 0.61171875 0.05234375 0.046875
21 0.7015625 0.39375 0.04375 0.06328125
21 0.409375 0.6578125 0.06796875 0.0453125
22 0.6734375 0.40625 0.0359375 0.140625
23 0.25859375 0.75859375 0.03828125 0.06328125