0 0.20078125 0.88828125 0.07109375 0.18515625
0 0.2796875 0.3078125 0.06953125 0.2078125
1 0.24375 0.56328125 0.09140625 0.20078125
1 0.2609375 0.496875 0.153125 0.0578125
2 0.21875 0.69296875 0.09609375 0.11875
2 0.37890625 0.29921875 0.125 0.11796875
3 0.303125 0.734375 0.10625 0.06953125
3 0.2828125 0.72734375 0.04609375 0.14921875
4 0.14375 0.628125 0.07109375 0.1046875
4 0.08828125 0.8015625 0.07578125 0.0875
8 0.340625 0.56328125 0.103125 0.08515625
8 0.1515625 0.7671875 0.05625 0.12265625
9 0.52265625 0.3375 0.10078125 0.09140625
9 0.540625 0.08125 0.06796875 0.09609375
10 0.09765625 0.63984375 0.059375 0.0984375
10 0.13203125 0.74140625 0.04296875 0.11875
11 0.57265625 0.50703125 0.05 0.12109375
11 0.10390625 0.8375 0.05703125 0.11171875
5 0.38984375 0.39453125 0.0640625 0.11171875
5 0.51171875 0.15 0.0921875 0.0453125
6 0.03515625 0.78359375 0.05625 0.11875
6 0.165625 0.3578125 0.07734375 0.11015625
7 0.44453125 0.42890625 0.0515625 0.10078125
7 0.44453125 0.615625 0.0828125 0.03984375
12 0.5234375 0.41171875 0.0734375 0.06953125
12 0.95234375 0.11640625 0.06171875 0.103125
13 0.40390625 0.2890625 0.06328125 0.0828125
13 0.60078125 0.1046875 0.065625 0.04765625
14 0.4359375 0.50546875 0.059375 0.0453125
14 0.73515625 0.13828125 0.0546875 0.0890625
15 0.45625 0.56171875 0.04375 0.07421875
15 0.5265625 0.46640625 0.05390625 0.05390625
16 0.29765625 0.58515625 0.04921875 0.06875
16 0.209375 0.46484375 0.05859375 0.046875
17 0.67578125 0.0734375 0.06015625 0.04296875
17 0.35078125 0.23046875 0.05625 0.0453125
18 0.46015625 0.19296875 0.05 0.05859375
18 0.41953125 0.4265625 0.0359375 0.04921875
19 0.1359375 0.4390625 0.0359375 0.0671875
19 0.31640625 0.675 0.04609375 0.05859375
20 0.6078125 0.4109375 0.04609375 0.0375
20 0.28515625 0.3765625 0.04140625 0.0453125
21 0.14453125 0.61015625 0.02890625 0.06328125
21 0.32890625 0.40859375 0.03828125 0.0515625
22 0.3625 0.8078125 0.0875 0.06015625
23 0.7078125 0.20546875 0.0453125 0.053125