0 0.365625 0.16015625 0.1109375 0.153125
0 0.25625 0.49609375 0.1359375 0.11796875
1 0.8171875 0.7328125 0.11171875 0.15859375
1 0.2234375 0.07734375 0.19921875 0.04453125
2 0.37890625 0.38828125 0.11640625 0.1203125
2 0.678125 0.8328125 0.08125 0.13828125
3 0.46171875 0.603125 0.13671875 0.08125
3 0.0875 0.26796875 0.12890625 0.071875
4 0.25546875 0.20234375 0.11484375 0.084375
4 0.1734375 0.49921875 0.07890625 0.1140625
8 0.1234375 0.41015625 0.14375 0.06015625
8 0.56640625 0.27578125 0.1140625 0.0625
9 0.24453125 0.11484375 0.05703125 0.12421875
9 0.446875 0.3265625 0.07421875 0.0875
10 0.18046875 0.51171875 0.1203125 0.04609375
10 0.2609375 0.48125 0.06796875 0.1140625
11 0.496875 0.21328125 0.10859375 0.04609375
11 0.2578125 0.6078125 0.06875 0.08515625
5 0.74609375 0.684375 0.0671875 0.10234375
5 0.178125 0.6171875 0.06015625 0.10546875
6 0.5703125 0.32109375 0.0890625 0.08359375
6 0.05234375 0.40703125 0.06796875 0.11484375
7 0.43359375 0.2140625 0.065625 0.078125
7 0.19609375 0.178125 0.103125 0.0625
12 0.13203125 0.315625 0.0953125 0.05390625
12 0.62734375 0.7828125 0.040625 0.096875
13 0.28828125 0.265625 0.0671875 0.0703125
13 0.05859375 0.36484375 0.0515625 0.08203125
14 0.22890625 0.3015625 0.08984375 0.0484375
14 0.590625 0.58828125 0.0390625 0.08671875
15 0.634375 0.58984375 0.05 0.071875
15 0.38515625 0.67421875 0.0671875 0.06328125
16 0.4625 0.7953125 0.07421875 0.06953125
16 0.590625 0.9296875 0.0671875 0.075
17 0.3546875 0.51015625 0.0375 0.07265625
17 0.31796875 0.403125 0.06875 0.0484375
18 0.35703125 0.575 0.06328125 0.0484375
18 0.09453125 0.36640625 0.0578125 0.03515625
19 0.44609375 0.56953125 0.0625 0.0484375
19 0.4859375 0.2703125 0.05 0.05390625
20 0.484375 0.49609375 0.0546875 0.03671875
20 0.1359375 0.63046875 0.0375 0.0515625
21 0.44609375 0.14765625 0.06015625 0.03828125
21 0.5078125 0.61796875 0.0625 0.03359375
22 0.9109375 0.790625 0.103125 0.0875
22 0.5578125 0.16953125 0.1234375 0.053125