0 0.39453125 0.084375 0.25078125 0.0734375
0 0.43515625 0.55703125 0.23515625 0.11171875
1 0.915625 0.7453125 0.09375 0.21484375
1 0.55078125 0.73515625 0.0921875 0.22890625
2 0.33515625 0.165625 0.19296875 0.0796875
2 0.7390625 0.89375 0.19140625 0.09140625
3 0.625 0.4078125 0.11875 0.15234375
3 0.603125 0.91640625 0.17109375 0.11640625
4 0.4375 0.72265625 0.08125 0.16328125
4 0.83359375 0.25390625 0.13046875 0.11015625
8 0.340625 0.803125 0.14140625 0.08515625
8 0.3046875 0.79375 0.1078125 0.10703125
9 0.275 0.46015625 0.0765625 0.16171875
9 0.778125 0.12265625 0.15390625 0.08671875
10 0.78359375 0.346875 0.12734375 0.09609375
10 0.84765625 0.52578125 0.14296875 0.05
11 0.61640625 0.0625 0.1109375 0.06875
11 0.53828125 0.334375 0.13828125 0.046875
5 0.25625 0.7390625 0.12890625 0.078125
5 0.27734375 0.25234375 0.12734375 0.0765625
6 0.28515625 0.3234375 0.13671875 0.053125
6 0.88203125 0.25 0.14140625 0.0625
7 0.4734375 0.4140625 0.13359375 0.078125
7 0.64921875 0.375 0.115625 0.08671875
12 0.84609375 0.37109375 0.103125 0.0671875
12 0.67421875 0.80859375 0.109375 0.078125
13 0.6203125 0.740625 0.0625 0.10859375
13 0.36015625 0.68359375 0.0625 0.11015625
14 0.64765625 0.14296875 0.09375 0.09609375
14 0.47890625 0.73828125 0.0515625 0.10390625
15 0.5046875 0.25 0.08125 0.08671875
15 0.5875 0.2296875 0.08125 0.0828125
16 0.8421875 0.58046875 0.1015625 0.05
16 0.61953125 0.50703125 0.0453125 0.09609375
17 0.1515625 0.42421875 0.0671875 0.08671875
17 0.0671875 0.7 0.05 0.09921875
18 0.540625 0.34140625 0.053125 0.0796875
18 0.22734375 0.81015625 0.078125 0.065625
19 0.703125 0.42890625 0.0734375 0.05625
19 0.7546875 0.5375 0.0515625 0.0734375
20 0.78359375 0.3828125 0.0625 0.04375
20 0.23125 0.215625 0.0640625 0.0515625
21 0.67578125 0.6859375 0.0625 0.065625
21 0.67890625 0.25625 0.078125 0.04375
22 0.8 0.828125 0.14453125 0.08828125
23 0.67421875 0.56328125 0.05 0.08359375