0 0.76171875 0.3640625 0.09453125 0.1984375
0 0.4578125 0.67890625 0.12421875 0.16875
1 0.4515625 0.52109375 0.09609375 0.146875
1 0.7328125 0.84453125 0.18125 0.0828125
2 0.59921875 0.91015625 0.128125 0.1484375
2 0.290625 0.6640625 0.1515625 0.0734375
3 0.5265625 0.44453125 0.0921875 0.090625
3 0.33046875 0.34609375 0.12109375 0.090625
4 0.625 0.08125 0.12421875 0.1125
4 0.73046875 0.21796875 0.09921875 0.1390625
8 0.41328125 0.23359375 0.1375 0.0890625
8 0.7984375 0.334375 0.1171875 0.0703125
9 0.3046875 0.38203125 0.11953125 0.071875
9 0.390625 0.165625 0.12421875 0.084375
10 0.8359375 0.5625 0.10859375 0.0828125
10 0.35625 0.109375 0.1140625 0.05625
11 0.29453125 0.53671875 0.0546875 0.115625
11 0.3 0.26640625 0.10703125 0.071875
5 0.2171875 0.43515625 0.08671875 0.109375
5 0.66015625 0.25703125 0.05 0.125
6 0.42109375 0.3359375 0.0734375 0.1078125
6 0.3515625 0.35078125 0.11875 0.065625
7 0.58671875 0.18984375 0.0640625 0.1203125
7 0.42265625 0.47265625 0.0515625 0.115625
12 0.08046875 0.58359375 0.0734375 0.1125
12 0.53671875 0.078125 0.08203125 0.09375
13 0.4390625 0.83984375 0.0515625 0.1046875
13 0.3453125 0.77265625 0.0671875 0.0828125
14 0.50078125 0.12578125 0.090625 0.0859375
14 0.39140625 0.51015625 0.05859375 0.096875
15 0.49140625 0.3203125 0.0609375 0.0828125
15 0.40703125 0.790625 0.0796875 0.075
16 0.3609375 0.53359375 0.0390625 0.090625
16 0.36796875 0.5859375 0.078125 0.0515625
17 0.33125 0.45546875 0.07265625 0.05625
17 0.259375 0.4546875 0.0796875 0.0453125
18 0.2984375 0.421875 0.06796875 0.0421875
18 0.165625 0.42109375 0.053125 0.075
19 0.715625 0.659375 0.0640625 0.0578125
19 0.1453125 0.753125 0.0484375 0.06875
20 0.6109375 0.3703125 0.06015625 0.0546875
20 0.23125 0.51796875 0.04140625 0.065625
21 0.95703125 0.525 0.04765625 0.0703125
21 0.578125 0.63828125 0.053125 0.06875
22 0.15078125 0.57421875 0.09296875 0.1125
22 0.165625 0.8375 0.12265625 0.08125