0 0.5265625 0.871875 0.13984375 0.25078125
0 0.63359375 0.29296875 0.30390625 0.1328125
1 0.55078125 0.70546875 0.125 0.21640625
1 0.16640625 0.40234375 0.2328125 0.11796875
2 0.64609375 0.88046875 0.10859375 0.1734375
2 0.27578125 0.79765625 0.22578125 0.159375
3 0.82421875 0.55703125 0.153125 0.15703125
3 0.5265625 0.0546875 0.24375 0.08125
4 0.803125 0.35625 0.17578125 0.15390625
4 0.625 0.47421875 0.196875 0.1171875
8 0.46484375 0.77265625 0.1171875 0.1640625
8 0.521875 0.49375 0.06796875 0.18125
9 0.2796875 0.62109375 0.18828125 0.1140625
9 0.21640625 0.659375 0.13984375 0.11953125
10 0.6640625 0.41953125 0.0796875 0.14140625
10 0.20859375 0.3828125 0.1640625 0.10546875
11 0.4109375 0.68984375 0.115625 0.1328125
11 0.57734375 0.43671875 0.10078125 0.1328125
5 0.3046875 0.18828125 0.1578125 0.10234375
5 0.29765625 0.3265625 0.06796875 0.15078125
6 0.253125 0.1265625 0.1609375 0.125
6 0.090625 0.309375 0.14140625 0.125
7 0.90078125 0.56484375 0.10078125 0.0984375
7 0.22734375 0.5046875 0.09453125 0.13828125
12 0.1953125 0.69296875 0.13984375 0.08984375
12 0.9078125 0.40625 0.06640625 0.11953125
13 0.77109375 0.65078125 0.1234375 0.0625
13 0.47109375 0.471875 0.06015625 0.12421875
14 0.328125 0.4125 0.06171875 0.1265625
14 0.39609375 0.2421875 0.10234375 0.10234375
15 0.7234375 0.5703125 0.0875 0.09296875
15 0.571875 0.20703125 0.11875 0.078125
16 0.39765625 0.4734375 0.11875 0.06953125
16 0.3875 0.6453125 0.0734375 0.10546875
17 0.45234375 0.25390625 0.1140625 0.07265625
17 0.8140625 0.1890625 0.115625 0.0671875
18 0.64453125 0.615625 0.10234375 0.05703125
18 0.3828125 0.53125 0.0859375 0.0765625
19 0.33984375 0.2234375 0.10078125 0.05703125
19 0.7890625 0.47421875 0.09296875 0.065625
20 0.6546875 0.55625 0.05390625 0.0671875
20 0.728125 0.31328125 0.0875 0.06015625
21 0.43671875 0.7109375 0.0734375 0.05703125
21 0.85703125 0.41015625 0.06484375 0.07109375
22 0.753125 0.11953125 0.153125 0.09140625
22 0.8390625 0.6609375 0.15625 0.0796875