0 0.5140625 0.66796875 0.05546875 0.22265625
0 0.51171875 0.490625 0.07109375 0.159375
1 0.21796875 0.35 0.05859375 0.20859375
1 0.3140625 0.77734375 0.07890625 0.18046875
2 0.0734375 0.71171875 0.1296875 0.09453125
2 0.12265625 0.41796875 0.075 0.16171875
3 0.11796875 0.590625 0.05703125 0.15234375
3 0.38671875 0.43515625 0.12578125 0.05390625
4 0.33984375 0.89453125 0.11796875 0.07578125
4 0.553125 0.403125 0.07109375 0.1484375
8 0.3859375 0.1359375 0.0546875 0.16171875
8 0.178125 0.3203125 0.0515625 0.146875
9 0.3703125 0.3703125 0.0859375 0.078125
9 0.27890625 0.37890625 0.06484375 0.0859375
10 0.26640625 0.61875 0.09453125 0.07578125
10 0.50625 0.35703125 0.071875 0.11328125
11 0.5875 0.68125 0.06015625 0.11484375
11 0.5046875 0.07109375 0.0375 0.13203125
5 0.17578125 0.7546875 0.05859375 0.11328125
5 0.19140625 0.85546875 0.09609375 0.06484375
6 0.19609375 0.52734375 0.065625 0.10625
6 0.3328125 0.84140625 0.09453125 0.0953125
7 0.1859375 0.54765625 0.075 0.0984375
7 0.33515625 0.8453125 0.07734375 0.0875
12 0.18203125 0.5984375 0.0515625 0.0859375
12 0.57890625 0.33984375 0.05 0.09140625
13 0.37265625 0.28203125 0.0875 0.05546875
13 0.4328125 0.60546875 0.04140625 0.11484375
14 0.1546875 0.6296875 0.0328125 0.090625
14 0.27109375 0.72734375 0.08125 0.0390625
15 0.35390625 0.5015625 0.04140625 0.0890625
15 0.30703125 0.4546875 0.03515625 0.0953125
16 0.1734375 0.94765625 0.07109375 0.0671875
16 0.23203125 0.41875 0.04140625 0.07421875
17 0.31953125 0.56796875 0.0609375 0.046875
17 0.425 0.678125 0.0640625 0.040625
18 0.53828125 0.2625 0.04453125 0.07109375
18 0.27109375 0.49296875 0.03671875 0.078125
19 0.7171875 0.12265625 0.03984375 0.08125
19 0.49921875 0.46796875 0.05703125 0.05
20 0.20546875 0.65234375 0.03359375 0.059375
20 0.134375 0.64375 0.028125 0.05234375
21 0.4484375 0.36875 0.05703125 0.05546875
21 0.16171875 0.68203125 0.0609375 0.0375
23 0.9703125 0.2859375 0.03828125 0.06171875