0 0.46875 0.2828125 0.18046875 0.21953125
0 0.53984375 0.8625 0.11953125 0.246875
1 0.33671875 0.1 0.259375 0.1578125
1 0.84296875 0.67421875 0.10078125 0.22109375
2 0.16640625 0.66328125 0.13515625 0.13046875
2 0.146875 0.425 0.11796875 0.146875
3 0.38359375 0.69765625 0.0671875 0.2015625
3 0.13359375 0.53984375 0.18828125 0.11953125
4 0.0890625 0.5625 0.09296875 0.196875
4 0.75546875 0.1625 0.18515625 0.12578125
8 0.60546875 0.48203125 0.0796875 0.1546875
8 0.86015625 0.83828125 0.14453125 0.12578125
9 0.7015625 0.72890625 0.15703125 0.13046875
9 0.87734375 0.3390625 0.15078125 0.1390625
10 0.40703125 0.53203125 0.14609375 0.10625
10 0.49453125 0.29453125 0.11015625 0.140625
11 0.57421875 0.7234375 0.14765625 0.08359375
11 0.865625 0.7375 0.0640625 0.153125
5 0.5234375 0.83984375 0.08671875 0.12890625
5 0.88671875 0.3859375 0.10390625 0.1375
6 0.25234375 0.6984375 0.0796875 0.1453125
6 0.884375 0.6234375 0.13984375 0.12578125
7 0.7890625 0.44609375 0.08671875 0.12578125
7 0.4453125 0.83984375 0.13671875 0.07734375
12 0.3875 0.91015625 0.12265625 0.0921875
12 0.2921875 0.31171875 0.13515625 0.06484375
13 0.365625 0.76640625 0.13828125 0.06953125
13 0.82109375 0.44609375 0.12265625 0.059375
14 0.5078125 0.6390625 0.11484375 0.09375
14 0.50703125 0.6390625 0.12890625 0.103125
15 0.2796875 0.40234375 0.09765625 0.08359375
15 0.5765625 0.27890625 0.11484375 0.0609375
16 0.67265625 0.3453125 0.0671875 0.11484375
16 0.34765625 0.6125 0.10234375 0.07890625
17 0.834375 0.20546875 0.11171875 0.06484375
17 0.5203125 0.45078125 0.0765625 0.0890625
18 0.57734375 0.58359375 0.071875 0.06640625
18 0.81328125 0.590625 0.06875 0.090625
19 0.3296875 0.671875 0.075 0.06796875
19 0.50078125 0.20390625 0.065625 0.07734375
20 0.3796875 0.51171875 0.06875 0.0625
20 0.35234375 0.7125 0.0484375 0.07109375
21 0.53671875 0.5171875 0.08125 0.0625
21 0.2765625 0.3390625 0.059375 0.0578125
22 0.390625 0.2796875 0.075 0.153125