0 0.42265625 0.46328125 0.05703125 0.17734375
0 0.9234375 0.8296875 0.09453125 0.184375
1 0.6875 0.475 0.17890625 0.10625
1 0.20625 0.365625 0.07578125 0.16875
2 0.5203125 0.43984375 0.165625 0.065625
2 0.12578125 0.18359375 0.07890625 0.128125
3 0.190625 0.55 0.1390625 0.09765625
3 0.20390625 0.15 0.12421875 0.10078125
4 0.50703125 0.1421875 0.09609375 0.115625
4 0.58046875 0.509375 0.14453125 0.03828125
8 0.084375 0.34609375 0.08515625 0.09296875
8 0.55703125 0.490625 0.11328125 0.07890625
9 0.3921875 0.6140625 0.07734375 0.078125
9 0.40234375 0.14296875 0.1078125 0.08671875
10 0.36015625 0.1609375 0.04921875 0.0953125
10 0.678125 0.22265625 0.0828125 0.09296875
11 0.571875 0.0546875 0.06796875 0.09296875
11 0.07109375 0.21640625 0.0625 0.09140625
5 0.79296875 0.36796875 0.09375 0.0828125
5 0.14609375 0.25546875 0.05234375 0.09765625
6 0.23515625 0.49296875 0.0640625 0.09609375
6 0.365625 0.44921875 0.06171875 0.08125
7 0.56875 0.34140625 0.10703125 0.0625
7 0.30546875 0.2109375 0.1125 0.0328125
12 0.45859375 0.24140625 0.0546875 0.08046875
12 0.46953125 0.54296875 0.09453125 0.07890625
13 0.665625 0.25703125 0.06015625 0.07265625
13 0.83046875 0.9046875 0.08828125 0.06328125
14 0.8578125 0.2171875 0.1 0.03828125
14 0.66796875 0.48984375 0.06796875 0.05234375
15 0.2703125 0.44375 0.0734375 0.05078125
15 0.80625 0.9703125 0.08828125 0.05
16 0.753125 0.58125 0.0484375 0.06484375
16 0.878125 0.26640625 0.04140625 0.08046875
17 0.82734375 0.128125 0.06015625 0.065625
17 0.72734375 0.12890625 0.071875 0.0609375
18 0.2390625 0.2703125 0.06640625 0.0453125
18 0.7109375 0.56640625 0.0390625 0.05546875
19 0.35 0.33125 0.06640625 0.0453125
19 0.52578125 0.503125 0.0375 0.05234375
20 0.278125 0.240625 0.0390625 0.04609375
20 0.61484375 0.23515625 0.04140625 0.04765625
21 0.3328125 0.51171875 0.0484375 0.0484375
21 0.63984375 0.26640625 0.0359375 0.0484375
22 0.23203125 0.31484375 0.10546875 0.0890625
23 0.303125 0.60703125 0.05625 0.0578125