0 0.59375 0.0875 0.25078125 0.0765625
0 0.709375 0.55390625 0.1890625 0.1875
1 0.41328125 0.48515625 0.26484375 0.08984375
1 0.721875 0.27421875 0.0859375 0.2609375
2 0.415625 0.1984375 0.1359375 0.1125
2 0.6125 0.79453125 0.1890625 0.065625
3 0.73984375 0.3234375 0.128125 0.16171875
3 0.475 0.27109375 0.1078125 0.078125
4 0.53828125 0.34375 0.153125 0.10625
4 0.41328125 0.49921875 0.1 0.13671875
8 0.90546875 0.5546875 0.1421875 0.15625
8 0.60625 0.1984375 0.0890625 0.18125
9 0.05625 0.6328125 0.075 0.15
9 0.675 0.71953125 0.1640625 0.05859375
10 0.46171875 0.09375 0.1375 0.09921875
10 0.475 0.91171875 0.0734375 0.14375
11 0.09921875 0.6734375 0.0609375 0.13359375
11 0.2515625 0.3828125 0.0796875 0.13515625
5 0.746875 0.55625 0.1421875 0.06875
5 0.84453125 0.40078125 0.1390625 0.05078125
6 0.4890625 0.5671875 0.1015625 0.12890625
6 0.28203125 0.35078125 0.14375 0.05234375
7 0.46796875 0.70546875 0.09375 0.13828125
7 0.5 0.41328125 0.1390625 0.04765625
12 0.34609375 0.63828125 0.08125 0.10625
12 0.84140625 0.31015625 0.0578125 0.140625
13 0.4125 0.33984375 0.1078125 0.06328125
13 0.3625 0.58125 0.0703125 0.10625
14 0.740625 0.43125 0.1140625 0.06328125
14 0.54921875 0.53203125 0.075 0.1140625
15 0.81875 0.4453125 0.1 0.06875
15 0.459375 0.53671875 0.0984375 0.078125
16 0.8109375 0.73671875 0.103125 0.0703125
17 0.1375 0.50625 0.08125 0.0734375
17 0.846875 0.4296875 0.090625 0.05390625
18 0.6984375 0.59140625 0.0609375 0.0828125
18 0.51484375 0.54140625 0.0625 0.065625
19 0.63515625 0.7640625 0.06875 0.0703125
19 0.38359375 0.47109375 0.046875 0.08125
20 0.909375 0.06640625 0.078125 0.05390625
20 0.19921875 0.46484375 0.0421875 0.078125
21 0.57890625 0.57109375 0.065625 0.065625
21 0.796875 0.37109375 0.06875 0.05703125
22 0.11484375 0.59140625 0.0734375 0.1546875
23 0.60546875 0.65859375 0.071875 0.04765625