0 0.44453125 0.36796875 0.13359375 0.1421875
0 0.66796875 0.36328125 0.19296875 0.10234375
1 0.52734375 0.51953125 0.1609375 0.1296875
1 0.44921875 0.63359375 0.10078125 0.140625
2 0.4546875 0.90703125 0.19140625 0.065625
2 0.7390625 0.65234375 0.16875 0.10078125
3 0.8390625 0.5171875 0.06015625 0.15390625
3 0.42265625 0.6359375 0.13125 0.1296875
4 0.89921875 0.36953125 0.103125 0.121875
4 0.59609375 0.6578125 0.16328125 0.06015625
8 0.678125 0.33359375 0.12421875 0.090625
8 0.8921875 0.22890625 0.08203125 0.1140625
9 0.8296875 0.0375 0.11796875 0.0625
9 0.7546875 0.44609375 0.12578125 0.08046875
10 0.90390625 0.2640625 0.09140625 0.09609375
10 0.609375 0.68125 0.06953125 0.12265625
11 0.5484375 0.40234375 0.08984375 0.0765625
11 0.778125 0.275 0.0546875 0.11015625
5 0.74453125 0.365625 0.05078125 0.10625
5 0.1109375 0.65703125 0.09609375 0.0796875
6 0.55546875 0.6078125 0.1125 0.05859375
6 0.6703125 0.42734375 0.05078125 0.10234375
7 0.7359375 0.45390625 0.075 0.09609375
7 0.54453125 0.459375 0.11015625 0.05234375
12 0.6953125 0.75234375 0.0921875 0.06796875
12 0.4484375 0.37265625 0.06953125 0.08984375
13 0.52421875 0.36640625 0.07109375 0.0796875
13 0.415625 0.32578125 0.08671875 0.03984375
14 0.6265625 0.4984375 0.05078125 0.078125
14 0.4015625 0.4515625 0.0828125 0.07578125
15 0.275 0.34921875 0.084375 0.06171875
15 0.4765625 0.5546875 0.075 0.040625
16 0.76796875 0.46953125 0.05234375 0.07421875
16 0.38671875 0.5421875 0.075 0.0625
17 0.07578125 0.2484375 0.0734375 0.06171875
17 0.82265625 0.521875 0.0734375 0.0375
18 0.67734375 0.4984375 0.0484375 0.05390625
18 0.1171875 0.7171875 0.0765625 0.04609375
19 0.8109375 0.6046875 0.06796875 0.04375
19 0.303125 0.4015625 0.06796875 0.04765625
20 0.85234375 0.38125 0.0578125 0.0375
20 0.51640625 0.97265625 0.065625 0.03984375
21 0.596875 0.50859375 0.05390625 0.05390625
21 0.59296875 0.42890625 0.05390625 0.03828125
22 0.61015625 0.69296875 0.12734375 0.06640625
23 0.83828125 0.7515625 0.07265625 0.0484375