0 0.36328125 0.2625 0.1015625 0.13671875
0 0.53359375 0.471875 0.16796875 0.16640625
1 0.35390625 0.22265625 0.11953125 0.178125
1 0.4 0.121875 0.1234375 0.13203125
2 0.47890625 0.60703125 0.140625 0.09375
2 0.1171875 0.21484375 0.06953125 0.25859375
3 0.31484375 0.88125 0.078125 0.18125
3 0.13515625 0.24765625 0.06875 0.215625
4 0.18203125 0.5390625 0.053125 0.23046875
4 0.54609375 0.18125 0.12265625 0.09921875
8 0.20546875 0.3234375 0.11796875 0.146875
8 0.92109375 0.1078125 0.12578125 0.096875
9 0.54296875 0.7625 0.10546875 0.05625
9 0.46171875 0.53359375 0.06484375 0.121875
10 0.3765625 0.31328125 0.07421875 0.13203125
10 0.459375 0.321875 0.10390625 0.08046875
11 0.55390625 0.64140625 0.0296875 0.16953125
11 0.13984375 0.46640625 0.06484375 0.16171875
5 0.92109375 0.38359375 0.08984375 0.115625
5 0.69453125 0.575 0.06953125 0.16171875
6 0.40078125 0.4109375 0.03046875 0.18984375
6 0.0859375 0.18671875 0.0484375 0.17265625
7 0.265625 0.5734375 0.0953125 0.07265625
7 0.2265625 0.91484375 0.05078125 0.146875
12 0.4984375 0.51015625 0.0359375 0.146875
12 0.37734375 0.10234375 0.07265625 0.09921875
13 0.17109375 0.6546875 0.0296875 0.15
13 0.23828125 0.4796875 0.06875 0.06953125
14 0.3 0.14453125 0.053125 0.1265625
14 0.5203125 0.21171875 0.0796875 0.084375
15 0.43671875 0.69609375 0.059375 0.10078125
15 0.15234375 0.35859375 0.03671875 0.10703125
16 0.45078125 0.4203125 0.065625 0.0625
16 0.1171875 0.28671875 0.06953125 0.10234375
17 0.02578125 0.26171875 0.02890625 0.121875
17 0.33515625 0.07265625 0.0328125 0.07578125
18 0.0484375 0.26328125 0.02890625 0.10546875
18 0.53828125 0.50859375 0.05546875 0.05078125
19 0.54765625 0.38984375 0.02890625 0.10390625
19 0.53203125 0.71875 0.04453125 0.07421875
20 0.51875 0.69375 0.04453125 0.05234375
20 0.47578125 0.68828125 0.04296875 0.05625
21 0.84140625 0.5640625 0.05859375 0.0671875
21 0.62578125 0.75078125 0.03671875 0.07734375
22 0.240625 0.24609375 0.0515625 0.1796875
23 0.259375 0.7265625 0.04765625 0.065625