0 0.18984375 0.2984375 0.07890625 0.2453125
0 0.50234375 0.859375 0.26328125 0.0828125
1 0.30078125 0.6875 0.153125 0.23203125
1 0.07578125 0.2640625 0.1015625 0.23515625
2 0.490625 0.20546875 0.11484375 0.18359375
2 0.52578125 0.90078125 0.15859375 0.0890625
3 0.4609375 0.80234375 0.20078125 0.0578125
3 0.4546875 0.69765625 0.1671875 0.13203125
4 0.31171875 0.196875 0.1453125 0.115625
4 0.7296875 0.22890625 0.09921875 0.09296875
8 0.6265625 0.14609375 0.19765625 0.06796875
8 0.178125 0.596875 0.14296875 0.1140625
9 0.14296875 0.4 0.0640625 0.1671875
9 0.746875 0.7015625 0.1046875 0.12734375
10 0.5734375 0.79921875 0.13125 0.1046875
10 0.57421875 0.52421875 0.07890625 0.11953125
11 0.2515625 0.428125 0.084375 0.1375
11 0.3390625 0.440625 0.1015625 0.1328125
5 0.3953125 0.36171875 0.0859375 0.1046875
5 0.50234375 0.7359375 0.1484375 0.04609375
6 0.30859375 0.5828125 0.12109375 0.109375
6 0.825 0.54609375 0.09140625 0.115625
7 0.8859375 0.590625 0.13359375 0.115625
7 0.3375 0.4796875 0.084375 0.12890625
12 0.63359375 0.4796875 0.09921875 0.09921875
12 0.3375 0.74453125 0.07109375 0.09921875
13 0.7125 0.9515625 0.1296875 0.0828125
13 0.13984375 0.62109375 0.12109375 0.059375
14 0.56015625 0.371875 0.08125 0.1046875
14 0.6890625 0.70078125 0.10625 0.078125
15 0.44375 0.25390625 0.07421875 0.07578125
15 0.6359375 0.3953125 0.07109375 0.0828125
16 0.4234375 0.30703125 0.0875 0.07578125
16 0.646875 0.18515625 0.07265625 0.0796875
17 0.09296875 0.76171875 0.05390625 0.10078125
17 0.615625 0.5609375 0.05703125 0.0828125
18 0.31328125 0.36015625 0.05078125 0.08125
18 0.64453125 0.28671875 0.08125 0.053125
19 0.075 0.46484375 0.09296875 0.0625
19 0.4421875 0.44296875 0.07109375 0.07578125
20 0.61328125 0.71171875 0.065625 0.059375
20 0.23828125 0.54375 0.05234375 0.06328125
21 0.28125 0.31328125 0.084375 0.04140625
21 0.3765625 0.0953125 0.06875 0.06328125
22 0.59296875 0.06171875 0.18359375 0.078125