0 0.72265625 0.315625 0.09921875 0.17265625
0 0.4203125 0.4421875 0.0609375 0.1796875
1 0.25625 0.2890625 0.190625 0.06875
1 0.12109375 0.85078125 0.2125 0.103125
2 0.6640625 0.703125 0.1015625 0.140625
2 0.7078125 0.16484375 0.109375 0.14375
3 0.6421875 0.78359375 0.17734375 0.040625
3 0.54453125 0.22578125 0.15546875 0.084375
4 0.709375 0.70703125 0.08828125 0.12578125
4 0.39921875 0.8953125 0.15546875 0.08828125
8 0.61328125 0.1578125 0.1421875 0.090625
8 0.675 0.453125 0.10078125 0.1125
9 0.24765625 0.43515625 0.13125 0.08671875
9 0.56875 0.175 0.1390625 0.071875
10 0.1703125 0.92890625 0.12265625 0.084375
10 0.3046875 0.6421875 0.0515625 0.10625
11 0.31015625 0.7828125 0.12109375 0.075
11 0.22578125 0.57421875 0.1296875 0.0390625
5 0.1625 0.2609375 0.11796875 0.07109375
5 0.65859375 0.29921875 0.12734375 0.0484375
6 0.28671875 0.48671875 0.059375 0.08984375
6 0.38984375 0.5296875 0.07109375 0.096875
7 0.64453125 0.48515625 0.0484375 0.09765625
7 0.55703125 0.63125 0.12734375 0.05703125
12 0.46015625 0.6046875 0.09921875 0.07265625
12 0.14140625 0.40078125 0.06640625 0.0828125
13 0.36953125 0.58671875 0.05 0.07734375
13 0.8109375 0.64453125 0.08828125 0.06953125
14 0.37421875 0.3515625 0.0609375 0.084375
14 0.79375 0.1796875 0.11953125 0.040625
15 0.4625 0.31796875 0.10078125 0.040625
15 0.3578125 0.86953125 0.07265625 0.0546875
16 0.63046875 0.07109375 0.053125 0.08671875
16 0.32265625 0.24140625 0.09921875 0.040625
17 0.840625 0.3546875 0.0796875 0.0625
17 0.25078125 0.5390625 0.05625 0.06171875
18 0.4859375 0.49609375 0.07109375 0.05625
18 0.90546875 0.509375 0.06171875 0.06953125
19 0.7578125 0.48125 0.0828125 0.03828125
19 0.7375 0.39375 0.04296875 0.0609375
20 0.60546875 0.35078125 0.07421875 0.03515625
20 0.5875 0.425 0.0484375 0.05703125
21 0.66875 0.35859375 0.075 0.0328125
21 0.84765625 0.771875 0.0765625 0.03671875
22 0.80234375 0.39453125 0.1125 0.084375
23 0.6484375 0.14609375 0.06796875 0.04921875