0 0.603125 0.09765625 0.075 0.10546875
0 0.05546875 0.35625 0.05234375 0.15390625
1 0.453125 0.60859375 0.10703125 0.15625
1 0.115625 0.3953125 0.1171875 0.10703125
2 0.5 0.3546875 0.04765625 0.16484375
2 0.11796875 0.3046875 0.0796875 0.08515625
3 0.58671875 0.44453125 0.08125 0.08828125
3 0.59765625 0.7140625 0.0875 0.13203125
4 0.68359375 0.26796875 0.040625 0.153125
4 0.55859375 0.32734375 0.0890625 0.075
8 0.678125 0.3265625 0.05703125 0.1015625
8 0.47734375 0.34140625 0.0546875 0.07890625
9 0.615625 0.2359375 0.0828125 0.06953125
9 0.5671875 0.07421875 0.053125 0.1359375
10 0.496875 0.2453125 0.04453125 0.08515625
10 0.03984375 0.378125 0.0515625 0.10078125
11 0.26640625 0.30546875 0.0828125 0.05234375
11 0.02890625 0.49375 0.03984375 0.1453125
5 0.43828125 0.62265625 0.08046875 0.0484375
5 0.56875 0.13203125 0.06796875 0.096875
6 0.32890625 0.35078125 0.05234375 0.11640625
6 0.10234375 0.37890625 0.075 0.0421875
7 0.6 0.353125 0.071875 0.07265625
7 0.3625 0.1890625 0.08046875 0.06328125
12 0.52890625 0.7375 0.06796875 0.0421875
12 0.4953125 0.19921875 0.06484375 0.04375
13 0.321875 0.42265625 0.0609375 0.0859375
13 0.59921875 0.178125 0.04296875 0.075
14 0.1171875 0.31640625 0.0328125 0.09921875
14 0.5515625 0.3671875 0.0640625 0.0328125
15 0.8359375 0.42734375 0.05546875 0.0703125
15 0.54609375 0.96328125 0.0609375 0.053125
16 0.7453125 0.484375 0.028125 0.0921875
16 0.653125 0.73828125 0.04453125 0.0765625
17 0.6375 0.5640625 0.02890625 0.08125
17 0.20625 0.425 0.03984375 0.07421875
18 0.62578125 0.62421875 0.028125 0.05703125
18 0.41015625 0.2734375 0.04921875 0.04140625
19 0.64609375 0.7 0.040625 0.0484375
19 0.53828125 0.4015625 0.04140625 0.04609375
20 0.6609375 0.5765625 0.03828125 0.04375
20 0.478125 0.5203125 0.02578125 0.05
21 0.96953125 0.52421875 0.04609375 0.04140625
21 0.90234375 0.57734375 0.03984375 0.05703125
22 0.07578125 0.4890625 0.07109375 0.07265625
22 0.95859375 0.3484375 0.07578125 0.07265625