0 0.6484375 0.41015625 0.1203125 0.21796875
0 0.7109375 0.7890625 0.128125 0.22421875
1 0.84609375 0.40625 0.11484375 0.19609375
1 0.6296875 0.15703125 0.18671875 0.1484375
2 0.1875 0.640625 0.1546875 0.12109375
2 0.25 0.57734375 0.16328125 0.11171875
3 0.425 0.15703125 0.13984375 0.13359375
3 0.66796875 0.7484375 0.1234375 0.1578125
4 0.3 0.70703125 0.16328125 0.053125
4 0.4 0.509375 0.146875 0.08984375
8 0.753125 0.4015625 0.11328125 0.14296875
8 0.91796875 0.4875 0.06015625 0.178125
9 0.44453125 0.89921875 0.08515625 0.15390625
9 0.14609375 0.4015625 0.1515625 0.0625
10 0.64765625 0.52265625 0.0546875 0.1390625
10 0.4234375 0.4453125 0.11328125 0.0828125
11 0.55546875 0.24765625 0.11796875 0.06640625
11 0.49921875 0.68828125 0.128125 0.06953125
5 0.7078125 0.50859375 0.11171875 0.09921875
5 0.353125 0.85859375 0.05703125 0.146875
6 0.4953125 0.44921875 0.09296875 0.1140625
6 0.48984375 0.31015625 0.10703125 0.128125
7 0.5953125 0.6015625 0.1203125 0.0953125
7 0.5515625 0.84921875 0.1203125 0.11015625
12 0.48828125 0.53671875 0.06015625 0.11953125
12 0.596875 0.2875 0.10703125 0.053125
13 0.5734375 0.39140625 0.06328125 0.11953125
13 0.50703125 0.3046875 0.08671875 0.0953125
14 0.7796875 0.5125 0.06640625 0.11171875
14 0.72734375 0.33671875 0.0515625 0.11953125
15 0.4 0.7734375 0.0703125 0.10078125
15 0.4578125 0.59453125 0.06171875 0.0953125
16 0.81484375 0.43125 0.08671875 0.09140625
16 0.55 0.43671875 0.0703125 0.0953125
17 0.47265625 0.0421875 0.09140625 0.06640625
17 0.309375 0.3328125 0.08515625 0.0609375
18 0.60390625 0.21171875 0.06484375 0.07890625
18 0.42265625 0.5265625 0.0546875 0.09140625
19 0.84453125 0.92265625 0.06796875 0.09140625
19 0.4359375 0.22109375 0.0546875 0.071875
20 0.675 0.43515625 0.06640625 0.05859375
20 0.40703125 0.6109375 0.06015625 0.06953125
21 0.48671875 0.36953125 0.06328125 0.05703125
21 0.1515625 0.47578125 0.0734375 0.05703125
22 0.76953125 0.89921875 0.121875 0.12109375
22 0.496875 0.196875 0.1203125 0.071875