0 0.15078125 0.33671875 0.23515625 0.23984375
0 0.5265625 0.65078125 0.0640625 0.378125
1 0.5609375 0.46015625 0.23984375 0.22734375
1 0.81171875 0.70078125 0.103125 0.37109375
2 0.578125 0.25078125 0.2 0.1703125
2 0.3421875 0.79375 0.18046875 0.23125
3 0.590625 0.74296875 0.159375 0.22578125
3 0.64921875 0.590625 0.16875 0.1828125
4 0.3953125 0.72265625 0.20390625 0.08515625
4 0.1515625 0.184375 0.15625 0.13515625
8 0.42265625 0.49375 0.07890625 0.2203125
8 0.9046875 0.56953125 0.11953125 0.19375
9 0.46953125 0.10625 0.17890625 0.1140625
9 0.59609375 0.915625 0.121875 0.1546875
10 0.82734375 0.31875 0.08359375 0.20390625
10 0.31796875 0.48203125 0.04921875 0.20078125
11 0.43984375 0.8140625 0.1546875 0.09375
11 0.75390625 0.690625 0.065625 0.20625
5 0.1859375 0.7671875 0.11328125 0.20625
5 0.1484375 0.63828125 0.18359375 0.0796875
6 0.35859375 0.10390625 0.11796875 0.16484375
6 0.2421875 0.50390625 0.09375 0.18984375
7 0.51953125 0.38359375 0.153125 0.12421875
7 0.18203125 0.1765625 0.0921875 0.1796875
12 0.76875 0.7875 0.08671875 0.17265625
12 0.29453125 0.17734375 0.096875 0.13515625
13 0.390625 0.20625 0.128125 0.09609375
13 0.75078125 0.4421875 0.13984375 0.0671875
14 0.1640625 0.5015625 0.08359375 0.1578125
14 0.2578125 0.415625 0.0984375 0.128125
15 0.6078125 0.653125 0.11015625 0.09375
15 0.38828125 0.63203125 0.090625 0.08203125
16 0.55546875 0.59296875 0.0640625 0.11015625
16 0.46015625 0.67421875 0.0953125 0.1046875
17 0.834375 0.5578125 0.08671875 0.10625
17 0.58671875 0.4703125 0.1 0.05703125
18 0.55625 0.1359375 0.0921875 0.06953125
18 0.37578125 0.4375 0.08046875 0.08359375
19 0.359375 0.48125 0.065625 0.09609375
19 0.240625 0.5046875 0.09375 0.07109375
20 0.2109375 0.7296875 0.08203125 0.07421875
20 0.45 0.30703125 0.08046875 0.0640625
21 0.43984375 0.35234375 0.071875 0.0796875
21 0.678125 0.7578125 0.06875 0.065625
22 0.72890625 0.45859375 0.065625 0.2234375
23 0.528125 0.34609375 0.07890625 0.07109375