0 0.4265625 0.428125 0.15078125 0.34375
0 0.79765625 0.71953125 0.1734375 0.20234375
1 0.7578125 0.471875 0.26640625 0.19765625
1 0.5953125 0.83125 0.2125 0.21640625
2 0.81640625 0.371875 0.12109375 0.15625
2 0.49453125 0.86640625 0.1546875 0.1875
3 0.47109375 0.78046875 0.1421875 0.27734375
3 0.165625 0.64375 0.1 0.24609375
4 0.30625 0.63125 0.2125 0.10859375
4 0.4171875 0.12578125 0.16171875 0.21015625
8 0.67265625 0.26328125 0.16328125 0.18125
8 0.75078125 0.31796875 0.1578125 0.21875
9 0.33359375 0.85 0.0875 0.14609375
9 0.6125 0.20390625 0.12265625 0.14609375
10 0.70703125 0.128125 0.140625 0.17265625
10 0.91875 0.43671875 0.1171875 0.20234375
11 0.15625 0.45078125 0.17578125 0.11875
11 0.5234375 0.29375 0.1171875 0.15859375
5 0.6328125 0.54765625 0.1734375 0.09609375
5 0.31171875 0.31640625 0.103125 0.19609375
6 0.32265625 0.26875 0.10859375 0.17890625
6 0.515625 0.23984375 0.0734375 0.24140625
7 0.22265625 0.30234375 0.07734375 0.2
7 0.22109375 0.85546875 0.1859375 0.06875
12 0.646875 0.81796875 0.096875 0.18515625
12 0.1375 0.34453125 0.08984375 0.19375
13 0.32265625 0.53359375 0.1296875 0.125
13 0.16484375 0.359375 0.08046875 0.16484375
14 0.4 0.803125 0.09140625 0.14765625
14 0.23828125 0.89453125 0.1015625 0.10625
15 0.6015625 0.328125 0.11953125 0.11484375
15 0.203125 0.4875 0.09453125 0.0875
16 0.565625 0.096875 0.0828125 0.12734375
16 0.365625 0.740625 0.103125 0.10234375
17 0.409375 0.94921875 0.1171875 0.07734375
17 0.19921875 0.18515625 0.1171875 0.0875
18 0.18125 0.628125 0.06484375 0.11015625
18 0.38828125 0.15546875 0.1171875 0.06484375
19 0.23828125 0.54375 0.07734375 0.09609375
19 0.36953125 0.40625 0.07578125 0.1
20 0.36484375 0.66171875 0.07734375 0.07734375
20 0.7015625 0.64296875 0.084375 0.09375
21 0.07421875 0.740625 0.1 0.09765625
21 0.61875 0.6 0.0828125 0.07890625
22 0.36015625 0.76015625 0.2015625 0.075
22 0.8421875 0.521875 0.1296875 0.25234375