0 0.3921875 0.484375 0.1203125 0.1671875
0 0.35703125 0.90390625 0.134375 0.11015625
1 0.321875 0.37734375 0.1515625 0.10390625
1 0.31953125 0.26171875 0.06328125 0.19296875
2 0.18515625 0.2640625 0.09453125 0.13125
2 0.5125 0.08984375 0.1296875 0.0859375
3 0.6625 0.303125 0.11171875 0.146875
3 0.04140625 0.403125 0.06796875 0.17265625
4 0.1140625 0.49375 0.078125 0.1765625
4 0.2109375 0.3703125 0.115625 0.078125
8 0.86015625 0.74140625 0.0921875 0.17265625
8 0.5171875 0.66484375 0.1171875 0.1
9 0.7453125 0.76953125 0.05703125 0.13828125
9 0.3 0.9140625 0.06796875 0.128125
10 0.65546875 0.23359375 0.06484375 0.1453125
10 0.46640625 0.5671875 0.08671875 0.12109375
11 0.24296875 0.82265625 0.06015625 0.14375
11 0.87890625 0.18125 0.0609375 0.13671875
5 0.609375 0.29921875 0.06015625 0.15
5 0.56484375 0.42265625 0.08125 0.10703125
6 0.240625 0.10703125 0.05234375 0.13125
6 0.403125 0.4625 0.05 0.1
7 0.49453125 0.66796875 0.08046875 0.13125
7 0.45859375 0.22421875 0.10390625 0.1
12 0.25859375 0.7234375 0.059375 0.128125
12 0.9453125 0.49609375 0.05859375 0.13984375
13 0.52578125 0.496875 0.0734375 0.10390625
13 0.4078125 0.73515625 0.06328125 0.08671875
14 0.4328125 0.31640625 0.07734375 0.0828125
14 0.36953125 0.20078125 0.05 0.115625
15 0.2375 0.328125 0.06875 0.07734375
15 0.478125 0.56640625 0.05703125 0.0796875
16 0.3625 0.67109375 0.053125 0.08984375
16 0.81015625 0.78046875 0.0390625 0.1171875
17 0.24140625 0.2890625 0.059375 0.07265625
17 0.63359375 0.1203125 0.0640625 0.05
18 0.31796875 0.14765625 0.053125 0.05546875
18 0.45625 0.37265625 0.0359375 0.08828125
19 0.56640625 0.30546875 0.05234375 0.06015625
19 0.36875 0.2796875 0.0546875 0.05390625
20 0.146875 0.525 0.0375 0.06875
20 0.5625 0.4453125 0.040625 0.05703125
21 0.4140625 0.196875 0.04375 0.05390625
21 0.2140625 0.6109375 0.06015625 0.0515625
22 0.55859375 0.2546875 0.0984375 0.0984375
23 0.175 0.4796875 0.03984375 0.08125