0 0.5171875 0.18359375 0.221875 0.21171875
0 0.51953125 0.6703125 0.1640625 0.24375
1 0.33828125 0.71015625 0.2453125 0.190625
1 0.646875 0.2765625 0.12109375 0.1875
2 0.70859375 0.18125 0.21796875 0.15859375
2 0.5484375 0.8546875 0.28125 0.07578125
3 0.46015625 0.1953125 0.12109375 0.09296875
3 0.37890625 0.12265625 0.15625 0.1625
4 0.77421875 0.446875 0.18203125 0.14921875
4 0.34921875 0.66640625 0.2078125 0.11171875
8 0.39375 0.2609375 0.1546875 0.1625
8 0.73671875 0.734375 0.12265625 0.16484375
9 0.24140625 0.30703125 0.146875 0.14140625
9 0.3421875 0.43359375 0.1546875 0.15703125
10 0.125 0.509375 0.15078125 0.1
10 0.1078125 0.64921875 0.12890625 0.09296875
11 0.47109375 0.91875 0.1703125 0.07578125
11 0.23203125 0.4578125 0.0828125 0.109375
5 0.48125 0.090625 0.09921875 0.1515625
5 0.67890625 0.14453125 0.0953125 0.153125
6 0.49765625 0.51328125 0.1328125 0.10390625
6 0.3171875 0.40625 0.0671875 0.14375
7 0.63203125 0.446875 0.05546875 0.15703125
7 0.11484375 0.58125 0.15859375 0.0734375
12 0.3640625 0.29140625 0.11484375 0.090625
12 0.3890625 0.34140625 0.1328125 0.0546875
13 0.91796875 0.353125 0.0734375 0.1359375
13 0.5359375 0.28359375 0.0890625 0.08671875
14 0.78984375 0.62265625 0.1109375 0.1
14 0.2359375 0.67109375 0.13828125 0.05703125
15 0.64921875 0.60234375 0.103125 0.07734375
15 0.4515625 0.4578125 0.07890625 0.10234375
16 0.4265625 0.58046875 0.06171875 0.0984375
16 0.74140625 0.44453125 0.08125 0.07578125
17 0.70703125 0.5359375 0.0953125 0.06640625
17 0.2765625 0.35546875 0.053125 0.0828125
18 0.878125 0.40859375 0.0578125 0.09453125
18 0.78828125 0.5234375 0.04765625 0.07578125
19 0.559375 0.05078125 0.09296875 0.05703125
19 0.540625 0.3515625 0.0828125 0.05703125
20 0.621875 0.54375 0.07109375 0.0625
20 0.625 0.76015625 0.06953125 0.06796875
21 0.846875 0.2515625 0.07734375 0.0640625
21 0.55078125 0.6765625 0.09140625 0.0453125
22 0.1890625 0.76640625 0.1328125 0.153125
23 0.2 0.64765625 0.0671875 0.046875