0 0.7421875 0.33125 0.15546875 0.3
0 0.19140625 0.45859375 0.1609375 0.15703125
1 0.8453125 0.47109375 0.1375 0.27890625
1 0.74765625 0.29140625 0.14140625 0.25625
2 0.4609375 0.76328125 0.15390625 0.18203125
2 0.35703125 0.32421875 0.15703125 0.14609375
3 0.3765625 0.746875 0.1390625 0.15390625
3 0.51796875 0.3171875 0.09609375 0.2078125
4 0.41171875 0.59140625 0.1984375 0.1421875
4 0.67578125 0.87421875 0.21953125 0.1796875
8 0.15625 0.55234375 0.2015625 0.09765625
8 0.675 0.49453125 0.12890625 0.21328125
9 0.7328125 0.66171875 0.11640625 0.178125
9 0.22265625 0.7546875 0.20546875 0.1234375
10 0.20546875 0.68515625 0.125 0.10078125
10 0.85625 0.59296875 0.1125 0.18515625
11 0.53984375 0.821875 0.10859375 0.15703125
11 0.46484375 0.60234375 0.1265625 0.14453125
5 0.29140625 0.6421875 0.05390625 0.1796875
5 0.33671875 0.47265625 0.11640625 0.14453125
6 0.40703125 0.20703125 0.06796875 0.15546875
6 0.68125 0.6171875 0.13046875 0.159375
7 0.6515625 0.78203125 0.1140625 0.103125
7 0.37890625 0.85859375 0.15 0.09921875
12 0.8 0.19375 0.1359375 0.103125
12 0.19609375 0.61328125 0.1359375 0.084375
13 0.44375 0.44765625 0.0625 0.14609375
13 0.5328125 0.51484375 0.05859375 0.13515625
14 0.5625 0.62109375 0.0890625 0.09140625
14 0.3578125 0.475 0.1234375 0.0765625
15 0.39140625 0.57265625 0.075 0.1046875
15 0.76171875 0.75546875 0.0875 0.0765625
16 0.75 0.31171875 0.07890625 0.11796875
16 0.7625 0.53828125 0.075 0.11015625
17 0.43984375 0.67890625 0.09140625 0.084375
17 0.80703125 0.6984375 0.1140625 0.07890625
18 0.38125 0.71875 0.0765625 0.0859375
18 0.59375 0.30625 0.0875 0.07265625
19 0.70078125 0.49609375 0.06640625 0.075
19 0.4953125 0.49140625 0.05859375 0.07265625
20 0.47265625 0.8171875 0.0765625 0.06171875
20 0.6265625 0.85859375 0.0859375 0.065625
21 0.54609375 0.3390625 0.0640625 0.07109375
21 0.51171875 0.4296875 0.0625 0.0765625
22 0.56171875 0.1328125 0.14140625 0.09375
23 0.6015625 0.70859375 0.0640625 0.084375