0 0.49140625 0.26328125 0.1046875 0.15078125
0 0.490625 0.34609375 0.15703125 0.09375
1 0.31875 0.7625 0.03984375 0.22421875
1 0.48125 0.6984375 0.13125 0.1203125
2 0.5375 0.490625 0.1328125 0.090625
2 0.4625 0.3921875 0.0859375 0.13828125
3 0.20390625 0.584375 0.071875 0.096875
3 0.4640625 0.9265625 0.096875 0.121875
4 0.121875 0.63359375 0.08125 0.13828125
4 0.58984375 0.48515625 0.11171875 0.0703125
8 0.3109375 0.5546875 0.06015625 0.078125
8 0.35546875 0.24765625 0.0453125 0.16328125
9 0.1875 0.30859375 0.071875 0.078125
9 0.3125 0.271875 0.07578125 0.1140625
10 0.2203125 0.86640625 0.0953125 0.0625
10 0.5359375 0.5109375 0.05234375 0.1125
11 0.27109375 0.653125 0.05625 0.1078125
11 0.41171875 0.44375 0.07109375 0.090625
5 0.58984375 0.7265625 0.08125 0.0921875
5 0.0921875 0.446875 0.08828125 0.078125
6 0.165625 0.7921875 0.078125 0.0921875
6 0.49921875 0.7703125 0.05 0.1140625
7 0.55078125 0.1984375 0.0375 0.13984375
7 0.47109375 0.27734375 0.08046875 0.084375
12 0.29375 0.4640625 0.05 0.090625
12 0.946875 0.5234375 0.0640625 0.1125
13 0.22734375 0.35234375 0.046875 0.09375
13 0.44921875 0.571875 0.0421875 0.078125
14 0.3703125 0.7015625 0.06015625 0.0859375
14 0.20546875 0.6953125 0.06640625 0.0765625
15 0.43125 0.52265625 0.06171875 0.0484375
15 0.5 0.05390625 0.07578125 0.0515625
16 0.534375 0.73046875 0.0515625 0.075
16 0.39140625 0.44609375 0.0515625 0.0453125
17 0.1703125 0.2296875 0.03359375 0.0953125
17 0.14296875 0.325 0.0625 0.0515625
18 0.64921875 0.575 0.03828125 0.078125
18 0.190625 0.45234375 0.05390625 0.0640625
19 0.39296875 0.58515625 0.04296875 0.0671875
19 0.51640625 0.5640625 0.04765625 0.053125
20 0.35703125 0.48046875 0.0453125 0.0484375
20 0.11328125 0.559375 0.0421875 0.065625
21 0.40078125 0.48515625 0.0421875 0.0453125
21 0.37734375 0.33515625 0.04453125 0.0625
22 0.46484375 0.609375 0.10625 0.046875
23 0.46796875 0.41953125 0.04921875 0.0484375