0 0.94140625 0.53203125 0.1 0.0890625
0 0.50703125 0.58828125 0.07109375 0.146875
1 0.45 0.0921875 0.096875 0.13984375
1 0.32421875 0.28828125 0.08984375 0.1171875
2 0.6046875 0.1640625 0.0890625 0.0890625
2 0.33671875 0.328125 0.04140625 0.17265625
3 0.5359375 0.25546875 0.06953125 0.15859375
3 0.29296875 0.17890625 0.0546875 0.1359375
4 0.528125 0.6328125 0.0890625 0.0625
4 0.51015625 0.63359375 0.025 0.1546875
8 0.4546875 0.621875 0.06953125 0.14296875
8 0.48125 0.13515625 0.059375 0.07421875
9 0.76015625 0.43203125 0.09375 0.09921875
9 0.66015625 0.75703125 0.08828125 0.0734375
10 0.40625 0.26328125 0.04296875 0.121875
10 0.54296875 0.10234375 0.0828125 0.08203125
11 0.3140625 0.1 0.0859375 0.04609375
11 0.72109375 0.44453125 0.03671875 0.13125
5 0.478125 0.2421875 0.03515625 0.1171875
5 0.40859375 0.34921875 0.0625 0.0875
6 0.7234375 0.359375 0.0703125 0.09375
6 0.37578125 0.5734375 0.05703125 0.09609375
7 0.5625 0.6859375 0.05234375 0.0984375
7 0.6671875 0.48984375 0.05390625 0.09921875
12 0.73828125 0.765625 0.08671875 0.05703125
12 0.25546875 0.275 0.03046875 0.1125
13 0.6 0.6171875 0.06796875 0.0625
13 0.690625 0.3890625 0.0578125 0.0625
14 0.6125 0.4328125 0.06796875 0.04609375
14 0.6984375 0.21875 0.04375 0.0640625
15 0.746875 0.4015625 0.02578125 0.09140625
15 0.02734375 0.27734375 0.03984375 0.08671875
16 0.3828125 0.67265625 0.05859375 0.06015625
16 0.3890625 0.62265625 0.04375 0.059375
17 0.4109375 0.79375 0.03046875 0.08046875
17 0.75859375 0.95703125 0.059375 0.059375
18 0.615625 0.67734375 0.04609375 0.053125
18 0.64609375 0.72421875 0.03203125 0.05
19 0.6328125 0.2421875 0.04296875 0.0484375
19 0.840625 0.53046875 0.0515625 0.05
20 0.809375 0.62109375 0.04140625 0.04296875
20 0.55625 0.75078125 0.03046875 0.053125
21 0.60078125 0.3234375 0.0390625 0.04609375
21 0.55 0.58671875 0.0234375 0.0625
22 0.56953125 0.384375 0.0265625 0.1421875