0 0.35390625 0.84375 0.18203125 0.18046875
0 0.24453125 0.8609375 0.15390625 0.0984375
1 0.28359375 0.4859375 0.08125 0.1921875
1 0.68671875 0.62109375 0.23359375 0.06015625
2 0.7609375 0.5296875 0.1015625 0.16015625
2 0.63828125 0.509375 0.1203125 0.10078125
3 0.28125 0.8796875 0.1390625 0.13203125
3 0.3578125 0.41796875 0.08125 0.08984375
4 0.715625 0.37890625 0.07578125 0.1671875
4 0.53515625 0.953125 0.18828125 0.0484375
8 0.60859375 0.38515625 0.14609375 0.07578125
8 0.43515625 0.640625 0.16640625 0.0453125
9 0.1875 0.69140625 0.065625 0.13125
9 0.74765625 0.7640625 0.140625 0.103125
10 0.43828125 0.6703125 0.0578125 0.1203125
10 0.48671875 0.29375 0.12265625 0.0609375
11 0.44296875 0.55859375 0.12265625 0.05625
11 0.76484375 0.66875 0.128125 0.07109375
5 0.5703125 0.3328125 0.13125 0.040625
5 0.209375 0.69140625 0.13125 0.0453125
6 0.4734375 0.8203125 0.10078125 0.07109375
6 0.62734375 0.89609375 0.06171875 0.11640625
7 0.18828125 0.60078125 0.1109375 0.09375
7 0.44765625 0.3609375 0.0953125 0.0640625
12 0.26171875 0.35390625 0.06171875 0.0953125
12 0.07109375 0.59375 0.07734375 0.0984375
13 0.34921875 0.74375 0.05 0.09765625
13 0.70859375 0.725 0.11640625 0.040625
14 0.54296875 0.43046875 0.0734375 0.0796875
14 0.69453125 0.86328125 0.0828125 0.08984375
15 0.2578125 0.4859375 0.04140625 0.07421875
15 0.446875 0.69921875 0.0890625 0.053125
16 0.459375 0.86484375 0.0875 0.05625
16 0.3578125 0.7625 0.09453125 0.04453125
17 0.94296875 0.2 0.10078125 0.06640625
17 0.13359375 0.640625 0.053125 0.071875
18 0.4953125 0.79296875 0.04921875 0.04921875
18 0.515625 0.74296875 0.065625 0.05078125
19 0.63125 0.44765625 0.04375 0.0640625
19 0.234375 0.5484375 0.03515625 0.0609375
20 0.6203125 0.6671875 0.04296875 0.05546875
20 0.9421875 0.0515625 0.0796875 0.0625
21 0.65078125 0.89453125 0.04765625 0.053125
21 0.41328125 0.68984375 0.05703125 0.0359375
22 0.28359375 0.68125 0.04609375 0.115625
22 0.7265625 0.54609375 0.04921875 0.13125
23 0.434375 0.48359375 0.05546875 0.0515625