0 0.5046875 0.7578125 0.2125 0.23046875
0 0.48046875 0.90390625 0.13984375 0.1328125
1 0.2015625 0.6078125 0.16953125 0.12578125
1 0.4875 0.27890625 0.17265625 0.09140625
2 0.53359375 0.55234375 0.1015625 0.2234375
2 0.296875 0.82890625 0.2125 0.09140625
3 0.23359375 0.253125 0.07109375 0.20546875
3 0.7484375 0.3625 0.2171875 0.053125
4 0.43125 0.2234375 0.15546875 0.17890625
4 0.6953125 0.6078125 0.15390625 0.109375
8 0.121875 0.51328125 0.15078125 0.1125
8 0.275 0.4828125 0.16796875 0.0875
9 0.1171875 0.43203125 0.15390625 0.09296875
9 0.47578125 0.1625 0.078125 0.18515625
10 0.68125 0.13828125 0.12890625 0.12734375
10 0.65390625 0.5140625 0.15078125 0.0515625
11 0.87578125 0.54765625 0.11875 0.11953125
11 0.29453125 0.69140625 0.15859375 0.04765625
5 0.27734375 0.10703125 0.125 0.1171875
5 0.109375 0.56171875 0.05234375 0.15078125
6 0.34609375 0.421875 0.1078125 0.12265625
6 0.2046875 0.146875 0.0765625 0.1671875
7 0.14453125 0.321875 0.0921875 0.10078125
7 0.6328125 0.77734375 0.05390625 0.1375
12 0.55234375 0.83984375 0.07109375 0.1171875
12 0.2796875 0.31640625 0.07109375 0.12578125
13 0.42421875 0.703125 0.103125 0.078125
13 0.3140625 0.7046875 0.04921875 0.12421875
14 0.20078125 0.746875 0.09375 0.1125
14 0.5828125 0.80859375 0.07109375 0.1140625
15 0.275 0.20625 0.05703125 0.10078125
15 0.3875 0.47578125 0.06484375 0.1046875
16 0.57109375 0.59140625 0.05546875 0.09921875
16 0.61875 0.27421875 0.04609375 0.1078125
17 0.384375 0.1015625 0.04921875 0.1046875
17 0.6921875 0.23046875 0.07421875 0.059375
18 0.340625 0.2546875 0.06640625 0.0796875
18 0.50078125 0.44609375 0.078125 0.0546875
19 0.57109375 0.18359375 0.05234375 0.07578125
19 0.496875 0.59140625 0.0796875 0.04609375
20 0.38359375 0.6625 0.06328125 0.053125
20 0.5296875 0.6796875 0.06015625 0.04453125
21 0.44765625 0.57109375 0.06171875 0.05625
21 0.61328125 0.79140625 0.04140625 0.0859375
22 0.82578125 0.475 0.14765625 0.07578125
22 0.4953125 0.3421875 0.15390625 0.0546875