0 0.5734375 0.178125 0.134375 0.1890625
0 0.5 0.6375 0.15390625 0.1890625
1 0.4375 0.2296875 0.2671875 0.13203125
1 0.16484375 0.50703125 0.14453125 0.278125
2 0.60859375 0.8265625 0.08671875 0.24921875
2 0.43671875 0.9171875 0.253125 0.0640625
3 0.72265625 0.628125 0.1875 0.11640625
3 0.5625 0.6265625 0.22734375 0.09375
4 0.728125 0.58203125 0.1046875 0.20234375
4 0.79375 0.4390625 0.05703125 0.21953125
8 0.621875 0.3625 0.17578125 0.09921875
8 0.725 0.3703125 0.1421875 0.16171875
9 0.11171875 0.4328125 0.08515625 0.1734375
9 0.77890625 0.12734375 0.15 0.16171875
10 0.775 0.21796875 0.165625 0.078125
10 0.66328125 0.23359375 0.16015625 0.08984375
11 0.54921875 0.4671875 0.090625 0.09765625
11 0.43359375 0.48828125 0.07734375 0.15546875
5 0.86640625 0.440625 0.13203125 0.13046875
5 0.440625 0.325 0.1578125 0.08984375
6 0.584375 0.78515625 0.1796875 0.05625
6 0.4171875 0.48671875 0.15390625 0.10078125
7 0.5828125 0.321875 0.16171875 0.06015625
7 0.21328125 0.725 0.15390625 0.11875
12 0.24921875 0.215625 0.13046875 0.10078125
12 0.21171875 0.48828125 0.075 0.13203125
13 0.81796875 0.6453125 0.07109375 0.1265625
13 0.88125 0.265625 0.10703125 0.0875
14 0.41328125 0.25859375 0.13828125 0.0625
14 0.603125 0.534375 0.12265625 0.06015625
15 0.47734375 0.1890625 0.053125 0.11640625
15 0.49921875 0.578125 0.053125 0.1125
16 0.29921875 0.7078125 0.09296875 0.1046875
16 0.68203125 0.50546875 0.0828125 0.1125
17 0.64921875 0.1421875 0.0609375 0.1125
17 0.21875 0.35390625 0.09296875 0.078125
18 0.92109375 0.34453125 0.075 0.0859375
18 0.54140625 0.3921875 0.08671875 0.05234375
19 0.35703125 0.51328125 0.0890625 0.05859375
19 0.9140625 0.1234375 0.0734375 0.0484375
20 0.34375 0.56015625 0.06328125 0.07421875
20 0.5234375 0.29765625 0.075 0.06640625
21 0.54921875 0.87421875 0.06328125 0.0796875
21 0.36640625 0.396875 0.0734375 0.07421875
22 0.27734375 0.371875 0.06484375 0.1828125
23 0.4015625 0.615625 0.04765625 0.08359375