0 0.5640625 0.66640625 0.06953125 0.19296875
0 0.3375 0.3640625 0.115625 0.103125
1 0.36953125 0.6640625 0.05546875 0.20234375
1 0.11484375 0.62890625 0.11171875 0.19765625
2 0.571875 0.46015625 0.153125 0.10859375
2 0.3109375 0.2640625 0.13515625 0.1140625
3 0.15078125 0.5765625 0.12265625 0.1375
3 0.38828125 0.05234375 0.178125 0.07578125
4 0.8921875 0.56484375 0.14296875 0.08359375
4 0.346875 0.465625 0.12578125 0.07421875
8 0.42109375 0.1265625 0.13515625 0.10625
8 0.8109375 0.63125 0.05546875 0.1546875
9 0.20703125 0.5765625 0.128125 0.09375
9 0.31484375 0.609375 0.06796875 0.1109375
10 0.7546875 0.56953125 0.040625 0.1359375
10 0.71171875 0.25234375 0.1 0.06640625
11 0.29375 0.25625 0.121875 0.04765625
11 0.63828125 0.56484375 0.05546875 0.11328125
5 0.140625 0.41171875 0.1 0.0890625
5 0.66953125 0.3296875 0.065625 0.10859375
6 0.109375 0.3921875 0.09296875 0.08828125
6 0.32578125 0.81015625 0.10703125 0.07265625
7 0.196875 0.690625 0.05234375 0.11953125
7 0.35546875 0.37265625 0.10546875 0.05625
12 0.60859375 0.259375 0.07578125 0.0984375
12 0.26328125 0.30703125 0.09453125 0.05546875
13 0.36953125 0.25078125 0.07421875 0.10625
13 0.19140625 0.5171875 0.0578125 0.0890625
14 0.84296875 0.63984375 0.0703125 0.06640625
14 0.5046875 0.7421875 0.08828125 0.07109375
15 0.4390625 0.825 0.0828125 0.0703125
15 0.259375 0.1171875 0.0703125 0.09375
16 0.6515625 0.875 0.07578125 0.06640625
16 0.67421875 0.72109375 0.084375 0.05078125
17 0.565625 0.9453125 0.06796875 0.08046875
17 0.421875 0.7703125 0.059375 0.07109375
18 0.56328125 0.3515625 0.0703125 0.05625
18 0.634375 0.4625 0.06015625 0.06796875
19 0.66640625 0.58671875 0.04921875 0.05546875
19 0.05078125 0.3359375 0.053125 0.0703125
20 0.4296875 0.49140625 0.059375 0.04296875
20 0.94921875 0.7125 0.06796875 0.0484375
21 0.496875 0.57890625 0.04765625 0.05625
21 0.52734375 0.625 0.03828125 0.0703125
22 0.55703125 0.215625 0.1453125 0.06640625
23 0.296875 0.09140625 0.06953125 0.05390625