0 0.1875 0.58203125 0.23359375 0.13828125
0 0.4078125 0.67109375 0.08359375 0.22265625
1 0.52734375 0.70390625 0.07734375 0.228125
1 0.55859375 0.56171875 0.1015625 0.16796875
2 0.084375 0.44921875 0.1015625 0.1796875
2 0.65078125 0.540625 0.0796875 0.17578125
3 0.85625 0.28203125 0.20703125 0.08203125
3 0.828125 0.575 0.0921875 0.178125
4 0.2 0.2828125 0.159375 0.08046875
4 0.27734375 0.303125 0.0578125 0.17578125
8 0.68203125 0.371875 0.1609375 0.084375
8 0.746875 0.53828125 0.0578125 0.1703125
9 0.7953125 0.5375 0.07734375 0.13671875
9 0.5171875 0.2125 0.140625 0.078125
10 0.5671875 0.3515625 0.08671875 0.1328125
10 0.3515625 0.19140625 0.08359375 0.13046875
11 0.6328125 0.28984375 0.1078125 0.09765625
11 0.65859375 0.3453125 0.10390625 0.10390625
5 0.32109375 0.46484375 0.1171875 0.0859375
5 0.36171875 0.78671875 0.1171875 0.109375
6 0.27265625 0.77890625 0.1109375 0.11953125
6 0.50625 0.1140625 0.1171875 0.08203125
7 0.64140625 0.17890625 0.1015625 0.11875
7 0.5578125 0.07421875 0.1375 0.0859375
12 0.16171875 0.646875 0.05546875 0.13828125
12 0.3375 0.2859375 0.0984375 0.084375
13 0.66328125 0.82109375 0.0671875 0.115625
13 0.740625 0.8546875 0.1375 0.0609375
14 0.65625 0.1421875 0.09296875 0.08984375
14 0.4671875 0.6203125 0.071875 0.09765625
15 0.2921875 0.71875 0.10234375 0.046875
15 0.58203125 0.75 0.109375 0.0625
16 0.44140625 0.7359375 0.04453125 0.10546875
16 0.43359375 0.3140625 0.1 0.06015625
17 0.61640625 0.7078125 0.0921875 0.05859375
17 0.2390625 0.79921875 0.059375 0.0859375
18 0.20859375 0.56171875 0.0875 0.05078125
18 0.1453125 0.42109375 0.0578125 0.08984375
19 0.3640625 0.3609375 0.0796875 0.05703125
19 0.39921875 0.475 0.06640625 0.0765625
20 0.36171875 0.6078125 0.04765625 0.06484375
20 0.46875 0.671875 0.0671875 0.04453125
21 0.20859375 0.34453125 0.06875 0.0640625
21 0.409375 0.9421875 0.0921875 0.053125
22 0.8625 0.54609375 0.1609375 0.08203125
22 0.70703125 0.5515625 0.05703125 0.1578125