0 0.16796875 0.12734375 0.13046875 0.06796875
0 0.72421875 0.95703125 0.109375 0.06640625
1 0.12421875 0.10546875 0.0875 0.10390625
1 0.33125 0.62734375 0.07890625 0.08203125
2 0.23359375 0.1921875 0.08828125 0.08984375
2 0.27734375 0.3171875 0.07734375 0.06328125
3 0.26796875 0.7265625 0.08984375 0.02734375
3 0.37109375 0.62578125 0.065625 0.07109375
4 0.575 0.66875 0.07890625 0.0703125
4 0.4234375 0.4515625 0.0703125 0.0734375
8 0.46015625 0.56875 0.08203125 0.0546875
8 0.365625 0.54921875 0.06640625 0.0546875
9 0.93671875 0.646875 0.0875 0.0421875
9 0.41640625 0.86796875 0.046875 0.078125
10 0.5640625 0.51953125 0.03671875 0.0765625
10 0.40625 0.784375 0.04765625 0.05078125
11 0.4984375 0.74453125 0.071875 0.03359375
11 0.3328125 0.61484375 0.04921875 0.0578125
5 0.56328125 0.23203125 0.03984375 0.08984375
5 0.18671875 0.14140625 0.075 0.0328125
6 0.0515625 0.03359375 0.07578125 0.059375
6 0.74921875 0.45859375 0.04765625 0.053125
7 0.609375 0.33828125 0.03671875 0.0828125
7 0.346875 0.57890625 0.06796875 0.02578125
12 0.409375 0.51015625 0.0359375 0.07265625
12 0.5828125 0.503125 0.065625 0.02734375
13 0.18515625 0.17265625 0.059375 0.05625
13 0.7875 0.759375 0.059375 0.04140625
14 0.34453125 0.70390625 0.03515625 0.053125
14 0.5234375 0.34765625 0.05234375 0.046875
15 0.48125 0.63125 0.0453125 0.040625
15 0.37578125 0.76796875 0.03984375 0.04375
16 0.59921875 0.74140625 0.0296875 0.05859375
16 0.53046875 0.51875 0.03203125 0.053125
17 0.24609375 0.33515625 0.0421875 0.046875
17 0.41796875 0.25859375 0.05 0.03359375
18 0.38203125 0.8890625 0.03359375 0.0359375
18 0.4609375 0.56328125 0.040625 0.02734375
19 0.703125 0.75625 0.03828125 0.034375
19 0.1640625 0.1078125 0.028125 0.04765625
20 0.60234375 0.5171875 0.03203125 0.02578125
20 0.9453125 0.5375 0.0296875 0.046875
21 0.6765625 0.75390625 0.034375 0.03828125
21 0.6328125 0.48828125 0.03203125 0.01875
22 0.2625 0.69140625 0.05859375 0.06953125
22 0.48515625 0.51875 0.0296875 0.0828125