0 0.35546875 0.45546875 0.18046875 0.16640625
0 0.225 0.6953125 0.07109375 0.221875
1 0.4375 0.76953125 0.20234375 0.0734375
1 0.15546875 0.47890625 0.06953125 0.21015625
2 0.5796875 0.26640625 0.08125 0.19765625
2 0.1453125 0.76015625 0.16015625 0.09140625
3 0.47421875 0.6765625 0.1015625 0.11875
3 0.21796875 0.61953125 0.0625 0.15625
4 0.50546875 0.5484375 0.13671875 0.08125
4 0.72421875 0.6609375 0.14375 0.075
8 0.5296875 0.3359375 0.07890625 0.16015625
8 0.471875 0.3125 0.09921875 0.11875
9 0.43046875 0.9234375 0.13359375 0.10078125
9 0.35625 0.54765625 0.1234375 0.0703125
10 0.48046875 0.24140625 0.05859375 0.13671875
10 0.3921875 0.50546875 0.07734375 0.08125
11 0.22890625 0.46484375 0.0671875 0.12421875
11 0.271875 0.72734375 0.0640625 0.13046875
5 0.61328125 0.84609375 0.0890625 0.11875
5 0.64375 0.37734375 0.0796875 0.12265625
6 0.275 0.8453125 0.1046875 0.09765625
6 0.28984375 0.6375 0.12265625 0.05546875
7 0.38203125 0.6515625 0.0796875 0.1125
7 0.43046875 0.77109375 0.05234375 0.12890625
12 0.8046875 0.42578125 0.09296875 0.078125
12 0.603125 0.109375 0.11484375 0.071875
13 0.734375 0.6 0.10078125 0.05234375
13 0.7421875 0.0390625 0.1109375 0.04921875
14 0.53125 0.1484375 0.05546875 0.1109375
14 0.50625 0.665625 0.0875 0.065625
15 0.6796875 0.8140625 0.07578125 0.078125
15 0.6765625 0.76171875 0.090625 0.05234375
16 0.31640625 0.9359375 0.07734375 0.06015625
16 0.27109375 0.478125 0.04375 0.08515625
17 0.37265625 0.625 0.0609375 0.065625
17 0.14921875 0.8125 0.07109375 0.05234375
18 0.3671875 0.8703125 0.07109375 0.05078125
18 0.946875 0.45703125 0.07421875 0.04921875
19 0.04296875 0.56171875 0.05078125 0.0734375
19 0.4546875 0.76640625 0.03359375 0.071875
20 0.9109375 0.38359375 0.04375 0.078125
20 0.4265625 0.23046875 0.05234375 0.05390625
21 0.18359375 0.57890625 0.05546875 0.05859375
21 0.19453125 0.83671875 0.065625 0.0421875
22 0.09140625 0.521875 0.09609375 0.08125
23 0.3703125 0.915625 0.0421875 0.0734375