0 0.60625 0.759375 0.09765625 0.17578125
0 0.13984375 0.33828125 0.2109375 0.071875
1 0.52734375 0.4890625 0.14453125 0.1828125
1 0.265625 0.81875 0.0625 0.23515625
2 0.1515625 0.76640625 0.12890625 0.18125
2 0.425 0.81328125 0.1359375 0.1609375
3 0.52265625 0.6265625 0.13828125 0.1359375
3 0.68203125 0.73046875 0.05234375 0.1921875
4 0.2484375 0.39921875 0.13125 0.10078125
4 0.33515625 0.61015625 0.153125 0.0921875
8 0.603125 0.89921875 0.14453125 0.0828125
8 0.390625 0.42578125 0.08203125 0.17734375
9 0.4796875 0.7515625 0.09453125 0.128125
9 0.409375 0.15546875 0.13203125 0.13203125
10 0.16875 0.27890625 0.13515625 0.06015625
10 0.3203125 0.45 0.13125 0.06328125
11 0.2484375 0.1359375 0.11171875 0.1234375
11 0.3609375 0.325 0.13125 0.04921875
5 0.08359375 0.71171875 0.0796875 0.13046875
5 0.35078125 0.85390625 0.0671875 0.14296875
6 0.46796875 0.5453125 0.11484375 0.07265625
6 0.26328125 0.65078125 0.10078125 0.08515625
7 0.28828125 0.55078125 0.1140625 0.05625
7 0.19453125 0.61796875 0.06015625 0.1375
12 0.484375 0.3078125 0.06875 0.09921875
12 0.4703125 0.25625 0.11484375 0.0484375
13 0.2484375 0.08359375 0.109375 0.07734375
13 0.5296875 0.58984375 0.04765625 0.1234375
14 0.29296875 0.25546875 0.07578125 0.1140625
14 0.3078125 0.253125 0.10546875 0.0578125
15 0.54609375 0.85859375 0.06953125 0.0546875
15 0.4140625 0.8140625 0.0734375 0.0796875
16 0.14140625 0.23046875 0.084375 0.08671875
16 0.4078125 0.6921875 0.0671875 0.0890625
17 0.55234375 0.821875 0.07734375 0.0484375
17 0.3421875 0.07734375 0.084375 0.05234375
18 0.47734375 0.634375 0.0578125 0.07421875
18 0.30390625 0.628125 0.05859375 0.0703125
19 0.95625 0.9453125 0.06640625 0.07578125
19 0.38984375 0.26171875 0.0640625 0.06640625
20 0.3140625 0.35234375 0.05 0.0578125
20 0.49609375 0.38203125 0.04921875 0.05078125
21 0.18046875 0.0515625 0.05234375 0.07578125
21 0.52890625 0.65390625 0.04765625 0.0671875
22 0.71171875 0.67578125 0.05546875 0.1578125
22 0.5984375 0.73359375 0.12890625 0.08125
23 0.1859375 0.1109375 0.0734375 0.06484375