0 0.54453125 0.821875 0.16015625 0.071875
0 0.50390625 0.61328125 0.12578125 0.1
1 0.540625 0.725 0.09140625 0.07265625
1 0.39921875 0.790625 0.190625 0.0625
2 0.24453125 0.34765625 0.11953125 0.09140625
2 0.25859375 0.50390625 0.0671875 0.1265625
3 0.69609375 0.471875 0.11796875 0.09765625
3 0.24765625 0.4515625 0.0875 0.128125
4 0.28515625 0.57265625 0.1015625 0.07421875
4 0.75703125 0.57734375 0.11953125 0.07734375
8 0.684375 0.7375 0.0671875 0.1140625
8 0.62890625 0.58515625 0.0796875 0.06484375
9 0.7640625 0.27734375 0.1359375 0.04765625
9 0.340625 0.69765625 0.121875 0.053125
10 0.359375 0.8359375 0.12734375 0.04609375
10 0.8421875 0.3234375 0.05234375 0.096875
11 0.65859375 0.55078125 0.1140625 0.05546875
11 0.353125 0.34453125 0.04765625 0.090625
5 0.6640625 0.303125 0.08359375 0.071875
5 0.34453125 0.81484375 0.03671875 0.0953125
6 0.4 0.43046875 0.08203125 0.0890625
6 0.23359375 0.4296875 0.0640625 0.090625
7 0.37109375 0.64296875 0.08203125 0.0875
7 0.80625 0.38984375 0.04765625 0.08046875
12 0.59609375 0.65546875 0.08515625 0.04609375
12 0.91953125 0.3359375 0.075 0.06875
13 0.9375 0.0265625 0.09453125 0.0453125
13 0.73046875 0.62890625 0.05234375 0.08828125
14 0.07890625 0.73828125 0.09453125 0.0515625
14 0.421875 0.628125 0.09609375 0.03984375
15 0.865625 0.33359375 0.03828125 0.0546875
15 0.646875 0.90703125 0.0640625 0.0546875
16 0.525 0.8703125 0.07109375 0.059375
16 0.7859375 0.3203125 0.03671875 0.07109375
17 0.23359375 0.81015625 0.07265625 0.05
17 0.60703125 0.61796875 0.04140625 0.0546875
18 0.55625 0.96328125 0.07109375 0.03671875
18 0.78359375 0.96015625 0.046875 0.0546875
19 0.33046875 0.46171875 0.0421875 0.05234375
19 0.44140625 0.75625 0.04140625 0.05
20 0.70234375 0.525 0.05625 0.03203125
20 0.48125 0.61640625 0.0421875 0.04140625
21 0.57734375 0.6 0.05078125 0.0421875
21 0.6375 0.61953125 0.0453125 0.04609375
22 0.79140625 0.4859375 0.09609375 0.09453125
22 0.63046875 0.33984375 0.125 0.07265625