0 0.21796875 0.77890625 0.09765625 0.1078125
0 0.33828125 0.43125 0.10546875 0.15234375
1 0.51640625 0.30859375 0.1140625 0.13359375
1 0.759375 0.78828125 0.07578125 0.121875
2 0.44140625 0.546875 0.0953125 0.07265625
2 0.87734375 0.703125 0.11875 0.13515625
3 0.3625 0.54609375 0.0578125 0.13125
3 0.05078125 0.765625 0.0625 0.15390625
4 0.70078125 0.1453125 0.14921875 0.04921875
4 0.43828125 0.1859375 0.1140625 0.1046875
8 0.35234375 0.1296875 0.15390625 0.0796875
8 0.4125 0.51015625 0.096875 0.11171875
9 0.6953125 0.5484375 0.10859375 0.0671875
9 0.92578125 0.90390625 0.1390625 0.06171875
10 0.546875 0.15390625 0.0546875 0.1015625
10 0.46796875 0.10390625 0.0828125 0.0515625
11 0.27109375 0.45703125 0.10234375 0.07890625
11 0.52578125 0.7984375 0.0515625 0.11171875
5 0.65078125 0.46015625 0.0578125 0.09296875
5 0.36953125 0.46796875 0.0546875 0.090625
6 0.44296875 0.39140625 0.09375 0.08359375
6 0.38046875 0.09296875 0.11640625 0.06171875
7 0.45859375 0.65234375 0.05859375 0.10390625
7 0.70859375 0.0375 0.096875 0.0515625
12 0.5859375 0.70390625 0.05234375 0.0828125
12 0.759375 0.528125 0.03671875 0.09375
13 0.36484375 0.840625 0.084375 0.05234375
13 0.73671875 0.10390625 0.09375 0.0421875
14 0.38125 0.425 0.0828125 0.05859375
14 0.6359375 0.24609375 0.0828125 0.0625
15 0.91015625 0.92578125 0.0625 0.053125
15 0.56640625 0.284375 0.071875 0.03828125
16 0.45390625 0.4390625 0.065625 0.05859375
16 0.30859375 0.40078125 0.084375 0.04453125
17 0.25 0.4078125 0.06953125 0.06640625
17 0.65859375 0.08125 0.07109375 0.05703125
18 0.51953125 0.43203125 0.05859375 0.0359375
18 0.3609375 0.96875 0.05390625 0.05234375
19 0.4609375 0.4953125 0.06328125 0.040625
19 0.25859375 0.50625 0.04765625 0.053125
20 0.50234375 0.38359375 0.03671875 0.0421875
20 0.1375 0.87890625 0.0578125 0.0390625
21 0.23984375 0.18203125 0.04296875 0.059375
21 0.43046875 0.2359375 0.05859375 0.034375
22 0.609375 0.26640625 0.084375 0.0953125
23 0.50546875 0.06875 0.0625 0.03203125