0 0.47734375 0.3703125 0.0984375 0.21953125
0 0.66796875 0.58203125 0.07421875 0.24921875
1 0.503125 0.13828125 0.1703125 0.13515625
1 0.69765625 0.23984375 0.16484375 0.096875
2 0.5828125 0.37109375 0.034375 0.18515625
2 0.796875 0.0828125 0.15546875 0.078125
3 0.8890625 0.14765625 0.05859375 0.153125
3 0.60859375 0.23359375 0.0390625 0.17890625
4 0.38203125 0.90859375 0.09296875 0.153125
4 0.609375 0.1859375 0.1359375 0.07421875
8 0.78046875 0.3515625 0.07265625 0.13828125
8 0.846875 0.26953125 0.11015625 0.1171875
9 0.6921875 0.15859375 0.12734375 0.0890625
9 0.94765625 0.18046875 0.078125 0.07421875
10 0.75859375 0.73046875 0.05859375 0.1328125
10 0.421875 0.32109375 0.0515625 0.12890625
11 0.15625 0.82109375 0.12421875 0.06796875
11 0.85390625 0.478125 0.0765625 0.0921875
5 0.68984375 0.5875 0.09921875 0.08125
5 0.65859375 0.42109375 0.11015625 0.059375
6 0.78828125 0.53125 0.1140625 0.05546875
6 0.83125 0.159375 0.0796875 0.10703125
7 0.60234375 0.6 0.06171875 0.12421875
7 0.67109375 0.621875 0.1078125 0.0578125
12 0.4890625 0.1140625 0.08515625 0.08984375
12 0.68359375 0.5125 0.0875 0.0375
13 0.57890625 0.52578125 0.078125 0.06875
13 0.67578125 0.37109375 0.0953125 0.04375
14 0.38125 0.39375 0.05078125 0.10390625
14 0.56953125 0.0546875 0.0875 0.08203125
15 0.54453125 0.36328125 0.065625 0.05859375
15 0.78203125 0.64609375 0.08359375 0.04921875
16 0.12265625 0.89921875 0.05546875 0.1
16 0.54375 0.18984375 0.065625 0.07578125
17 0.8625 0.234375 0.06484375 0.0609375
17 0.4765625 0.33046875 0.034375 0.08359375
18 0.384375 0.70546875 0.040625 0.08125
18 0.39375 0.2484375 0.05546875 0.0640625
19 0.4421875 0.25234375 0.0578125 0.0578125
19 0.89921875 0.10859375 0.06015625 0.05859375
20 0.05390625 0.91328125 0.05625 0.05625
20 0.546875 0.31796875 0.05234375 0.040625
21 0.5484375 0.28828125 0.0390625 0.0578125
21 0.521875 0.4390625 0.03203125 0.07109375
22 0.52109375 0.434375 0.09609375 0.07578125
22 0.68203125 0.2703125 0.046875 0.13828125