0 0.29609375 0.47421875 0.2 0.22890625
0 0.415625 0.40078125 0.06328125 0.346875
1 0.8390625 0.690625 0.1390625 0.1546875
1 0.68984375 0.2390625 0.27421875 0.09375
2 0.80625 0.52890625 0.1640625 0.17890625
2 0.50859375 0.43203125 0.184375 0.1234375
3 0.62734375 0.6421875 0.165625 0.153125
3 0.46171875 0.74140625 0.10078125 0.2140625
4 0.34453125 0.59296875 0.08203125 0.23515625
4 0.1125 0.51328125 0.08515625 0.22734375
8 0.16015625 0.6453125 0.08515625 0.23828125
8 0.334375 0.30234375 0.1515625 0.125
9 0.684375 0.4046875 0.08671875 0.19765625
9 0.83203125 0.9 0.18125 0.13828125
10 0.353125 0.2703125 0.06796875 0.1625
10 0.38359375 0.44765625 0.1453125 0.07265625
11 0.11875 0.37734375 0.165625 0.0875
11 0.7046875 0.3796875 0.1296875 0.1546875
5 0.47890625 0.846875 0.14375 0.11484375
5 0.484375 0.0875 0.07109375 0.1515625
6 0.8296875 0.21328125 0.1359375 0.08046875
6 0.9 0.428125 0.15 0.096875
7 0.4640625 0.24765625 0.05546875 0.159375
7 0.79921875 0.315625 0.11015625 0.0984375
12 0.6921875 0.91484375 0.12421875 0.11484375
12 0.63125 0.31484375 0.1359375 0.08046875
13 0.68671875 0.8125 0.13125 0.08515625
13 0.43515625 0.3578125 0.1296875 0.07421875
14 0.7078125 0.6609375 0.11796875 0.0984375
14 0.49375 0.74375 0.11171875 0.07578125
15 0.90390625 0.5265625 0.05859375 0.11171875
15 0.60078125 0.68125 0.10546875 0.06875
16 0.1875 0.44609375 0.08046875 0.11171875
16 0.8 0.60859375 0.09921875 0.0921875
17 0.3859375 0.61875 0.06640625 0.0890625
17 0.65390625 0.8765625 0.10390625 0.05625
18 0.48359375 0.54453125 0.07265625 0.08203125
18 0.77578125 0.525 0.07421875 0.07578125
19 0.35234375 0.521875 0.08828125 0.0578125
19 0.090625 0.328125 0.08515625 0.08046875
20 0.46875 0.9015625 0.07734375 0.07578125
20 0.50546875 0.3109375 0.06640625 0.07578125
21 0.55 0.55703125 0.08515625 0.0640625
21 0.71328125 0.296875 0.08359375 0.04765625
22 0.76328125 0.39453125 0.1734375 0.0890625
22 0.28046875 0.728125 0.09609375 0.17890625
23 0.4296875 0.92734375 0.07890625 0.07578125