0 0.2203125 0.73828125 0.26875 0.1046875
0 0.68125 0.6625 0.30546875 0.24296875
1 0.4109375 0.8296875 0.3546875 0.103125
1 0.7640625 0.7734375 0.15546875 0.11015625
2 0.40390625 0.90703125 0.2296875 0.12578125
2 0.79921875 0.55546875 0.2296875 0.2109375
3 0.84921875 0.35625 0.24375 0.08828125
3 0.41796875 0.53984375 0.05703125 0.25
4 0.46640625 0.6265625 0.2359375 0.08671875
4 0.41328125 0.20546875 0.0921875 0.209375
8 0.6671875 0.47421875 0.178125 0.13671875
8 0.39140625 0.49296875 0.196875 0.11328125
9 0.6484375 0.37109375 0.15390625 0.13984375
9 0.265625 0.65234375 0.165625 0.12421875
10 0.56796875 0.83515625 0.14765625 0.13125
10 0.7046875 0.15 0.16015625 0.12265625
11 0.85234375 0.290625 0.184375 0.078125
11 0.7984375 0.63828125 0.0796875 0.14921875
5 0.43046875 0.74765625 0.1640625 0.0796875
5 0.1140625 0.54453125 0.1171875 0.1703125
6 0.7015625 0.28359375 0.1046875 0.14921875
6 0.74921875 0.45390625 0.14921875 0.08515625
7 0.84453125 0.66015625 0.0859375 0.146875
7 0.17109375 0.603125 0.10078125 0.13125
12 0.52890625 0.1453125 0.1109375 0.10625
12 0.4640625 0.28984375 0.1375 0.10078125
13 0.69375 0.7109375 0.10078125 0.12734375
13 0.6375 0.80703125 0.14765625 0.08515625
14 0.66796875 0.52890625 0.13515625 0.08359375
14 0.603125 0.53125 0.084375 0.12578125
15 0.60625 0.559375 0.13125 0.0546875
15 0.6671875 0.48046875 0.06796875 0.103125
16 0.49765625 0.57265625 0.05703125 0.1203125
16 0.58515625 0.68046875 0.10078125 0.08828125
17 0.296875 0.37109375 0.065625 0.1046875
17 0.853125 0.48046875 0.10078125 0.10625
18 0.29375 0.52578125 0.0796875 0.08359375
18 0.51015625 0.490625 0.078125 0.0765625
19 0.61484375 0.60625 0.08984375 0.078125
19 0.378125 0.53984375 0.08828125 0.06953125
20 0.8921875 0.584375 0.0921875 0.06953125
20 0.35859375 0.68984375 0.0859375 0.0640625
21 0.434375 0.72109375 0.0734375 0.07265625
21 0.25703125 0.6703125 0.071875 0.07421875
22 0.615625 0.13046875 0.14140625 0.14375
23 0.62109375 0.7515625 0.06171875 0.078125