0 0.36484375 0.35859375 0.15859375 0.115625
0 0.3015625 0.196875 0.31171875 0.0703125
1 0.565625 0.85234375 0.2125 0.178125
1 0.80625 0.6203125 0.25 0.1078125
2 0.5671875 0.59140625 0.175 0.18828125
2 0.1359375 0.39765625 0.096875 0.2265625
3 0.51953125 0.6515625 0.21796875 0.09921875
3 0.31796875 0.17734375 0.21796875 0.12578125
4 0.740625 0.64140625 0.20546875 0.1125
4 0.23671875 0.50625 0.10859375 0.17109375
8 0.27734375 0.57890625 0.14375 0.1125
8 0.55234375 0.08125 0.23125 0.05859375
9 0.384375 0.85078125 0.19765625 0.090625
9 0.40234375 0.72578125 0.13984375 0.0875
10 0.34140625 0.48046875 0.15703125 0.09375
10 0.74921875 0.91875 0.1625 0.10234375
11 0.653125 0.3421875 0.10859375 0.1359375
11 0.7578125 0.50234375 0.1640625 0.06015625
5 0.12421875 0.3703125 0.1359375 0.11953125
5 0.45625 0.32421875 0.125 0.12109375
6 0.36640625 0.64140625 0.13984375 0.1125
6 0.26015625 0.725 0.1546875 0.05859375
7 0.1640625 0.55390625 0.08984375 0.12265625
7 0.27265625 0.5109375 0.15703125 0.06015625
12 0.45859375 0.13359375 0.10859375 0.10234375
12 0.33671875 0.10859375 0.11015625 0.11953125
13 0.11953125 0.64375 0.075 0.12734375
13 0.55 0.725 0.059375 0.109375
14 0.48984375 0.23671875 0.1171875 0.10078125
14 0.35078125 0.30703125 0.05625 0.1359375
15 0.66796875 0.559375 0.10078125 0.05703125
15 0.6375 0.446875 0.1171875 0.05703125
16 0.39375 0.41484375 0.11953125 0.05703125
16 0.5078125 0.4359375 0.0671875 0.0859375
17 0.421875 0.2265625 0.11171875 0.05078125
17 0.54765625 0.5359375 0.0875 0.07421875
18 0.3453125 0.5859375 0.05234375 0.07890625
18 0.61640625 0.2265625 0.0578125 0.09375
19 0.61875 0.12734375 0.09921875 0.05703125
19 0.859375 0.453125 0.09140625 0.0625
20 0.21015625 0.28984375 0.046875 0.07890625
20 0.2390625 0.28984375 0.0671875 0.07265625
21 0.19609375 0.353125 0.05625 0.08046875
21 0.49140625 0.790625 0.08046875 0.06875
22 0.56328125 0.41953125 0.115625 0.159375
22 0.81171875 0.70625 0.1453125 0.13125