0 0.34921875 0.45078125 0.11796875 0.21875
0 0.28203125 0.6828125 0.26484375 0.0953125
1 0.625 0.18671875 0.296875 0.1328125
1 0.63515625 0.55859375 0.15 0.128125
2 0.11015625 0.3953125 0.140625 0.1578125
2 0.45234375 0.234375 0.1359375 0.140625
3 0.309375 0.1015625 0.2328125 0.1
3 0.225 0.3921875 0.0765625 0.1984375
4 0.89140625 0.765625 0.18203125 0.084375
4 0.46484375 0.6390625 0.17421875 0.0796875
8 0.4109375 0.5578125 0.18671875 0.0640625
8 0.3828125 0.509375 0.18203125 0.0734375
9 0.68671875 0.78984375 0.1609375 0.0828125
9 0.7375 0.61328125 0.11015625 0.1625
10 0.5859375 0.24140625 0.1515625 0.1078125
10 0.1203125 0.2234375 0.10703125 0.096875
11 0.271875 0.52265625 0.06875 0.140625
11 0.2578125 0.23828125 0.1390625 0.0953125
5 0.3421875 0.66484375 0.11328125 0.14375
5 0.259375 0.171875 0.09375 0.1375
6 0.715625 0.271875 0.10078125 0.1078125
6 0.14140625 0.4484375 0.071875 0.1484375
7 0.60625 0.746875 0.12109375 0.1015625
7 0.9359375 0.8375 0.11796875 0.0875
12 0.69296875 0.4625 0.1359375 0.0609375
12 0.4359375 0.37109375 0.13203125 0.059375
13 0.7796875 0.4078125 0.10546875 0.1015625
13 0.56953125 0.23125 0.09921875 0.121875
14 0.5453125 0.7453125 0.10546875 0.0953125
14 0.53671875 0.32734375 0.12578125 0.053125
15 0.315625 0.159375 0.0859375 0.08125
15 0.4984375 0.71171875 0.0625 0.090625
16 0.38125 0.05390625 0.0921875 0.0828125
16 0.18203125 0.37578125 0.0765625 0.090625
17 0.4703125 0.2921875 0.0640625 0.0921875
17 0.21953125 0.525 0.08125 0.0640625
18 0.709375 0.36171875 0.0796875 0.059375
18 0.12265625 0.3 0.0859375 0.0640625
19 0.5421875 0.47890625 0.0828125 0.059375
19 0.190625 0.59765625 0.10078125 0.05
20 0.371875 0.29453125 0.0703125 0.059375
20 0.546875 0.80546875 0.0640625 0.0671875
21 0.74140625 0.5171875 0.05703125 0.0609375
21 0.62734375 0.95859375 0.0875 0.0640625
22 0.5671875 0.640625 0.1546875 0.0984375