0 0.3515625 0.6453125 0.265625 0.17734375
0 0.21484375 0.3234375 0.24765625 0.22109375
1 0.7203125 0.3796875 0.11015625 0.240625
1 0.7625 0.42421875 0.17578125 0.190625
2 0.36953125 0.5640625 0.25234375 0.04375
2 0.14375 0.3375 0.10546875 0.19921875
3 0.771875 0.66328125 0.15703125 0.084375
3 0.684375 0.084375 0.1609375 0.11328125
4 0.67109375 0.0765625 0.16875 0.1046875
4 0.67578125 0.08125 0.1609375 0.1109375
8 0.8109375 0.20390625 0.1640625 0.13984375
8 0.07578125 0.2015625 0.11015625 0.18828125
9 0.69140625 0.6359375 0.165625 0.11484375
9 0.4953125 0.653125 0.12578125 0.0859375
10 0.25234375 0.38359375 0.09375 0.1171875
10 0.79140625 0.75703125 0.06015625 0.1421875
11 0.82109375 0.5625 0.15546875 0.0640625
11 0.5046875 0.1671875 0.09375 0.11953125
5 0.4875 0.24140625 0.06875 0.096875
5 0.18046875 0.61015625 0.11171875 0.13515625
6 0.634375 0.1390625 0.16015625 0.05546875
6 0.1546875 0.3046875 0.08046875 0.1546875
7 0.2328125 0.134375 0.14921875 0.115625
7 0.5828125 0.18984375 0.0921875 0.09140625
12 0.35625 0.05234375 0.090625 0.1046875
12 0.484375 0.440625 0.10390625 0.096875
13 0.95078125 0.46015625 0.075 0.11796875
13 0.60859375 0.8046875 0.1375 0.06484375
14 0.503125 0.9265625 0.06171875 0.12109375
14 0.27734375 0.1765625 0.12578125 0.06875
15 0.8421875 0.3734375 0.0515625 0.1
15 0.47421875 0.36015625 0.11328125 0.0625
16 0.3421875 0.45078125 0.0921875 0.078125
16 0.646875 0.403125 0.06484375 0.096875
17 0.478125 0.546875 0.096875 0.05546875
17 0.4578125 0.0796875 0.1140625 0.0484375
18 0.32421875 0.52265625 0.08828125 0.05703125
18 0.4765625 0.16875 0.0671875 0.05703125
19 0.3640625 0.26484375 0.075 0.075
19 0.3421875 0.684375 0.075 0.06171875
20 0.48671875 0.11171875 0.0765625 0.0328125
20 0.396875 0.115625 0.0421875 0.0640625
21 0.55390625 0.46640625 0.071875 0.0625
21 0.35390625 0.321875 0.08046875 0.046875
22 0.74453125 0.23984375 0.13203125 0.11953125
23 0.8078125 0.60234375 0.06484375 0.05078125