0 0.478125 0.07578125 0.06953125 0.14453125
0 0.34140625 0.27109375 0.0765625 0.17734375
1 0.53671875 0.11328125 0.11796875 0.12734375
1 0.3625 0.28984375 0.03984375 0.1671875
2 0.53671875 0.8109375 0.10859375 0.05625
2 0.646875 0.546875 0.06484375 0.12265625
3 0.9453125 0.678125 0.0984375 0.07734375
3 0.67890625 0.4484375 0.09609375 0.09453125
4 0.71015625 0.83046875 0.10546875 0.06640625
4 0.6515625 0.27265625 0.08125 0.12109375
8 0.48828125 0.38828125 0.08046875 0.09765625
8 0.3765625 0.778125 0.03125 0.15390625
9 0.2171875 0.40234375 0.06640625 0.11328125
9 0.2359375 0.31953125 0.06953125 0.11015625
10 0.54921875 0.5046875 0.05 0.10859375
10 0.225 0.5859375 0.0828125 0.05625
11 0.11875 0.5515625 0.03671875 0.12734375
11 0.3 0.7765625 0.0515625 0.11015625
5 0.30078125 0.56484375 0.06875 0.07890625
5 0.28515625 0.225 0.0578125 0.09765625
6 0.53984375 0.309375 0.07421875 0.06953125
6 0.440625 0.76640625 0.03125 0.1
7 0.6484375 0.715625 0.0734375 0.07734375
7 0.46640625 0.74140625 0.03671875 0.09453125
12 0.32734375 0.09140625 0.06640625 0.06015625
12 0.14765625 0.42421875 0.03359375 0.0984375
13 0.309375 0.4640625 0.040625 0.08125
13 0.29375 0.33359375 0.02734375 0.10390625
14 0.41953125 0.74375 0.04609375 0.08515625
14 0.40078125 0.41953125 0.028125 0.0875
15 0.63125 0.60703125 0.040625 0.08125
15 0.50234375 0.47578125 0.0296875 0.09453125
16 0.54140625 0.22578125 0.0546875 0.0625
16 0.2578125 0.09921875 0.04609375 0.07578125
17 0.03359375 0.496875 0.046875 0.07734375
17 0.43671875 0.5390625 0.05078125 0.0484375
18 0.64140625 0.7625 0.04765625 0.04609375
18 0.56796875 0.4265625 0.0484375 0.04140625
19 0.62578125 0.37109375 0.04609375 0.0484375
19 0.71328125 0.946875 0.0359375 0.07109375
20 0.60859375 0.61015625 0.02734375 0.0609375
20 0.58828125 0.21015625 0.028125 0.05625
21 0.31875 0.26640625 0.025 0.05625
21 0.478125 0.30859375 0.03984375 0.0453125
22 0.3734375 0.4375 0.040625 0.1109375
23 0.434375 0.828125 0.03984375 0.05859375