0 0.52265625 0.25703125 0.1515625 0.309375
0 0.6265625 0.2328125 0.12890625 0.271875
1 0.33046875 0.15 0.20859375 0.2546875
1 0.4265625 0.159375 0.21015625 0.2390625
2 0.56953125 0.85 0.1640625 0.184375
2 0.2171875 0.66953125 0.2046875 0.1421875
3 0.10078125 0.3828125 0.1375 0.23671875
3 0.121875 0.228125 0.078125 0.271875
4 0.25859375 0.65 0.1328125 0.18203125
4 0.62265625 0.671875 0.1078125 0.2265625
8 0.77265625 0.315625 0.12578125 0.18203125
8 0.70078125 0.65859375 0.08984375 0.2796875
9 0.1625 0.55078125 0.16640625 0.109375
9 0.91015625 0.39765625 0.14453125 0.13203125
10 0.34453125 0.2734375 0.1375 0.10703125
10 0.55 0.4390625 0.07265625 0.19453125
11 0.53828125 0.6171875 0.09375 0.196875
11 0.575 0.07734375 0.1640625 0.15
5 0.6640625 0.6609375 0.1375 0.08984375
5 0.60625 0.62578125 0.04921875 0.2046875
6 0.2890625 0.37421875 0.121875 0.15
6 0.7046875 0.47890625 0.12734375 0.13984375
7 0.228125 0.17109375 0.11328125 0.146875
7 0.3515625 0.2328125 0.134375 0.121875
12 0.5828125 0.2171875 0.1234375 0.0796875
12 0.62578125 0.33203125 0.08515625 0.1546875
13 0.51875 0.303125 0.10390625 0.10703125
13 0.5203125 0.77578125 0.06875 0.14453125
14 0.225 0.51640625 0.12890625 0.06953125
14 0.41484375 0.1359375 0.10234375 0.10703125
15 0.2453125 0.41640625 0.0703125 0.1546875
15 0.3515625 0.62109375 0.08125 0.08984375
16 0.41640625 0.70859375 0.05859375 0.159375
16 0.45390625 0.70078125 0.053125 0.09453125
17 0.63359375 0.46171875 0.07265625 0.11484375
17 0.3625 0.89296875 0.0671875 0.125
18 0.45703125 0.56640625 0.06875 0.1046875
18 0.559375 0.66484375 0.06171875 0.07734375
19 0.309375 0.809375 0.08828125 0.096875
19 0.4015625 0.59375 0.0515625 0.11484375
20 0.675 0.3453125 0.06328125 0.0671875
20 0.39375 0.07265625 0.06328125 0.06953125
21 0.58671875 0.61484375 0.053125 0.08203125
21 0.453125 0.65 0.03359375 0.0875
22 0.3328125 0.5203125 0.11484375 0.18671875
22 0.403125 0.35 0.1234375 0.10703125