0 0.7 0.30078125 0.06328125 0.228125
0 0.8171875 0.22734375 0.09765625 0.115625
1 0.7875 0.63046875 0.0765625 0.18984375
1 0.084375 0.715625 0.11328125 0.08125
2 0.35390625 0.32890625 0.09765625 0.08828125
2 0.3046875 0.415625 0.05859375 0.1671875
3 0.82421875 0.30390625 0.09375 0.08984375
3 0.6703125 0.14765625 0.09296875 0.09140625
4 0.4984375 0.84921875 0.09296875 0.0984375
4 0.73515625 0.309375 0.09140625 0.065625
8 0.54765625 0.2234375 0.0875 0.07734375
8 0.7546875 0.69765625 0.0421875 0.17265625
9 0.7578125 0.59296875 0.0890625 0.09140625
9 0.55546875 0.45078125 0.04375 0.12109375
10 0.80703125 0.13359375 0.071875 0.1125
10 0.66953125 0.55703125 0.07265625 0.07734375
11 0.51796875 0.69453125 0.04765625 0.09296875
11 0.7203125 0.690625 0.0515625 0.10703125
5 0.46171875 0.40390625 0.0375 0.134375
5 0.50234375 0.23671875 0.07109375 0.0796875
6 0.5609375 0.84609375 0.05390625 0.12109375
6 0.1484375 0.703125 0.06328125 0.12109375
7 0.5375 0.18203125 0.0640625 0.0984375
7 0.52421875 0.3796875 0.0734375 0.05859375
12 0.28203125 0.42578125 0.04921875 0.0984375
12 0.790625 0.39140625 0.075 0.0671875
13 0.4484375 0.92421875 0.05390625 0.10390625
13 0.85390625 0.0734375 0.0390625 0.1125
14 0.2859375 0.56875 0.05625 0.0984375
14 0.4484375 0.71953125 0.05625 0.07421875
15 0.36640625 0.5546875 0.06171875 0.05546875
15 0.5390625 0.55234375 0.05390625 0.07265625
16 0.54765625 0.28046875 0.059375 0.05390625
16 0.61328125 0.26015625 0.03359375 0.10546875
17 0.284375 0.3734375 0.04609375 0.06875
17 0.696875 0.69921875 0.04765625 0.05546875
18 0.62421875 0.39375 0.04375 0.065625
18 0.50546875 0.6015625 0.04375 0.0671875
19 0.534375 0.6265625 0.03125 0.07578125
19 0.2328125 0.88515625 0.05 0.0671875
20 0.35703125 0.9203125 0.0421875 0.05859375
20 0.50546875 0.91640625 0.0421875 0.0640625
21 0.7546875 0.3671875 0.0375 0.0640625
21 0.7078125 0.50859375 0.05 0.05
22 0.58359375 0.42265625 0.0546875 0.1296875
22 0.390625 0.64609375 0.09140625 0.07265625