0 0.4453125 0.19140625 0.2359375 0.07109375
0 0.43984375 0.2953125 0.125 0.1578125
1 0.36171875 0.53515625 0.15625 0.10546875
1 0.625 0.32421875 0.1265625 0.1140625
2 0.51953125 0.103125 0.18984375 0.078125
2 0.43828125 0.7765625 0.11171875 0.07421875
3 0.51640625 0.525 0.13359375 0.1234375
3 0.48515625 0.278125 0.1203125 0.12578125
4 0.89140625 0.52421875 0.0625 0.16015625
4 0.53515625 0.19140625 0.1875 0.07109375
8 0.54921875 0.67734375 0.1796875 0.03984375
8 0.265625 0.42734375 0.13203125 0.10390625
9 0.4859375 0.325 0.0953125 0.121875
9 0.3578125 0.25 0.128125 0.0859375
10 0.75078125 0.63359375 0.0578125 0.125
10 0.24453125 0.559375 0.07734375 0.11640625
11 0.74765625 0.2921875 0.1515625 0.05859375
11 0.73203125 0.43671875 0.0640625 0.0984375
5 0.87890625 0.38125 0.0609375 0.12734375
5 0.43828125 0.7359375 0.121875 0.046875
6 0.41875 0.07890625 0.11875 0.12734375
6 0.278125 0.62109375 0.125 0.075
7 0.36875 0.93046875 0.1515625 0.09140625
7 0.69609375 0.74140625 0.1171875 0.08046875
12 0.23671875 0.34296875 0.09375 0.078125
12 0.2421875 0.3046875 0.11875 0.0421875
13 0.66953125 0.6578125 0.1234375 0.046875
13 0.42890625 0.60703125 0.0609375 0.08203125
14 0.7734375 0.37578125 0.0640625 0.09140625
14 0.3390625 0.3875 0.06953125 0.09609375
15 0.6609375 0.61484375 0.05234375 0.0875
15 0.1953125 0.6 0.0546875 0.08515625
16 0.7984375 0.64609375 0.084375 0.05625
16 0.68671875 0.55390625 0.09921875 0.053125
17 0.565625 0.728125 0.090625 0.05625
17 0.68203125 0.30390625 0.07265625 0.046875
18 0.42890625 0.69375 0.05078125 0.0453125
18 0.31875 0.471875 0.08046875 0.0453125
19 0.2109375 0.26875 0.059375 0.06015625
19 0.5734375 0.67421875 0.06953125 0.04921875
20 0.7515625 0.4921875 0.04296875 0.0453125
20 0.7578125 0.45625 0.04609375 0.04921875
21 0.7703125 0.50859375 0.0546875 0.06171875
21 0.29921875 0.4015625 0.05078125 0.0546875
22 0.51171875 0.753125 0.084375 0.10390625
23 0.08515625 0.609375 0.0640625 0.0578125