0 0.4484375 0.74375 0.07265625 0.16328125
0 0.40625 0.41796875 0.06328125 0.1046875
1 0.28359375 0.9375 0.1390625 0.08125
1 0.38203125 0.6703125 0.1484375 0.05
2 0.3859375 0.70078125 0.0421875 0.1390625
2 0.13515625 0.41484375 0.0390625 0.1734375
3 0.2484375 0.4859375 0.11328125 0.0625
3 0.91484375 0.2640625 0.140625 0.05625
4 0.33125 0.615625 0.078125 0.115625
4 0.52578125 0.73125 0.109375 0.090625
8 0.48125 0.7421875 0.0953125 0.115625
8 0.390625 0.0640625 0.09453125 0.08828125
9 0.0671875 0.65234375 0.0953125 0.09375
9 0.39765625 0.90625 0.08046875 0.09375
10 0.64296875 0.375 0.0484375 0.10234375
10 0.4328125 0.7515625 0.05546875 0.05
11 0.59375 0.45078125 0.07578125 0.06875
11 0.14921875 0.765625 0.0828125 0.0515625
5 0.4578125 0.3953125 0.04453125 0.08515625
5 0.2609375 0.4 0.053125 0.096875
6 0.5125 0.33515625 0.07578125 0.090625
6 0.3328125 0.89296875 0.0765625 0.0515625
7 0.1765625 0.8890625 0.0828125 0.0796875
7 0.69921875 0.3765625 0.0859375 0.075
12 0.10234375 0.4453125 0.05390625 0.0875
12 0.5421875 0.44921875 0.03046875 0.09921875
13 0.23828125 0.78203125 0.06953125 0.05
13 0.2703125 0.72265625 0.06015625 0.10078125
14 0.2828125 0.33125 0.06875 0.0453125
14 0.44921875 0.52734375 0.06171875 0.05625
15 0.1125 0.6765625 0.06328125 0.04765625
15 0.1984375 0.22265625 0.04453125 0.0515625
16 0.1890625 0.265625 0.03671875 0.08203125
16 0.09140625 0.55234375 0.06796875 0.040625
17 0.1484375 0.9328125 0.046875 0.0578125
17 0.63515625 0.5703125 0.053125 0.0734375
18 0.37890625 0.61484375 0.0484375 0.03046875
18 0.3265625 0.32578125 0.03671875 0.03671875
19 0.334375 0.4578125 0.03515625 0.0578125
19 0.50546875 0.24921875 0.040625 0.04453125
20 0.07265625 0.6109375 0.03046875 0.053125
21 0.48125 0.23125 0.03984375 0.05390625
21 0.1921875 0.95 0.0515625 0.04296875
22 0.36953125 0.31875 0.06640625 0.10234375
22 0.134375 0.45546875 0.0765625 0.0859375