0 0.215625 0.296875 0.23125 0.26328125
0 0.74140625 0.62265625 0.21953125 0.30625
1 0.38359375 0.2671875 0.2296875 0.2125
1 0.52890625 0.26640625 0.20234375 0.21015625
2 0.37578125 0.4859375 0.06953125 0.30234375
2 0.31171875 0.59453125 0.2484375 0.1078125
3 0.51484375 0.44609375 0.15234375 0.22265625
3 0.65625 0.146875 0.1671875 0.12265625
4 0.709375 0.2375 0.19609375 0.09609375
4 0.39296875 0.09765625 0.17421875 0.13046875
8 0.8046875 0.46953125 0.13671875 0.19609375
8 0.26953125 0.440625 0.0828125 0.24921875
9 0.17578125 0.70390625 0.1453125 0.21640625
9 0.20078125 0.69375 0.22265625 0.10625
10 0.68828125 0.50625 0.11640625 0.2078125
10 0.3953125 0.21640625 0.09765625 0.2078125
11 0.5140625 0.640625 0.146875 0.1265625
11 0.62734375 0.503125 0.11015625 0.17734375
5 0.49140625 0.92109375 0.19609375 0.08359375
5 0.6234375 0.6671875 0.084375 0.14296875
6 0.26875 0.1234375 0.1453125 0.165625
6 0.4953125 0.2421875 0.13203125 0.14921875
7 0.68671875 0.7703125 0.18046875 0.09609375
7 0.19609375 0.49296875 0.09765625 0.1859375
12 0.84453125 0.44375 0.1484375 0.07578125
12 0.5625 0.46015625 0.11484375 0.1328125
13 0.77265625 0.33046875 0.13671875 0.09375
13 0.4390625 0.77734375 0.0875 0.159375
14 0.51328125 0.740625 0.128125 0.11015625
14 0.37734375 0.8265625 0.09609375 0.15546875
15 0.615625 0.35703125 0.065625 0.14296875
15 0.321875 0.60625 0.0796875 0.15078125
16 0.24296875 0.6890625 0.09140625 0.13671875
16 0.540625 0.553125 0.1015625 0.1140625
17 0.68828125 0.3734375 0.11328125 0.08125
17 0.40703125 0.67421875 0.09140625 0.12421875
18 0.67109375 0.9109375 0.11640625 0.08359375
18 0.08359375 0.4703125 0.0828125 0.140625
19 0.91328125 0.565625 0.09296875 0.12265625
19 0.87109375 0.6578125 0.0796875 0.1203125
20 0.57421875 0.8234375 0.07421875 0.1
20 0.74140625 0.87109375 0.09453125 0.0734375
21 0.696875 0.684375 0.07265625 0.1125
21 0.55625 0.67421875 0.065625 0.1
22 0.125 0.24375 0.1625 0.18125
23 0.50234375 0.1234375 0.0625 0.1078125