0 0.58125 0.23671875 0.06796875 0.159375
0 0.53203125 0.51171875 0.10625 0.14140625
1 0.61171875 0.8640625 0.06796875 0.13359375
1 0.56484375 0.80625 0.09296875 0.0859375
2 0.11953125 0.52421875 0.134375 0.11015625
2 0.096875 0.3609375 0.13203125 0.140625
3 0.41640625 0.91484375 0.16640625 0.10390625
3 0.47734375 0.31875 0.04453125 0.1765625
4 0.30078125 0.43515625 0.1375 0.1140625
4 0.64765625 0.2 0.075 0.09375
8 0.91796875 0.23125 0.1015625 0.121875
8 0.5890625 0.64375 0.125 0.07890625
9 0.7671875 0.31484375 0.0859375 0.11875
9 0.55234375 0.73828125 0.0984375 0.071875
10 0.071875 0.36015625 0.09609375 0.10625
10 0.51953125 0.5453125 0.09140625 0.0734375
11 0.90390625 0.403125 0.09375 0.05859375
11 0.4484375 0.9296875 0.05234375 0.10859375
5 0.56015625 0.39453125 0.10703125 0.05703125
5 0.87734375 0.42734375 0.1015625 0.1
6 0.69140625 0.53125 0.0828125 0.09140625
6 0.57890625 0.10625 0.071875 0.0703125
7 0.76171875 0.0875 0.1125 0.046875
7 0.5046875 0.74921875 0.046875 0.10859375
12 0.58046875 0.52890625 0.0703125 0.0859375
12 0.34765625 0.8234375 0.034375 0.10703125
13 0.45234375 0.6703125 0.04140625 0.09921875
13 0.509375 0.83984375 0.0515625 0.090625
14 0.78125 0.0421875 0.09375 0.0625
14 0.3890625 0.7765625 0.0546875 0.08359375
15 0.525 0.325 0.0578125 0.07578125
15 0.52578125 0.25859375 0.08828125 0.0390625
16 0.22734375 0.46875 0.04375 0.09140625
16 0.44140625 0.81484375 0.03828125 0.0890625
17 0.74609375 0.3125 0.0640625 0.053125
17 0.565625 0.79140625 0.04921875 0.04453125
18 0.12265625 0.21015625 0.0625 0.06484375
18 0.321875 0.81171875 0.03984375 0.06796875
19 0.33671875 0.67421875 0.05 0.06875
19 0.59296875 0.33359375 0.06484375 0.040625
20 0.53203125 0.62265625 0.0578125 0.0296875
20 0.44140625 0.7484375 0.03828125 0.059375
21 0.3265625 0.2796875 0.06953125 0.0390625
21 0.95703125 0.08359375 0.04765625 0.06875
22 0.61640625 0.1421875 0.07578125 0.12421875
23 0.55 0.640625 0.06796875 0.04140625
23 0.63046875 0.7671875 0.0546875 0.0296875