0 0.1484375 0.6859375 0.18828125 0.2015625
0 0.53046875 0.3984375 0.16796875 0.11640625
1 0.46015625 0.14140625 0.17109375 0.1015625
1 0.44453125 0.69609375 0.24140625 0.0890625
2 0.7984375 0.4171875 0.2 0.12890625
2 0.15703125 0.31484375 0.1296875 0.15859375
3 0.44765625 0.7109375 0.07734375 0.184375
3 0.55625 0.48046875 0.15234375 0.0765625
4 0.45390625 0.90625 0.165625 0.14609375
4 0.7703125 0.61796875 0.1203125 0.12578125
8 0.75078125 0.29921875 0.14140625 0.12421875
8 0.315625 0.5703125 0.09609375 0.1671875
9 0.38828125 0.584375 0.109375 0.084375
9 0.87890625 0.46953125 0.09609375 0.1734375
10 0.22109375 0.45625 0.084375 0.1625
10 0.61640625 0.68359375 0.11875 0.13046875
11 0.24296875 0.75625 0.0828125 0.12578125
11 0.1109375 0.47890625 0.06015625 0.1625
5 0.6609375 0.0765625 0.10546875 0.1109375
5 0.74453125 0.60546875 0.16796875 0.0796875
6 0.68515625 0.2875 0.09453125 0.13984375
6 0.2984375 0.76953125 0.07734375 0.13671875
7 0.64609375 0.14609375 0.17734375 0.1046875
7 0.3734375 0.31953125 0.1453125 0.1109375
12 0.2296875 0.18984375 0.13203125 0.0875
12 0.4171875 0.6140625 0.1265625 0.0953125
13 0.29765625 0.209375 0.1390625 0.08125
13 0.53984375 0.546875 0.14140625 0.04765625
14 0.628125 0.2203125 0.15234375 0.05546875
14 0.37734375 0.18828125 0.07734375 0.12890625
15 0.5015625 0.39921875 0.12265625 0.04765625
15 0.88671875 0.16640625 0.09453125 0.090625
16 0.87265625 0.353125 0.10390625 0.06015625
16 0.54609375 0.73359375 0.109375 0.06875
17 0.675 0.575 0.1 0.06171875
17 0.39921875 0.78046875 0.10546875 0.05703125
18 0.52890625 0.21171875 0.06015625 0.0828125
18 0.50625 0.29921875 0.071875 0.06640625
19 0.27109375 0.3078125 0.0828125 0.075
19 0.63359375 0.48828125 0.065625 0.0765625
20 0.5921875 0.04140625 0.0734375 0.05703125
20 0.38203125 0.7234375 0.05625 0.06328125
21 0.90078125 0.28515625 0.0921875 0.03984375
21 0.83046875 0.26953125 0.04921875 0.075
22 0.65703125 0.73046875 0.10546875 0.12890625
23 0.68046875 0.465625 0.07734375 0.04453125