0 0.9203125 0.0546875 0.1359375 0.10078125
0 0.46171875 0.5671875 0.0765625 0.128125
1 0.40625 0.63359375 0.09140625 0.12265625
1 0.72421875 0.43203125 0.13359375 0.06953125
2 0.2484375 0.56640625 0.0421875 0.1421875
2 0.69609375 0.3578125 0.0921875 0.10390625
3 0.478125 0.61171875 0.03515625 0.1203125
3 0.603125 0.58515625 0.0453125 0.10625
4 0.45625 0.8640625 0.109375 0.0578125
4 0.61875 0.4296875 0.0921875 0.05546875
8 0.796875 0.628125 0.1015625 0.06484375
8 0.41796875 0.7328125 0.04375 0.09375
9 0.53671875 0.93984375 0.06484375 0.09921875
9 0.39296875 0.965625 0.08828125 0.0625
10 0.665625 0.77578125 0.08671875 0.0578125
10 0.290625 0.5671875 0.040625 0.0984375
11 0.56875 0.33984375 0.05859375 0.06484375
11 0.31875 0.28671875 0.03828125 0.096875
5 0.6359375 0.5984375 0.0765625 0.05625
5 0.3515625 0.66484375 0.09140625 0.03359375
6 0.359375 0.5046875 0.0796875 0.05546875
6 0.44140625 0.559375 0.0828125 0.05859375
7 0.04765625 0.390625 0.07890625 0.06328125
7 0.58046875 0.7453125 0.0828125 0.04296875
12 0.7609375 0.35859375 0.03828125 0.084375
12 0.39140625 0.73359375 0.0640625 0.0390625
13 0.51953125 0.5234375 0.05390625 0.05625
13 0.428125 0.17890625 0.0328125 0.08515625
14 0.628125 0.25546875 0.04375 0.07421875
14 0.4453125 0.3828125 0.05 0.05
15 0.5984375 0.28203125 0.0375 0.0609375
15 0.75390625 0.22421875 0.04453125 0.065625
16 0.47109375 0.70859375 0.0453125 0.05625
16 0.803125 0.41796875 0.0390625 0.071875
17 0.2609375 0.465625 0.04453125 0.06328125
17 0.4125 0.33515625 0.03046875 0.06015625
18 0.575 0.534375 0.04375 0.04609375
18 0.66953125 0.253125 0.03046875 0.05859375
19 0.79921875 0.55390625 0.0359375 0.05625
19 0.521875 0.5875 0.0328125 0.05
20 0.30625 0.5140625 0.0390625 0.04375
20 0.70078125 0.09375 0.03828125 0.05390625
21 0.52421875 0.7625 0.0421875 0.04140625
21 0.49296875 0.07890625 0.04375 0.0578125
22 0.534375 0.559375 0.0859375 0.05234375
23 0.353125 0.79765625 0.0375 0.04609375