0 0.45625 0.76328125 0.24609375 0.16640625
0 0.6765625 0.28125 0.2015625 0.09609375
1 0.19921875 0.62890625 0.11640625 0.203125
1 0.28046875 0.684375 0.09296875 0.25390625
2 0.76171875 0.634375 0.1421875 0.10859375
2 0.71640625 0.47265625 0.2015625 0.0765625
3 0.33671875 0.12734375 0.15625 0.17109375
3 0.75 0.521875 0.17265625 0.09140625
4 0.48203125 0.25703125 0.0984375 0.134375
4 0.51015625 0.4890625 0.17421875 0.0546875
8 0.8328125 0.19765625 0.075 0.20625
8 0.153125 0.4390625 0.10390625 0.146875
9 0.4 0.16171875 0.146875 0.10859375
9 0.42109375 0.5984375 0.16171875 0.078125
10 0.721875 0.24375 0.1078125 0.1359375
10 0.73828125 0.46171875 0.0984375 0.1375
11 0.3890625 0.26875 0.13671875 0.0671875
11 0.23828125 0.2375 0.13984375 0.05625
5 0.43203125 0.23125 0.0625 0.14375
5 0.3265625 0.3046875 0.12421875 0.0875
6 0.5078125 0.6296875 0.075 0.146875
6 0.5484375 0.33203125 0.13984375 0.0828125
7 0.6171875 0.7609375 0.0453125 0.16171875
7 0.246875 0.71953125 0.1421875 0.05625
12 0.72265625 0.134375 0.0625 0.128125
12 0.42109375 0.73984375 0.0625 0.128125
13 0.12265625 0.60546875 0.10625 0.0640625
13 0.834375 0.51328125 0.10390625 0.078125
14 0.18671875 0.35703125 0.11328125 0.075
14 0.3078125 0.66171875 0.07578125 0.10234375
15 0.384375 0.44765625 0.09140625 0.09921875
15 0.69453125 0.4078125 0.05234375 0.10078125
16 0.19296875 0.65 0.10390625 0.0609375
16 0.7125 0.3453125 0.09375 0.04765625
17 0.4890625 0.2703125 0.03984375 0.08984375
17 0.578125 0.37421875 0.06640625 0.09453125
18 0.80703125 0.56640625 0.08125 0.05234375
18 0.7015625 0.3078125 0.06796875 0.065625
19 0.1875 0.45859375 0.06796875 0.0734375
19 0.5640625 0.6875 0.06640625 0.065625
20 0.74765625 0.56953125 0.0453125 0.0625
20 0.32421875 0.3640625 0.05390625 0.04453125
21 0.2546875 0.3234375 0.0578125 0.05625
21 0.60078125 0.51875 0.03984375 0.08125
22 0.30390625 0.40390625 0.12734375 0.11484375
23 0.23046875 0.41640625 0.07890625 0.04609375