0 0.275 0.265625 0.10234375 0.159375
0 0.13984375 0.63125 0.11953125 0.1203125
1 0.65859375 0.70390625 0.14453125 0.096875
1 0.57421875 0.79609375 0.1328125 0.1078125
2 0.275 0.25078125 0.12734375 0.09375
2 0.39921875 0.69453125 0.06484375 0.134375
3 0.315625 0.85234375 0.11796875 0.103125
3 0.7140625 0.6828125 0.11640625 0.07578125
4 0.17109375 0.6890625 0.05546875 0.13359375
4 0.646875 0.5421875 0.03359375 0.11953125
8 0.57421875 0.11875 0.12265625 0.065625
8 0.43125 0.7765625 0.078125 0.1
9 0.340625 0.2078125 0.07734375 0.08671875
9 0.86015625 0.4765625 0.05390625 0.12265625
10 0.43125 0.41328125 0.034375 0.10234375
10 0.91015625 0.30234375 0.06171875 0.090625
11 0.5125 0.4171875 0.084375 0.04921875
11 0.890625 0.3828125 0.1140625 0.046875
5 0.334375 0.696875 0.06953125 0.053125
5 0.68125 0.7640625 0.04453125 0.1
6 0.52421875 0.5109375 0.03671875 0.1
6 0.25 0.71328125 0.09453125 0.07109375
7 0.08828125 0.32109375 0.10078125 0.08359375
7 0.584375 0.41015625 0.0703125 0.0796875
12 0.503125 0.0984375 0.09453125 0.05390625
12 0.15625 0.38515625 0.0953125 0.04609375
13 0.2375 0.79609375 0.0890625 0.06875
13 0.4953125 0.64765625 0.08125 0.0328125
14 0.38359375 0.6578125 0.08671875 0.03359375
14 0.1984375 0.3125 0.03671875 0.08046875
15 0.4765625 0.20078125 0.034375 0.07265625
15 0.61640625 0.49609375 0.03984375 0.0671875
16 0.484375 0.603125 0.06328125 0.04296875
16 0.48984375 0.88046875 0.03671875 0.08359375
17 0.92421875 0.62109375 0.096875 0.05234375
17 0.39296875 0.42265625 0.06328125 0.040625
18 0.234375 0.8296875 0.0453125 0.046875
18 0.56171875 0.7859375 0.03984375 0.04765625
19 0.6296875 0.5921875 0.034375 0.046875
19 0.4953125 0.434375 0.059375 0.0328125
20 0.17578125 0.77734375 0.028125 0.0578125
20 0.7625 0.64921875 0.05546875 0.03671875
21 0.18671875 0.42421875 0.04765625 0.05234375
21 0.45625 0.2375 0.06171875 0.03046875
22 0.30234375 0.61953125 0.06640625 0.10625
22 0.51328125 0.77421875 0.11328125 0.0640625