0 0.62109375 0.50703125 0.0734375 0.10546875
0 0.0875 0.15 0.11953125 0.109375
1 0.57109375 0.7515625 0.08671875 0.121875
1 0.15625 0.23046875 0.078125 0.1171875
2 0.22734375 0.26875 0.0609375 0.08515625
2 0.7625 0.165625 0.05546875 0.14765625
3 0.23984375 0.65078125 0.084375 0.06953125
3 0.1671875 0.696875 0.07421875 0.084375
4 0.46484375 0.37578125 0.07109375 0.08671875
4 0.76640625 0.159375 0.0703125 0.0984375
8 0.821875 0.7015625 0.05703125 0.10234375
8 0.165625 0.24140625 0.0796875 0.09296875
9 0.7234375 0.6796875 0.0609375 0.0796875
9 0.721875 0.48125 0.05859375 0.1109375
10 0.87578125 0.3703125 0.06328125 0.0609375
10 0.63984375 0.15546875 0.0375 0.1140625
11 0.0578125 0.62109375 0.08125 0.0609375
11 0.5609375 0.1546875 0.03125 0.09453125
5 0.79140625 0.86953125 0.0734375 0.065625
5 0.89609375 0.4171875 0.06875 0.0796875
6 0.1609375 0.471875 0.0328125 0.096875
6 0.56328125 0.78828125 0.04140625 0.07421875
7 0.0875 0.33359375 0.05234375 0.06953125
7 0.65625 0.57890625 0.06484375 0.05
12 0.85 0.765625 0.05546875 0.0703125
12 0.4375 0.1765625 0.0375 0.1
13 0.2328125 0.7078125 0.05859375 0.0546875
13 0.05078125 0.678125 0.0546875 0.05625
14 0.06875 0.27890625 0.05 0.075
14 0.55703125 0.50859375 0.06484375 0.03984375
15 0.3078125 0.5421875 0.03359375 0.06875
15 0.21171875 0.503125 0.04375 0.05078125
16 0.284375 0.59765625 0.0390625 0.0625
16 0.3765625 0.52421875 0.02890625 0.08515625
17 0.42734375 0.65 0.0453125 0.0640625
17 0.17265625 0.4171875 0.03984375 0.0609375
18 0.0328125 0.290625 0.0359375 0.06171875
18 0.2921875 0.66484375 0.02578125 0.05546875
19 0.0390625 0.571875 0.04453125 0.06328125
19 0.16953125 0.11875 0.040625 0.04765625
20 0.10390625 0.36640625 0.02890625 0.04375
20 0.92265625 0.91640625 0.0546875 0.04375
21 0.51875 0.6734375 0.040625 0.046875
21 0.2609375 0.21640625 0.0328125 0.0515625
22 0.6109375 0.6171875 0.05234375 0.0796875
23 0.95703125 0.5546875 0.04609375 0.0625