0 0.1171875 0.621875 0.1328125 0.21953125
0 0.7984375 0.52421875 0.10390625 0.15
1 0.76875 0.74453125 0.11484375 0.18359375
1 0.57890625 0.74140625 0.11328125 0.19453125
2 0.6921875 0.7796875 0.05234375 0.18046875
2 0.73515625 0.64765625 0.1578125 0.0875
3 0.1953125 0.7828125 0.125 0.1203125
3 0.33828125 0.49453125 0.0828125 0.1484375
4 0.4546875 0.63203125 0.0703125 0.134375
4 0.88046875 0.86171875 0.1578125 0.1109375
8 0.5703125 0.36484375 0.1484375 0.0453125
8 0.6828125 0.54296875 0.0453125 0.15078125
9 0.103125 0.7296875 0.14375 0.10703125
9 0.578125 0.3 0.13515625 0.06875
10 0.63984375 0.41640625 0.08515625 0.090625
10 0.61640625 0.81484375 0.04296875 0.14609375
11 0.496875 0.68515625 0.03984375 0.134375
11 0.48046875 0.57578125 0.08984375 0.08671875
5 0.41953125 0.73125 0.08671875 0.10859375
5 0.21015625 0.390625 0.05390625 0.1546875
6 0.22265625 0.73203125 0.08984375 0.11484375
6 0.53984375 0.43125 0.09609375 0.10078125
7 0.65390625 0.14609375 0.0984375 0.1203125
7 0.55 0.33515625 0.115625 0.04296875
12 0.6296875 0.475 0.0796875 0.04375
12 0.72578125 0.471875 0.0546875 0.103125
13 0.5796875 0.56953125 0.0875 0.07109375
13 0.40625 0.5125 0.078125 0.06953125
14 0.403125 0.5609375 0.07265625 0.075
14 0.590625 0.4265625 0.05703125 0.08125
15 0.765625 0.36875 0.08515625 0.059375
15 0.64296875 0.6984375 0.03828125 0.0875
16 0.29296875 0.5828125 0.078125 0.0734375
16 0.2 0.6453125 0.084375 0.0359375
17 0.14453125 0.1765625 0.08671875 0.059375
17 0.3265625 0.56015625 0.05703125 0.071875
18 0.56328125 0.71953125 0.06328125 0.05
18 0.50625 0.53984375 0.0640625 0.065625
19 0.6640625 0.27890625 0.05234375 0.06953125
19 0.1953125 0.60546875 0.065625 0.03984375
20 0.67734375 0.44609375 0.04453125 0.0453125
20 0.61171875 0.621875 0.03359375 0.059375
21 0.55703125 0.50546875 0.0515625 0.04765625
21 0.12421875 0.59921875 0.05390625 0.07109375
22 0.6265625 0.5625 0.10390625 0.05390625
22 0.740625 0.3390625 0.121875 0.06171875