0 0.60390625 0.6484375 0.2046875 0.10546875
0 0.7859375 0.5015625 0.0875 0.2015625
1 0.703125 0.2265625 0.13515625 0.178125
1 0.57734375 0.284375 0.18515625 0.08515625
2 0.74453125 0.76953125 0.10703125 0.1734375
2 0.22734375 0.12890625 0.14453125 0.11640625
3 0.52734375 0.44296875 0.05390625 0.1578125
3 0.2953125 0.5828125 0.14140625 0.10390625
4 0.56328125 0.1984375 0.1265625 0.10859375
4 0.1703125 0.28984375 0.0484375 0.1453125
8 0.09453125 0.3953125 0.1171875 0.12265625
8 0.44765625 0.13203125 0.11484375 0.10078125
9 0.70859375 0.21328125 0.06484375 0.1390625
9 0.3484375 0.2265625 0.121875 0.08515625
10 0.5265625 0.85703125 0.13125 0.05703125
10 0.18125 0.50390625 0.05 0.12265625
11 0.2234375 0.36640625 0.121875 0.05078125
11 0.45859375 0.7640625 0.121875 0.0390625
5 0.60078125 0.509375 0.09921875 0.09921875
5 0.9171875 0.37734375 0.07265625 0.1328125
6 0.82734375 0.29609375 0.121875 0.04765625
6 0.2328125 0.41640625 0.0796875 0.08046875
7 0.83984375 0.20390625 0.121875 0.06328125
7 0.0953125 0.45703125 0.10703125 0.08046875
12 0.4484375 0.7609375 0.0484375 0.11953125
12 0.36484375 0.61953125 0.06484375 0.09609375
13 0.13671875 0.71875 0.06640625 0.09765625
13 0.13125 0.628125 0.05703125 0.09609375
14 0.85234375 0.43515625 0.07265625 0.09296875
14 0.54609375 0.74375 0.10078125 0.05078125
15 0.5171875 0.79140625 0.0765625 0.06171875
15 0.26171875 0.24453125 0.05390625 0.08984375
16 0.765625 0.35390625 0.0734375 0.07578125
16 0.3328125 0.37890625 0.0484375 0.09296875
17 0.52890625 0.89765625 0.084375 0.04609375
17 0.78046875 0.21796875 0.06640625 0.07421875
18 0.746875 0.46171875 0.06640625 0.06328125
18 0.5796875 0.365625 0.06640625 0.05859375
19 0.209375 0.20625 0.0453125 0.07109375
19 0.31484375 0.1421875 0.0421875 0.07421875
20 0.2015625 0.2890625 0.0453125 0.05078125
20 0.17265625 0.825 0.0734375 0.06171875
21 0.35625 0.253125 0.05234375 0.06328125
21 0.6125 0.93828125 0.0734375 0.06171875
22 0.409375 0.1265625 0.11484375 0.09921875
23 0.70078125 0.70390625 0.05859375 0.04765625