0 0.5375 0.11484375 0.1390625 0.14296875
0 0.325 0.4828125 0.12890625 0.190625
1 0.58203125 0.35703125 0.2234375 0.1234375
1 0.27421875 0.54453125 0.14765625 0.096875
2 0.49453125 0.8109375 0.11015625 0.1390625
2 0.453125 0.51875 0.0640625 0.19765625
3 0.3609375 0.46875 0.14609375 0.12109375
3 0.09453125 0.540625 0.125 0.18828125
4 0.64375 0.37890625 0.1515625 0.1234375
4 0.63828125 0.4828125 0.15234375 0.065625
8 0.67421875 0.75078125 0.134375 0.1078125
8 0.65 0.45703125 0.07578125 0.18671875
9 0.74609375 0.20078125 0.175 0.06484375
9 0.8078125 0.55390625 0.08515625 0.08828125
10 0.578125 0.78046875 0.078125 0.14765625
10 0.78046875 0.6515625 0.096875 0.084375
11 0.20546875 0.63359375 0.10234375 0.07890625
11 0.5953125 0.615625 0.0796875 0.1359375
5 0.21171875 0.57109375 0.13125 0.07734375
5 0.459375 0.696875 0.10859375 0.10390625
6 0.67890625 0.72734375 0.0890625 0.10703125
6 0.4984375 0.6078125 0.11015625 0.065625
7 0.49609375 0.2109375 0.134375 0.07578125
7 0.734375 0.65625 0.05078125 0.13203125
12 0.5125 0.3015625 0.10625 0.05234375
12 0.75859375 0.37421875 0.05078125 0.11953125
13 0.38046875 0.76015625 0.1125 0.07734375
13 0.32734375 0.2765625 0.05703125 0.1125
14 0.42578125 0.27421875 0.08125 0.07734375
14 0.303125 0.70234375 0.08203125 0.0984375
15 0.896875 0.403125 0.09140625 0.08984375
15 0.3578125 0.4671875 0.08359375 0.07734375
16 0.165625 0.403125 0.06484375 0.09296875
16 0.334375 0.3625 0.07265625 0.07265625
17 0.3296875 0.61953125 0.08203125 0.06484375
17 0.878125 0.90546875 0.0875 0.07734375
18 0.121875 0.44296875 0.08125 0.06015625
18 0.20390625 0.415625 0.04609375 0.07890625
19 0.4078125 0.67421875 0.071875 0.053125
19 0.809375 0.353125 0.08359375 0.0578125
20 0.246875 0.39296875 0.0453125 0.0671875
20 0.42734375 0.5453125 0.05703125 0.0578125
21 0.38671875 0.34375 0.05546875 0.065625
21 0.69765625 0.63046875 0.04375 0.07578125
22 0.48359375 0.721875 0.10859375 0.10703125
22 0.565625 0.2828125 0.0640625 0.1359375