0 0.80625 0.82109375 0.09140625 0.24453125
0 0.54453125 0.27890625 0.3 0.0875
1 0.359375 0.1890625 0.240625 0.115625
1 0.5015625 0.73984375 0.14609375 0.21640625
2 0.55234375 0.190625 0.2484375 0.07734375
2 0.34375 0.2984375 0.22890625 0.075
3 0.82265625 0.52578125 0.20703125 0.078125
3 0.78125 0.68125 0.209375 0.05
4 0.76875 0.5375 0.20546875 0.0734375
4 0.83203125 0.675 0.12265625 0.16875
8 0.63125 0.24453125 0.1375 0.0796875
8 0.10546875 0.34375 0.134375 0.146875
9 0.32734375 0.49765625 0.1015625 0.11171875
9 0.7078125 0.2984375 0.11484375 0.14921875
10 0.11015625 0.534375 0.13125 0.11875
10 0.23203125 0.60078125 0.09140625 0.1234375
11 0.17421875 0.359375 0.165625 0.06171875
11 0.69609375 0.28203125 0.1609375 0.04140625
5 0.821875 0.63359375 0.1640625 0.05546875
5 0.703125 0.42578125 0.05 0.13671875
6 0.76640625 0.34296875 0.0859375 0.08125
6 0.7921875 0.7625 0.128125 0.109375
7 0.675 0.9109375 0.159375 0.07109375
7 0.184375 0.640625 0.12109375 0.103125
12 0.50703125 0.453125 0.103125 0.0875
12 0.51796875 0.61015625 0.11640625 0.05625
13 0.24375 0.4046875 0.1328125 0.065625
13 0.58359375 0.11640625 0.103125 0.09921875
14 0.4390625 0.421875 0.1109375 0.07578125
14 0.62578125 0.81328125 0.1109375 0.075
15 0.496875 0.359375 0.08984375 0.08203125
15 0.79296875 0.43828125 0.05625 0.08359375
16 0.39375 0.52109375 0.08984375 0.08203125
16 0.8421875 0.34453125 0.059375 0.09765625
17 0.42890625 0.1734375 0.1015625 0.05
17 0.321875 0.5953125 0.05 0.08125
18 0.29296875 0.4671875 0.084375 0.04921875
18 0.83515625 0.278125 0.084375 0.059375
19 0.73359375 0.55859375 0.0515625 0.06953125
19 0.30703125 0.315625 0.0828125 0.05546875
20 0.5875 0.6875 0.06640625 0.04609375
20 0.490625 0.69921875 0.05 0.04375
21 0.3609375 0.3578125 0.06328125 0.04609375
21 0.53125 0.5859375 0.0578125 0.05546875
22 0.29296875 0.3953125 0.1046875 0.14453125
23 0.6109375 0.52109375 0.084375 0.03828125