0 0.1828125 0.3109375 0.11875 0.2359375
0 0.43359375 0.7328125 0.17421875 0.16015625
1 0.35625 0.2375 0.08671875 0.21953125
1 0.17578125 0.68203125 0.15078125 0.14453125
2 0.525 0.43203125 0.1078125 0.121875
2 0.57578125 0.24765625 0.134375 0.15625
3 0.71953125 0.74453125 0.08125 0.2078125
3 0.5671875 0.7640625 0.06640625 0.1796875
4 0.23203125 0.35859375 0.09765625 0.1578125
4 0.4953125 0.1453125 0.1671875 0.0578125
8 0.37421875 0.815625 0.15234375 0.08828125
8 0.5859375 0.334375 0.13828125 0.1328125
9 0.41875 0.5140625 0.08515625 0.0828125
9 0.5140625 0.72578125 0.06171875 0.16171875
10 0.16796875 0.54609375 0.08125 0.08515625
10 0.70546875 0.39140625 0.0890625 0.09609375
11 0.3921875 0.59296875 0.1078125 0.06953125
11 0.70859375 0.46484375 0.12265625 0.06640625
5 0.56953125 0.73515625 0.1140625 0.06171875
5 0.31875 0.12890625 0.13359375 0.0515625
6 0.8640625 0.3328125 0.08671875 0.11484375
6 0.64375 0.36171875 0.11640625 0.06640625
7 0.6171875 0.79453125 0.046875 0.13125
7 0.3453125 0.4203125 0.065625 0.125
12 0.84296875 0.68671875 0.09375 0.0984375
12 0.5 0.89921875 0.0609375 0.1078125
13 0.31875 0.54765625 0.06640625 0.09140625
13 0.39296875 0.334375 0.0640625 0.103125
14 0.31015625 0.39609375 0.04453125 0.11171875
14 0.375 0.9015625 0.0578125 0.09140625
15 0.17265625 0.2734375 0.06796875 0.08984375
15 0.6765625 0.67109375 0.0953125 0.03984375
16 0.62109375 0.371875 0.053125 0.1046875
16 0.59609375 0.43671875 0.0515625 0.08671875
17 0.27109375 0.47109375 0.07578125 0.04140625
17 0.32421875 0.87109375 0.07421875 0.06015625
18 0.13125 0.46875 0.084375 0.0578125
18 0.24296875 0.6828125 0.04296875 0.075
19 0.075 0.4125 0.06328125 0.0703125
19 0.346875 0.50703125 0.0609375 0.06640625
20 0.4703125 0.94921875 0.0609375 0.03671875
20 0.4390625 0.9078125 0.05703125 0.04296875
21 0.34609375 0.834375 0.06171875 0.0578125
21 0.48828125 0.36640625 0.03203125 0.06796875
22 0.47890625 0.45546875 0.1125 0.08125
23 0.11640625 0.3703125 0.0421875 0.075