0 0.1421875 0.33203125 0.1390625 0.17421875
0 0.3875 0.72734375 0.10546875 0.11640625
1 0.67265625 0.528125 0.0859375 0.153125
1 0.6296875 0.746875 0.08046875 0.1390625
2 0.22578125 0.30546875 0.09921875 0.153125
2 0.30625 0.13671875 0.08125 0.11328125
3 0.60703125 0.2796875 0.059375 0.17265625
3 0.15390625 0.3640625 0.0703125 0.16953125
4 0.38359375 0.25078125 0.0828125 0.12421875
4 0.25859375 0.51484375 0.08046875 0.12578125
8 0.4546875 0.8921875 0.1015625 0.11953125
8 0.71171875 0.1234375 0.0515625 0.16640625
9 0.1859375 0.85859375 0.09140625 0.1109375
9 0.6140625 0.56875 0.0828125 0.0921875
10 0.315625 0.228125 0.0609375 0.1015625
10 0.553125 0.43828125 0.06796875 0.1015625
11 0.21328125 0.71015625 0.05859375 0.08515625
11 0.5171875 0.28046875 0.06953125 0.08046875
5 0.465625 0.575 0.078125 0.12109375
5 0.74140625 0.22421875 0.07578125 0.07734375
6 0.11796875 0.5828125 0.09921875 0.059375
6 0.6984375 0.71796875 0.06171875 0.11640625
7 0.68828125 0.29375 0.0484375 0.12890625
7 0.49296875 0.82890625 0.09375 0.0609375
12 0.66328125 0.90078125 0.08125 0.06953125
12 0.2703125 0.8140625 0.06953125 0.0890625
13 0.2390625 0.82109375 0.05703125 0.103125
13 0.08671875 0.33203125 0.0703125 0.1
14 0.4734375 0.3265625 0.0546875 0.07265625
14 0.4078125 0.12734375 0.059375 0.06796875
15 0.53984375 0.36484375 0.0609375 0.08359375
15 0.38046875 0.88984375 0.071875 0.06328125
16 0.45390625 0.64765625 0.0453125 0.1015625
16 0.80546875 0.42109375 0.0453125 0.103125
17 0.4671875 0.43203125 0.0609375 0.0609375
17 0.88515625 0.3390625 0.06484375 0.06796875
18 0.046875 0.4828125 0.0453125 0.0921875
18 0.73203125 0.6390625 0.03984375 0.08671875
19 0.19296875 0.90859375 0.05078125 0.07265625
19 0.20859375 0.45390625 0.0515625 0.059375
20 0.1109375 0.62109375 0.0328125 0.07109375
20 0.50859375 0.43671875 0.03671875 0.0578125
21 0.57265625 0.80078125 0.0484375 0.07265625
21 0.96796875 0.46640625 0.0421875 0.07734375
22 0.34140625 0.625 0.1015625 0.06328125
22 0.578125 0.48671875 0.05703125 0.109375