0 0.58125 0.33046875 0.09609375 0.1046875
0 0.58984375 0.1296875 0.06328125 0.10703125
1 0.51484375 0.1578125 0.06953125 0.1546875
1 0.6328125 0.29453125 0.06484375 0.10234375
2 0.6828125 0.68828125 0.04140625 0.14765625
2 0.63984375 0.10703125 0.0375 0.14453125
3 0.915625 0.1953125 0.0484375 0.14765625
3 0.66640625 0.271875 0.07578125 0.0625
4 0.68671875 0.41171875 0.06328125 0.090625
4 0.4609375 0.5234375 0.07109375 0.10078125
8 0.059375 0.79296875 0.09296875 0.09765625
8 0.6046875 0.4046875 0.06328125 0.06328125
9 0.734375 0.403125 0.0296875 0.10234375
9 0.48359375 0.28046875 0.0515625 0.09765625
10 0.84140625 0.32734375 0.03359375 0.1
10 0.64296875 0.42734375 0.05625 0.0703125
11 0.5453125 0.315625 0.06328125 0.03515625
11 0.21328125 0.35703125 0.06953125 0.0625
5 0.42421875 0.22578125 0.0625 0.0875
5 0.51171875 0.090625 0.0609375 0.08046875
6 0.58359375 0.06796875 0.06640625 0.04296875
6 0.8140625 0.09140625 0.05234375 0.103125
7 0.61484375 0.740625 0.071875 0.05078125
7 0.80546875 0.40078125 0.0484375 0.0828125
12 0.78359375 0.5734375 0.06875 0.03984375
12 0.4234375 0.54375 0.0453125 0.071875
13 0.721875 0.1796875 0.053125 0.04765625
13 0.66640625 0.36796875 0.0546875 0.028125
14 0.57421875 0.5015625 0.03515625 0.0828125
14 0.5484375 0.20703125 0.0484375 0.040625
15 0.753125 0.36328125 0.0265625 0.071875
15 0.69609375 0.41953125 0.03359375 0.05703125
16 0.77578125 0.359375 0.021875 0.06796875
16 0.21953125 0.41796875 0.05625 0.03828125
17 0.1609375 0.3984375 0.03125 0.08515625
17 0.74296875 0.234375 0.0171875 0.0625
18 0.67109375 0.3640625 0.0171875 0.06015625
18 0.59453125 0.6546875 0.040625 0.03203125
19 0.5859375 0.6875 0.0390625 0.03828125
19 0.775 0.26328125 0.0328125 0.05546875
20 0.76484375 0.209375 0.03359375 0.03671875
20 0.5609375 0.27265625 0.03203125 0.040625
21 0.63671875 0.63828125 0.04140625 0.03984375
21 0.58828125 0.62578125 0.03359375 0.03515625
22 0.8140625 0.1109375 0.0609375 0.08984375
22 0.70546875 0.31796875 0.04921875 0.084375